8,10.865556,-3.072778,17,7,837,1096
9,13.2829,30.4783,20,7,1159,806
id,Date,8-day daytime 1km grid Land-surface Temperature,Quality control for daytime LST and emissivity,Average time of daytime Land-surface Temperature observation,Average view zenith angle of daytime Land-surface Temperature,8-day nighttime 1km grid Land-surface Temperature,Quality control for nighttime LST and emissivity,Average time of nighttime Land-surface Temperature observation,Average view zenith angle of nighttime Land-surface Temperature,Band 31 emissivity,Band 32 emissivity,the days in clear-sky conditions and with validate LSTs,the nights in clear-sky conditions and with validate LSTs,actual_date
8,2000/03/05,15700,0,109,62,14742,0,228,78,246,248,255,223,N\A
8,2000/03/13,15668,0,109,60,14740,0,226,60,246,248,14,172,N\A
8,2000/03/21,16027,0,110,81,14714,0,227,72,246,248,59,31,N\A
8,2000/03/29,15745,0,107,48,14920,0,224,32,246,248,74,132,N\A
8,2000/04/06,16047,0,109,62,14943,0,226,62,246,248,129,64,N\A
8,2000/04/14,16090,0,109,63,14873,0,226,57,246,248,66,33,N\A
8,2000/04/22,0,2,255,255,14830,0,223,25,246,248,0,2,N\A
8,2000/04/30,15905,65,110,84,14922,0,225,47,246,248,64,164,N\A
8,2000/05/08,15300,65,112,98,14891,0,229,94,246,248,130,208,N\A
8,2000/05/16,15651,0,106,30,14934,0,223,25,246,248,10,5,N\A
8,2000/05/24,15282,0,105,21,14850,0,225,43,246,248,20,66,N\A
8,2000/06/01,15114,65,110,74,14843,0,228,90,246,248,94,138,N\A
8,2000/06/09,15028,0,107,49,14804,0,226,66,246,247,83,70,N\A
8,2000/06/17,15002,65,109,60,14833,0,225,48,246,248,14,128,N\A
8,2000/06/25,15198,65,108,61,14777,0,225,47,246,248,13,46,N\A
8,2000/07/03,14988,65,112,107,14739,0,227,71,246,248,16,38,N\A
8,2000/07/11,15149,65,106,29,14665,65,230,111,246,248,4,4,N\A
8,2000/07/19,14825,65,112,106,14726,0,220,3,247,248,16,16,N\A
8,2000/07/27,14906,65,111,83,14788,0,227,75,246,248,38,80,N\A
8,2000/08/04,15067,0,107,40,0,2,255,255,245,247,2,0,N\A
8,2000/08/12,0,2,255,255,0,2,255,255,0,0,0,0,N\A
8,2000/08/20,14897,0,103,6,14682,65,230,111,246,248,32,10,N\A
8,2000/08/28,14963,65,106,43,14733,0,226,69,246,248,193,92,N\A
8,2000/09/05,14871,65,103,6,14786,0,227,78,246,248,32,32,N\A
8,2000/09/13,14879,65,114,121,14689,0,224,36,246,248,10,72,N\A
8,2000/09/21,15062,0,109,63,14747,0,222,16,246,248,66,4,N\A
8,2000/09/29,15008,0,108,59,14694,0,227,75,246,248,248,22,N\A
8,2000/10/07,15108,0,107,45,14715,65,223,29,246,248,96,145,N\A
8,2000/10/15,14930,0,106,39,14664,0,223,24,246,248,197,2,N\A
8,2000/10/23,15140,65,109,74,14692,0,226,58,246,248,76,51,N\A
8,2000/10/31,15405,0,108,62,14541,0,229,94,246,248,255,208,N\A
8,2000/11/08,15519,0,108,67,14772,0,225,44,246,248,124,165,N\A
8,2000/11/16,15447,0,108,62,14541,0,229,88,246,248,127,134,N\A
8,2000/11/24,15675,0,108,62,14503,0,225,49,246,248,126,183,N\A
8,2000/12/02,15616,0,110,86,14532,0,228,74,246,248,174,3,N\A
8,2000/12/10,15506,0,108,67,14546,65,225,43,246,248,124,165,N\A
8,2000/12/18,15766,0,107,58,14547,0,227,71,246,248,223,222,N\A
8,2000/12/26,15838,0,107,58,14553,0,226,59,246,247,62,63,N\A
8,2001/01/01,15749,0,109,74,14543,0,226,59,246,248,253,120,N\A
8,2001/01/09,15788,0,107,58,14545,0,227,68,246,248,248,254,N\A
8,2001/01/17,15798,0,110,84,14574,0,227,67,246,248,189,126,N\A
8,2001/01/25,15766,0,107,60,14580,0,226,61,246,248,250,247,N\A
8,2001/02/02,15691,0,107,59,14544,0,226,59,246,248,117,110,N\A
8,2001/02/10,15569,0,106,52,14519,0,227,68,246,248,251,255,N\A
8,2001/02/18,16010,0,109,82,14641,0,227,68,246,248,237,126,N\A
8,2001/02/26,15879,0,107,60,14731,0,226,63,246,248,123,223,N\A
8,2001/03/06,16022,0,109,71,14646,0,226,67,246,248,252,126,N\A
8,2001/03/14,15992,0,108,68,14761,0,225,55,246,248,218,229,N\A
8,2001/03/22,15610,0,107,52,14786,0,224,48,246,248,112,56,N\A
8,2001/03/30,15936,0,110,88,14761,0,225,56,246,248,66,28,N\A
8,2001/04/07,15971,0,109,73,14976,0,229,94,246,248,29,22,N\A
8,2001/04/15,15959,0,109,74,14843,0,225,65,245,247,72,176,N\A
8,2001/04/23,16050,0,109,84,14843,0,224,48,246,248,1,56,N\A
8,2001/05/01,15091,65,111,106,0,2,255,255,246,248,64,0,N\A
8,2001/05/09,0,2,255,255,15090,0,224,47,246,248,0,2,N\A
8,2001/05/17,15492,65,109,83,14829,65,225,66,246,248,112,25,N\A
8,2001/05/25,15241,0,111,100,14870,0,224,51,245,247,33,46,N\A
8,2001/06/02,15150,65,104,19,14662,0,223,47,246,248,32,100,N\A
8,2001/06/10,15223,0,108,70,14866,0,224,48,246,248,5,2,N\A
8,2001/06/26,0,2,255,255,0,2,255,255,0,0,0,0,N\A
8,2001/07/04,14945,65,111,95,14807,0,221,15,246,248,18,16,N\A
8,2001/07/12,15220,0,109,76,14623,0,231,124,246,248,132,4,N\A
8,2001/07/20,14768,65,109,83,14817,0,226,78,246,248,112,128,N\A
8,2001/07/28,0,2,255,255,14769,0,225,58,246,248,0,72,N\A
8,2001/08/05,14918,65,106,45,14793,0,222,34,246,248,34,65,N\A
8,2001/08/13,0,2,255,255,14739,0,226,69,246,248,0,24,N\A
8,2001/08/21,14902,65,105,42,14580,0,228,83,246,248,8,6,N\A
8,2001/08/29,0,2,255,255,14772,0,222,24,245,247,0,8,N\A
8,2001/09/06,0,2,255,255,14740,65,227,86,246,248,0,166,N\A
8,2001/09/14,14848,65,106,55,14587,0,231,124,246,248,209,4,N\A
8,2001/09/22,15059,0,105,43,14752,0,225,58,246,248,42,133,N\A
8,2001/09/30,15056,0,107,64,14672,0,224,49,246,248,220,98,N\A
8,2001/10/08,15209,0,106,59,14740,0,227,90,246,248,248,160,N\A
8,2001/10/16,15422,0,108,74,14796,0,224,57,246,248,253,122,N\A
8,2001/10/24,15428,0,105,52,14674,0,224,59,246,248,251,253,N\A
8,2001/11/01,15737,0,108,74,14658,0,224,59,246,248,253,110,N\A
8,2001/11/09,15578,0,106,53,14703,0,225,68,246,248,243,195,N\A
8,2001/11/17,15675,0,107,61,14651,0,225,68,246,248,93,126,N\A
8,2001/11/25,15656,0,105,52,14607,0,223,52,246,248,251,241,N\A
8,2001/12/03,15699,0,108,74,14554,0,227,101,246,248,253,80,N\A
8,2001/12/11,15812,0,107,71,14612,0,225,69,246,248,122,188,N\A
8,2001/12/19,15823,0,108,73,14678,0,224,59,245,247,253,120,N\A
8,2001/12/27,15809,0,106,58,14621,0,225,72,246,248,27,31,N\A
8,2002/01/01,15707,0,106,56,14569,0,223,61,246,248,46,7,N\A
8,2002/01/09,15365,0,107,65,14584,65,224,61,246,248,220,249,N\A
8,2002/01/17,15695,0,106,61,14649,0,225,70,246,248,239,247,N\A
8,2002/01/25,15569,0,107,69,14637,0,224,66,246,248,143,251,N\A
8,2002/02/02,15722,0,106,60,14647,0,225,73,246,248,239,227,N\A
8,2002/02/10,15566,0,106,59,14629,0,224,61,246,248,219,249,N\A
8,2002/02/18,15987,0,107,70,14777,0,224,61,246,248,235,215,N\A
8,2002/02/26,15866,0,106,64,14780,0,222,42,246,248,155,171,N\A
8,2002/03/06,16016,0,105,52,14936,0,225,77,246,248,163,179,N\A
8,2002/03/14,15653,0,106,63,14725,0,229,110,246,248,3,18,N\A
8,2002/03/22,0,2,255,255,0,2,255,255,0,0,0,0,N\A
8,2002/03/30,15962,0,106,65,15000,0,223,50,245,247,19,3,N\A
8,2002/04/07,15385,0,105,54,14823,65,225,76,246,248,32,4,N\A
8,2002/04/15,15794,0,109,96,14810,0,226,90,246,248,2,1,N\A
8,2002/04/23,15577,0,106,58,14829,0,222,44,246,248,171,83,N\A
8,2002/05/01,0,2,255,255,14917,0,226,76,246,248,0,96,N\A
8,2002/05/09,15646,0,107,68,14727,0,222,43,246,248,170,67,N\A
8,2002/05/17,15496,65,104,41,14886,65,225,77,246,248,18,10,N\A
8,2002/05/25,15769,0,107,70,14929,0,226,85,245,247,11,149,N\A
8,2002/06/02,15428,0,109,92,14780,0,229,119,246,248,193,64,N\A
8,2002/06/10,14888,0,109,78,14780,0,227,94,246,248,192,132,N\A
8,2002/06/18,15149,0,106,59,14776,0,227,82,246,248,83,48,N\A
8,2002/06/26,15317,0,105,42,14914,0,225,77,246,248,160,4,N\A
8,2002/07/04,15116,0,109,96,14756,0,229,110,246,248,148,18,N\A
8,2002/07/12,0,2,255,255,14758,0,223,61,246,248,0,7,N\A
8,2002/07/20,0,2,255,255,14388,65,226,73,247,249,0,144,N\A
8,2002/07/28,14916,65,104,34,14775,0,221,24,246,248,161,64,N\A
8,2002/08/05,15146,0,106,55,14845,0,227,90,246,248,80,72,N\A
8,2002/08/13,14921,0,104,29,14799,0,226,90,246,248,128,5,N\A
8,2002/08/21,15131,0,108,83,14808,0,222,39,246,248,20,136,N\A
8,2002/08/29,15136,65,106,56,14773,0,227,94,246,248,168,132,N\A
8,2002/09/06,14986,65,107,69,14706,65,226,85,246,248,84,50,N\A
8,2002/09/14,15022,0,104,40,14750,0,222,40,246,248,140,6,N\A
8,2002/09/22,14991,0,105,55,14736,0,226,87,246,248,86,122,N\A
8,2002/09/30,14937,0,107,66,14701,0,222,40,246,248,198,6,N\A
8,2002/10/08,15006,0,106,67,14847,0,223,48,246,248,198,40,N\A
8,2002/10/16,15328,0,106,60,14769,0,225,72,246,248,35,213,N\A
8,2002/10/24,15491,0,107,68,14682,0,223,55,246,248,214,235,N\A
8,2002/11/01,15527,0,107,73,14714,0,226,90,246,248,203,5,N\A
8,2002/11/09,15628,0,106,64,14729,0,224,65,246,248,223,251,N\A
8,2002/11/17,15744,0,106,60,14664,0,224,64,246,248,239,246,N\A
8,2002/11/25,15722,0,106,65,14583,0,225,71,246,248,223,219,N\A
8,2002/12/03,15416,65,106,63,14543,65,226,84,246,248,100,167,N\A
8,2002/12/11,15690,0,103,31,14638,0,225,76,246,248,90,250,N\A
8,2002/12/19,15687,0,106,61,14564,0,225,69,246,248,239,243,N\A
8,2002/12/27,15660,0,105,58,14494,0,225,73,246,248,31,27,N\A
8,2003/01/01,15741,0,106,62,14559,0,223,56,246,247,126,191,N\A
8,2003/01/09,15717,0,106,60,14591,0,225,70,246,248,61,95,N\A
8,2003/01/17,15215,65,110,106,14744,65,225,77,246,248,16,32,N\A
8,2003/01/25,15533,0,106,62,14577,0,224,59,246,248,127,94,N\A
8,2003/02/02,15882,0,106,63,14699,0,224,59,246,248,126,63,N\A
8,2003/02/10,15612,0,105,48,14856,0,226,74,246,248,83,3,N\A
8,2003/02/18,15843,0,105,51,14851,0,226,89,246,248,122,40,N\A
8,2003/02/26,15681,0,107,74,14787,0,224,59,245,247,190,94,N\A
8,2003/03/06,15546,0,107,70,14653,0,225,78,246,248,12,46,N\A
8,2003/03/14,15993,0,107,67,14703,0,225,72,246,248,31,31,N\A
8,2003/03/22,15780,0,109,95,14722,0,227,98,246,248,80,34,N\A
8,2003/03/30,15866,0,107,67,14872,0,225,72,246,248,31,31,N\A
8,2003/04/07,15583,65,108,81,0,2,255,255,246,248,6,0,N\A
8,2003/04/15,15386,65,101,11,15039,0,223,43,246,248,16,66,N\A
8,2003/04/23,15948,0,107,83,14859,0,226,89,246,248,64,40,N\A
8,2003/05/01,15759,0,106,62,15069,0,224,58,246,248,255,82,N\A
8,2003/05/09,15688,65,106,70,15000,0,219,9,246,248,100,20,N\A
8,2003/05/17,15576,0,106,62,14736,65,230,124,246,248,129,1,N\A
8,2003/05/25,0,2,255,255,14916,0,222,35,245,247,0,1,N\A
8,2003/06/02,15166,65,106,63,14870,0,224,66,246,248,36,70,N\A
8,2003/06/10,15265,0,104,44,14718,0,223,54,246,248,98,57,N\A
8,2003/06/18,15231,129,109,99,14710,0,225,67,246,248,11,9,N\A
8,2003/06/26,14878,65,106,63,14542,65,218,3,246,248,60,16,N\A
8,2003/07/04,15063,0,108,92,14717,65,227,101,246,248,136,20,N\A
8,2003/07/12,0,2,255,255,14832,0,225,68,246,248,0,9,N\A
8,2003/07/20,15133,65,107,82,14751,0,220,16,246,248,160,10,N\A
8,2003/07/28,15153,0,107,73,14824,0,223,50,246,248,18,13,N\A
8,2003/08/05,15092,0,107,74,0,2,255,255,246,248,33,0,N\A
8,2003/08/13,14961,0,109,102,0,2,255,255,246,247,68,0,N\A
8,2003/08/21,14897,0,104,48,14705,0,223,49,246,248,96,24,N\A
8,2003/08/29,14779,65,107,82,14856,0,225,76,247,249,64,32,N\A
8,2003/09/06,14987,65,107,79,0,2,255,255,246,248,44,0,N\A
8,2003/09/14,14921,65,106,63,14787,65,225,76,246,248,24,32,N\A
8,2003/09/22,14936,65,106,63,14806,0,224,58,246,248,188,82,N\A
8,2003/09/30,15011,65,105,58,14740,0,223,56,246,248,62,191,N\A
8,2003/10/08,15238,0,105,61,14852,0,228,111,246,248,61,4,N\A
8,2003/10/16,15166,0,106,62,14857,0,224,60,246,248,126,172,N\A
8,2003/10/24,15293,0,105,55,14733,65,226,87,246,248,247,205,N\A
8,2003/11/01,15377,0,107,72,14809,0,226,83,246,248,30,130,N\A
8,2003/11/09,15461,0,105,60,14776,65,226,80,246,248,243,19,N\A
8,2003/11/17,15577,0,107,75,14675,0,223,55,246,248,94,57,N\A
8,2003/11/25,15695,0,106,64,14594,0,226,80,246,248,255,223,N\A
8,2003/12/03,15551,0,106,64,14603,0,224,62,246,248,126,190,N\A
8,2003/12/11,15776,0,108,78,14577,0,225,73,246,248,39,31,N\A
8,2003/12/19,15852,0,108,85,14623,0,223,49,245,247,2,4,N\A
8,2003/12/27,15487,0,107,68,14450,0,225,68,246,248,31,15,N\A
8,2004/01/01,15684,0,106,66,14572,0,226,78,246,248,247,126,N\A
8,2004/01/09,15619,0,107,70,14612,0,226,81,246,248,123,105,N\A
8,2004/01/17,15691,0,108,91,14614,0,224,61,246,248,133,144,N\A
8,2004/01/25,15785,0,106,70,14653,0,225,69,246,248,250,253,N\A
8,2004/02/02,15554,0,107,79,14601,0,225,67,246,248,149,252,N\A
8,2004/02/10,15554,0,105,57,14770,0,225,77,246,248,155,61,N\A
8,2004/02/18,15717,0,107,77,14667,0,225,74,246,248,241,244,N\A
8,2004/02/26,15747,0,104,45,14624,65,227,97,246,248,3,137,N\A
8,2004/03/05,15461,0,107,75,14628,0,224,57,246,248,245,236,N\A
8,2004/03/13,15729,0,105,57,14735,0,224,60,246,248,107,245,N\A
8,2004/03/21,15540,0,105,58,14914,0,225,67,246,248,65,120,N\A
8,2004/03/29,15477,0,105,59,14886,0,224,69,246,248,226,224,N\A
8,2004/04/06,15779,65,109,101,14942,0,223,52,246,247,129,152,N\A
8,2004/04/14,15188,65,101,11,14903,0,226,90,245,247,128,128,N\A
8,2004/04/22,15255,0,106,63,15031,65,224,61,246,248,192,2,N\A
8,2004/04/30,15412,0,109,90,14861,65,230,124,246,248,24,8,N\A
8,2004/05/08,15439,65,104,55,15081,0,224,62,246,248,7,2,N\A
8,2004/05/16,15483,0,107,83,14829,0,224,63,246,248,2,5,N\A
8,2004/05/24,15516,65,104,41,14633,0,225,68,246,248,16,120,N\A
8,2004/06/01,15227,0,103,29,14526,0,226,87,246,247,32,184,N\A
8,2004/06/09,15232,0,105,55,14707,0,223,52,246,248,20,166,N\A
8,2004/06/17,15184,0,106,70,14789,0,226,79,246,248,106,36,N\A
8,2004/06/25,15300,0,108,88,14730,0,224,59,246,248,132,96,N\A
8,2004/07/03,15016,0,107,72,14893,0,223,47,246,248,96,4,N\A
8,2004/07/11,15260,0,106,69,14704,0,224,58,246,248,4,58,N\A
8,2004/07/19,14622,65,112,127,14508,65,230,124,246,248,16,8,N\A
8,2004/07/27,0,2,255,255,14685,0,220,16,246,248,0,32,N\A
8,2004/08/04,14905,65,105,58,14675,0,226,74,246,247,73,24,N\A
8,2004/08/12,14759,65,107,74,14758,0,224,59,246,248,144,96,N\A
8,2004/08/20,15072,0,103,29,0,2,255,255,246,248,32,0,N\A
8,2004/08/28,15041,0,104,44,14726,0,227,94,246,248,68,82,N\A
8,2004/09/05,14905,65,106,68,14677,0,224,62,246,248,67,241,N\A
8,2004/09/13,15090,0,107,76,14660,65,227,88,246,248,101,52,N\A
8,2004/09/21,14937,0,107,79,14671,0,225,72,246,247,218,248,N\A
8,2004/09/29,15098,0,107,76,14686,65,226,83,246,248,245,214,N\A
8,2004/10/07,15276,0,104,50,14771,0,224,66,246,248,235,125,N\A
8,2004/10/15,15396,0,106,68,14732,0,224,66,246,248,178,50,N\A
8,2004/10/23,15196,0,106,72,14793,65,225,70,246,248,115,132,N\A
8,2004/10/31,15431,0,108,89,14647,65,217,3,247,249,176,128,N\A
8,2004/11/08,15570,0,106,61,14673,0,223,59,246,248,186,220,N\A
8,2004/11/16,15666,0,105,55,14697,0,224,66,246,248,215,254,N\A
8,2004/11/24,15467,0,105,60,14644,0,223,59,246,248,251,245,N\A
8,2004/12/02,15538,0,105,57,14597,0,224,60,246,248,119,190,N\A
8,2004/12/10,15658,0,106,69,14715,0,225,70,246,248,123,181,N\A
8,2004/12/18,15700,0,106,64,14695,0,224,66,246,248,247,254,N\A
8,2004/12/26,15636,0,105,54,14712,0,226,77,246,248,57,60,N\A
8,2005/01/01,15380,0,106,66,14583,0,224,66,246,248,87,251,N\A
8,2005/01/09,15007,0,108,84,14409,0,224,63,246,248,67,99,N\A
8,2005/01/17,15610,0,106,65,14647,0,223,55,246,248,223,235,N\A
8,2005/01/25,15497,0,106,61,14710,0,225,79,246,248,207,197,N\A
8,2005/02/02,15388,0,106,64,14654,0,225,72,246,248,223,67,N\A
8,2005/02/10,15663,0,105,52,14713,0,224,64,246,248,163,212,N\A
8,2005/02/18,15805,0,107,77,14675,0,221,37,246,248,65,131,N\A
8,2005/02/26,15222,0,100,5,14576,0,224,72,246,248,4,131,N\A
8,2005/03/06,15810,0,105,55,14792,0,221,30,246,248,80,169,N\A
8,2005/03/14,15594,0,105,54,14890,0,223,52,246,248,228,214,N\A
8,2005/03/22,15826,0,106,65,14850,0,223,51,246,248,223,201,N\A
8,2005/03/30,15643,0,105,59,14850,0,225,71,246,248,139,209,N\A
8,2005/04/07,15471,65,107,83,0,2,255,255,246,248,20,0,N\A
8,2005/04/15,15613,65,107,80,14952,0,226,83,246,248,34,97,N\A
8,2005/04/23,15804,0,107,83,14872,65,226,90,245,247,20,2,N\A
8,2005/05/01,15245,0,106,70,14822,0,223,57,246,248,235,130,N\A
8,2005/05/09,15291,0,109,106,14827,0,226,85,246,248,5,50,N\A
8,2005/05/17,15606,65,107,79,14891,0,227,90,246,248,200,225,N\A
8,2005/05/25,15093,0,101,11,0,2,255,255,246,248,2,0,N\A
8,2005/06/02,14989,65,106,62,14711,65,223,47,246,248,162,16,N\A
8,2005/06/10,14951,65,106,66,14897,65,224,61,246,248,87,8,N\A
8,2005/06/18,14961,65,107,83,14823,0,225,76,246,248,8,4,N\A
8,2005/06/26,0,2,255,255,14749,0,224,62,246,248,0,8,N\A
8,2005/07/04,14887,65,106,73,0,2,255,255,246,248,138,0,N\A
8,2005/07/12,0,2,255,255,0,2,255,255,0,0,0,0,N\A
8,2005/07/20,15192,65,107,83,14718,0,224,61,246,248,8,208,N\A
8,2005/07/28,14886,0,111,121,14778,0,224,63,246,248,128,34,N\A
8,2005/08/05,14887,65,106,62,14719,65,227,102,246,248,100,1,N\A
8,2005/08/13,0,2,255,255,14603,65,229,118,246,248,0,64,N\A
8,2005/08/21,14900,0,103,24,14771,0,223,47,246,248,129,16,N\A
8,2005/08/29,14986,65,104,40,14756,0,229,118,246,248,64,64,N\A
8,2005/09/06,14998,65,104,41,14778,0,227,91,246,248,160,49,N\A
8,2005/09/14,15066,0,105,54,14773,0,223,53,246,248,86,130,N\A
8,2005/09/22,14975,0,108,87,14773,65,225,79,246,248,194,193,N\A
8,2005/09/30,15071,0,108,93,14711,0,224,67,246,248,197,192,N\A
8,2005/10/08,15245,0,109,96,14777,0,223,60,246,248,98,195,N\A
8,2005/10/16,15192,0,105,56,14812,0,223,54,246,248,95,11,N\A
8,2005/10/24,15635,0,105,61,14720,0,224,70,246,248,239,247,N\A
8,2005/11/01,15741,0,108,87,14676,65,224,68,246,248,209,192,N\A
8,2005/11/09,15657,0,106,68,14678,0,224,69,246,248,227,243,N\A
8,2005/11/17,15706,0,106,65,14679,0,224,62,246,248,223,249,N\A
8,2005/11/25,15770,0,107,79,14730,0,227,92,246,248,107,49,N\A
8,2005/12/03,15713,0,105,56,14642,0,224,66,246,248,95,251,N\A
8,2005/12/11,15780,0,105,61,14695,0,226,82,246,248,239,245,N\A
8,2005/12/19,15687,0,106,64,14651,0,225,76,246,248,207,19,N\A
8,2005/12/27,15639,0,105,53,14608,0,222,42,246,247,15,22,N\A
8,2006/01/01,15657,0,104,51,14571,0,224,70,246,248,125,95,N\A
8,2006/01/09,15713,0,107,74,14601,0,222,46,246,248,94,150,N\A
8,2006/01/17,15616,0,106,62,14623,0,224,70,246,248,255,222,N\A
8,2006/01/25,15749,0,105,53,14729,0,223,60,246,248,110,172,N\A
8,2006/02/02,15827,0,104,50,14691,0,224,71,246,248,125,31,N\A
8,2006/02/10,15815,0,106,62,14612,65,222,52,246,248,90,19,N\A
8,2006/02/18,15787,0,105,55,14727,0,224,62,246,248,246,218,N\A
8,2006/02/26,16034,0,105,55,14848,0,226,86,246,248,38,170,N\A
8,2006/03/06,15919,0,106,62,14651,0,226,78,246,248,129,223,N\A
8,2006/03/14,15780,0,105,58,14667,65,222,49,246,248,62,188,N\A
8,2006/03/22,15936,0,105,51,14890,65,225,73,246,248,28,216,N\A
8,2006/03/30,15389,0,102,21,14892,0,225,77,246,248,42,32,N\A
8,2006/04/07,15952,0,106,64,14952,0,224,68,246,248,188,92,N\A
8,2006/04/15,15850,65,107,83,14993,0,226,81,246,248,64,162,N\A
8,2006/04/23,15870,65,106,69,14919,0,224,62,246,248,128,64,N\A
8,2006/05/01,0,2,255,255,15009,0,225,76,246,248,0,32,N\A
8,2006/05/09,0,2,255,255,14833,0,228,100,246,248,0,196,N\A
8,2006/05/17,0,2,255,255,14965,65,220,15,246,248,0,4,N\A
8,2006/05/25,15237,0,105,54,15000,0,224,61,246,248,225,64,N\A
8,2006/06/02,15123,65,106,69,14743,0,219,9,246,248,88,20,N\A
8,2006/06/10,14788,0,110,114,14515,0,225,67,246,248,8,200,N\A
8,2006/06/18,15328,0,107,76,14800,0,224,56,246,248,82,7,N\A
8,2006/06/26,15014,0,103,33,14797,0,221,24,246,248,196,2,N\A
8,2006/07/04,15135,0,105,53,14941,65,227,102,246,248,120,8,N\A
8,2006/07/12,15100,0,108,92,14785,0,225,76,246,248,35,80,N\A
8,2006/07/20,14978,65,109,106,14869,0,223,47,245,247,16,128,N\A
8,2006/07/28,15046,0,109,91,14784,65,223,43,246,249,3,66,N\A
8,2006/08/05,0,2,255,255,14793,0,222,35,246,248,0,1,N\A
8,2006/08/13,14824,65,107,83,14608,65,230,120,246,248,160,132,N\A
8,2006/08/21,14932,65,105,56,14731,65,221,28,246,248,48,145,N\A
8,2006/08/29,15163,0,107,83,14798,0,225,76,245,247,160,80,N\A
8,2006/09/06,14865,0,104,40,14789,65,223,47,246,248,2,128,N\A
8,2006/09/14,14852,0,107,71,14790,0,226,90,246,248,12,16,N\A
8,2006/09/22,14906,65,103,36,14800,0,225,75,246,248,104,168,N\A
8,2006/09/30,14938,0,106,72,14792,0,226,89,245,247,184,16,N\A
8,2006/10/08,15018,0,107,74,0,2,255,255,246,248,76,0,N\A
8,2006/10/16,15212,0,105,54,14766,0,224,56,246,248,247,18,N\A
8,2006/10/24,15299,0,106,62,14826,0,225,68,246,248,126,9,N\A
8,2006/11/01,15653,0,104,43,14780,65,225,73,246,248,245,219,N\A
8,2006/11/09,15594,0,106,62,14695,0,223,56,246,248,126,191,N\A
8,2006/11/17,15585,0,105,57,14563,0,226,76,246,248,223,207,N\A
8,2006/11/25,15751,0,104,51,14567,0,222,46,246,248,122,189,N\A
8,2006/12/03,15587,0,105,58,14553,0,225,79,246,248,248,93,N\A
8,2006/12/11,15514,0,104,51,14637,0,223,56,246,248,122,191,N\A
8,2006/12/19,15737,0,106,62,14581,0,226,78,246,248,255,223,N\A
8,2006/12/27,15524,0,107,72,14539,0,223,54,246,248,30,31,N\A
8,2007/01/01,15166,0,106,67,14559,0,225,68,246,248,248,252,N\A
8,2007/01/09,15402,0,106,64,14525,0,224,66,246,248,247,254,N\A
8,2007/01/17,15557,0,105,61,14642,0,226,79,246,248,251,189,N\A
8,2007/01/25,15737,0,106,69,14662,0,224,66,246,248,231,254,N\A
8,2007/02/02,15805,0,106,70,14706,0,226,80,246,248,250,188,N\A
8,2007/02/10,15798,0,106,65,14639,0,224,66,246,248,247,254,N\A
8,2007/02/18,15592,0,106,62,14685,0,224,62,246,248,123,121,N\A
8,2007/02/26,15666,0,106,65,14746,0,224,66,246,248,247,254,N\A
8,2007/03/06,15770,0,105,61,14701,0,225,73,246,248,251,249,N\A
8,2007/03/14,15725,0,107,79,14886,0,224,60,245,247,97,98,N\A
8,2007/03/22,15905,0,103,29,14588,65,228,111,245,246,32,32,N\A
8,2007/03/30,15157,65,104,41,14581,0,225,67,246,248,16,48,N\A
8,2007/04/07,15547,65,104,50,14933,0,226,87,246,247,138,140,N\A
8,2007/04/15,15375,0,107,77,14857,0,229,118,246,248,52,16,N\A
8,2007/04/23,15550,0,107,83,14853,65,225,77,246,248,2,1,N\A
8,2007/05/01,15586,0,108,88,14906,0,222,34,246,248,132,8,N\A
8,2007/05/09,15335,65,109,99,0,2,255,255,244,246,66,0,N\A
8,2007/05/17,15615,0,109,101,14968,0,224,65,246,248,129,74,N\A
8,2007/05/25,15233,0,106,63,14774,65,225,74,246,248,192,25,N\A
8,2007/06/02,15289,0,109,106,14853,0,225,68,246,248,128,72,N\A
8,2007/06/10,15595,0,105,56,14856,0,225,68,246,248,34,180,N\A
8,2007/06/18,15143,65,105,61,14718,0,227,90,246,248,147,18,N\A
8,2007/06/26,0,2,255,255,14859,0,226,84,246,248,0,129,N\A
8,2007/07/04,15099,65,106,65,14682,0,228,103,246,248,196,86,N\A
8,2007/07/12,15148,65,103,29,14796,0,224,58,246,248,32,144,N\A
8,2007/07/20,14888,65,106,74,14807,0,229,119,246,248,193,16,N\A
8,2007/07/28,15021,0,103,29,14845,0,223,48,246,248,32,4,N\A
8,2007/08/05,0,2,255,255,14685,0,231,129,246,248,0,4,N\A
8,2007/08/13,15111,0,108,85,14694,0,229,118,246,248,72,40,N\A
8,2007/08/21,14752,65,104,41,14872,0,224,63,246,248,16,2,N\A
8,2007/08/29,14916,65,103,29,0,2,255,255,246,248,32,0,N\A
8,2007/09/06,15148,0,106,66,14733,0,223,53,246,247,196,166,N\A
8,2007/09/14,15081,65,107,84,14811,0,223,49,247,248,2,196,N\A
8,2007/09/22,15210,0,105,60,14702,0,220,19,246,248,212,136,N\A
8,2007/09/30,15264,0,104,49,14785,0,228,104,246,248,227,41,N\A
8,2007/10/08,15378,0,108,87,14814,0,224,60,247,248,181,240,N\A
8,2007/10/16,15503,0,107,77,14861,0,224,63,246,248,91,5,N\A
8,2007/10/24,15486,0,107,76,0,2,255,255,246,248,241,0,N\A
8,2007/11/01,15621,0,105,60,14709,0,224,62,246,248,251,241,N\A
8,2007/11/09,15596,0,106,71,14772,0,222,37,246,248,244,42,N\A
8,2007/11/17,15712,0,104,47,14692,0,225,67,246,248,11,252,N\A
8,2007/11/25,15572,0,107,82,14652,65,229,115,246,248,229,68,N\A
8,2007/12/03,15605,0,106,67,14726,0,223,56,246,248,248,197,N\A
8,2007/12/11,15798,0,105,55,14650,0,224,66,246,248,215,254,N\A
8,2007/12/19,15629,0,106,70,14589,0,225,69,246,248,250,253,N\A
8,2007/12/27,15590,0,104,51,14434,0,227,86,246,248,23,30,N\A
8,2008/01/01,15482,0,107,83,14476,0,223,56,246,248,221,239,N\A
8,2008/01/09,15561,0,104,41,14673,0,224,63,246,248,189,214,N\A
8,2008/01/17,15446,0,107,83,14538,0,223,56,246,248,221,239,N\A
8,2008/01/25,15466,0,104,51,14543,0,225,73,246,248,191,119,N\A
8,2008/02/02,15660,0,107,73,14675,0,223,56,246,248,223,239,N\A
8,2008/02/10,15816,0,105,60,14749,0,225,72,246,248,175,199,N\A
8,2008/02/18,15723,0,109,98,14703,0,223,56,246,248,213,239,N\A
8,2008/02/26,15756,0,104,51,14718,0,227,91,246,248,191,245,N\A
8,2008/03/05,15626,0,105,53,14673,0,225,76,246,248,94,8,N\A
8,2008/03/13,15579,0,106,63,14798,0,224,60,246,248,47,87,N\A
8,2008/03/21,15631,0,109,96,14577,0,225,64,246,248,209,224,N\A
8,2008/03/29,15820,0,105,48,14871,0,224,60,246,248,135,87,N\A
8,2008/04/06,15675,0,105,53,14773,0,225,65,246,248,94,224,N\A
8,2008/04/14,15620,65,106,70,14916,0,225,71,247,248,35,99,N\A
8,2008/04/22,15917,65,105,54,14960,0,224,64,246,248,64,11,N\A
8,2008/04/30,15955,65,105,55,14890,0,224,63,246,247,160,198,N\A
8,2008/05/08,15616,65,108,88,15040,0,221,24,246,248,65,128,N\A
8,2008/05/16,15121,65,104,40,14863,0,222,34,246,248,128,64,N\A
8,2008/05/24,15433,129,100,5,14907,0,225,77,246,248,8,8,N\A
8,2008/06/01,15136,65,101,15,14811,0,227,86,246,248,17,240,N\A
8,2008/06/09,15194,65,104,46,14811,0,222,36,246,248,78,160,N\A
8,2008/06/17,15124,0,104,55,14720,0,226,88,246,248,56,21,N\A
8,2008/06/25,15129,65,109,106,14725,0,221,24,246,248,4,128,N\A
8,2008/07/03,15013,0,104,35,14780,0,225,78,246,248,129,69,N\A
8,2008/07/11,15016,65,102,19,0,2,255,255,246,248,2,0,N\A
8,2008/07/19,14927,65,103,35,14898,0,224,62,246,248,48,16,N\A
8,2008/07/27,14848,65,109,103,0,2,255,255,245,247,21,0,N\A
8,2008/08/04,14980,65,108,96,14759,0,221,21,245,247,8,66,N\A
8,2008/08/12,0,2,255,255,0,2,255,255,0,0,0,0,N\A
8,2008/08/20,15045,0,110,114,0,2,255,255,246,248,2,0,N\A
8,2008/08/28,0,2,255,255,14775,65,222,40,246,248,0,12,N\A
8,2008/09/05,15052,0,105,54,14721,65,225,72,246,248,12,134,N\A
8,2008/09/13,14960,65,106,69,14805,65,223,49,245,247,22,168,N\A
8,2008/09/21,14930,0,107,72,14703,0,226,88,246,248,3,193,N\A
8,2008/09/29,15010,0,106,74,14772,0,224,60,246,248,93,43,N\A
8,2008/10/07,15027,0,104,51,14718,0,229,115,246,248,191,129,N\A
8,2008/10/15,15252,0,109,96,14781,0,224,60,246,248,209,201,N\A
8,2008/10/23,15321,0,104,51,14811,0,224,68,246,248,191,23,N\A
8,2008/10/31,15357,0,107,73,14557,0,225,70,246,248,223,110,N\A
8,2008/11/08,15556,0,104,51,14601,0,226,77,246,248,191,243,N\A
8,2008/11/16,15652,0,106,66,14605,0,223,56,246,248,222,239,N\A
8,2008/11/24,15765,0,104,51,14669,0,226,79,246,248,191,247,N\A
8,2008/12/02,15546,0,107,78,14573,0,223,56,246,248,214,239,N\A
8,2008/12/10,15660,0,105,53,14633,0,224,68,246,248,63,23,N\A
8,2008/12/18,15605,0,109,91,14636,0,225,74,247,248,24,30,N\A
8,2008/12/26,15583,0,105,62,14666,0,226,80,246,248,59,55,N\A
8,2009/01/01,15540,0,106,63,14559,0,223,50,246,248,60,183,N\A
8,2009/01/09,15559,0,106,63,14625,0,223,46,246,248,255,90,N\A
8,2009/01/17,15278,65,107,71,14519,65,222,38,246,248,118,49,N\A
8,2009/01/25,15527,0,106,63,14586,0,226,83,246,248,255,214,N\A
8,2009/02/02,15716,0,106,62,14808,0,223,53,246,248,126,185,N\A
8,2009/02/10,15761,0,107,74,14720,0,225,72,246,248,45,31,N\A
8,2009/02/18,15223,0,105,53,14676,0,223,49,246,248,120,60,N\A
8,2009/02/26,15415,0,106,63,14758,0,226,81,246,248,189,159,N\A
8,2009/03/06,15816,0,107,72,14759,0,223,55,246,248,30,31,N\A
8,2009/03/14,15480,0,104,42,14684,0,221,24,246,248,5,2,N\A
8,2009/03/22,15694,0,105,48,14948,0,222,35,246,248,74,1,N\A
8,2009/03/30,15831,0,108,83,14824,0,225,77,246,248,160,80,N\A
8,2009/04/07,15788,65,106,60,14971,0,223,55,245,247,14,140,N\A
8,2009/04/15,15686,0,107,73,14849,0,226,87,246,248,173,68,N\A
8,2009/04/23,15581,65,106,63,14864,0,225,76,246,248,66,168,N\A
8,2009/05/01,15172,0,102,28,0,2,255,255,246,248,65,0,N\A
8,2009/05/09,15331,65,107,74,0,2,255,255,246,248,18,0,N\A
8,2009/05/17,15479,0,107,67,14886,0,224,56,246,248,31,202,N\A
8,2009/05/25,15381,0,106,65,14895,65,222,36,246,248,112,181,N\A
8,2009/06/02,15583,65,108,88,14675,0,228,110,246,248,41,148,N\A
8,2009/06/10,0,2,255,255,14833,0,226,89,246,248,0,40,N\A
8,2009/06/18,15352,0,106,73,14543,65,228,111,246,248,161,4,N\A
8,2009/06/26,0,2,255,255,14713,0,222,35,246,248,0,180,N\A
8,2009/07/04,14940,65,107,69,14716,0,228,110,246,248,7,4,N\A
8,2009/07/12,15250,65,104,40,14757,0,226,84,246,248,2,11,N\A
8,2009/07/20,15179,0,108,84,14765,0,228,111,246,248,9,4,N\A
8,2009/07/28,0,2,255,255,14739,65,229,118,247,248,0,2,N\A
8,2009/08/05,14762,65,106,63,14797,0,228,111,247,248,66,4,N\A
8,2009/08/13,0,2,255,255,14748,65,225,76,246,248,0,32,N\A
8,2009/08/21,15141,65,106,69,14839,0,222,35,245,247,128,72,N\A
8,2009/08/29,0,2,255,255,14717,0,229,118,246,248,0,2,N\A
8,2009/09/06,14827,0,106,73,14793,0,226,87,246,248,184,68,N\A
8,2009/09/14,14831,65,105,56,14729,0,223,60,246,248,48,56,N\A
8,2009/09/22,15017,65,103,34,14656,0,226,81,246,248,116,13,N\A
8,2009/09/30,14945,65,106,67,14755,0,226,83,246,248,124,130,N\A
8,2009/10/08,15377,0,108,91,14815,0,225,68,246,248,46,6,N\A
8,2009/10/16,15293,0,105,55,14778,0,220,15,246,248,26,4,N\A
8,2009/10/24,15073,65,107,70,14736,0,225,68,246,247,30,6,N\A
8,2009/11/01,15322,0,106,67,14717,0,224,66,246,248,124,175,N\A
8,2009/11/09,15442,0,106,63,14681,65,225,76,246,248,255,152,N\A
8,2009/11/17,15429,0,106,62,14584,0,223,53,246,248,126,159,N\A
8,2009/11/25,15522,0,105,53,14588,65,224,66,246,248,253,79,N\A
8,2009/12/03,15716,0,106,62,14606,0,223,57,246,248,126,191,N\A
8,2009/12/11,15738,0,106,67,14725,0,225,73,246,248,251,216,N\A
8,2009/12/19,15799,0,106,62,14654,0,223,56,246,248,126,191,N\A
8,2009/12/27,15799,0,106,67,14646,0,225,71,246,248,31,31,N\A
8,2010/01/01,15795,0,107,75,14587,0,224,66,246,248,245,254,N\A
8,2010/01/09,15804,0,105,60,14630,0,225,69,246,248,251,253,N\A
8,2010/01/17,15724,0,106,64,14671,0,226,76,246,248,247,126,N\A
8,2010/01/25,15874,0,107,70,14699,0,224,58,246,248,240,240,N\A
8,2010/02/02,15908,0,106,72,14659,0,224,66,246,248,183,254,N\A
8,2010/02/10,15554,0,106,68,14658,0,225,76,246,248,211,1,N\A
8,2010/02/18,15582,0,106,73,14772,0,225,73,246,248,179,244,N\A
8,2010/02/26,15616,0,106,61,14846,0,225,69,246,248,243,253,N\A
8,2010/03/06,15637,0,107,78,14957,65,223,56,246,248,149,194,N\A
8,2010/03/14,15634,0,106,61,14925,0,224,60,246,248,51,149,N\A
8,2010/03/22,15435,0,106,69,14595,0,224,66,246,248,117,254,N\A
8,2010/03/30,15591,0,107,83,14737,0,225,72,246,248,2,157,N\A
8,2010/04/07,15682,0,107,82,15047,0,222,39,246,248,53,34,N\A
8,2010/04/15,15556,0,106,69,14645,65,225,67,246,248,10,204,N\A
8,2010/04/23,15386,0,106,63,14762,0,222,38,246,248,192,34,N\A
8,2010/05/01,15050,0,105,53,14815,0,223,47,246,248,8,4,N\A
8,2010/05/09,15350,0,107,80,14878,0,226,81,246,248,145,66,N\A
8,2010/05/17,15082,65,106,67,14614,65,228,111,246,248,67,32,N\A
8,2010/05/25,14995,0,107,83,14699,0,229,116,246,248,5,68,N\A
8,2010/06/02,14998,0,107,69,14808,0,224,57,246,248,154,144,N\A
8,2010/06/10,14928,65,106,65,14548,65,218,3,246,248,196,128,N\A
8,2010/06/18,15139,0,105,56,14718,0,226,84,246,248,34,129,N\A
8,2010/06/26,14980,0,104,49,14817,0,223,48,246,248,102,10,N\A
8,2010/07/04,15042,0,104,44,14666,0,223,49,246,248,3,21,N\A
8,2010/07/12,14954,0,109,106,14790,0,223,48,246,248,128,10,N\A
8,2010/07/20,14809,0,107,71,14479,65,229,118,246,248,96,40,N\A
8,2010/07/28,14889,0,106,60,14771,0,222,34,246,248,112,8,N\A
8,2010/08/05,14841,65,100,5,14878,0,225,76,246,248,1,1,N\A
8,2010/08/13,0,2,255,255,0,2,255,255,0,0,0,0,N\A
8,2010/08/21,14790,65,107,71,0,2,255,255,246,248,96,0,N\A
8,2010/08/29,0,2,255,255,0,2,255,255,0,0,0,0,N\A
8,2010/09/06,14851,0,107,71,0,2,255,255,246,248,96,0,N\A
8,2010/09/14,14936,65,109,106,14702,0,219,9,246,247,128,160,N\A
8,2010/09/22,15088,0,105,54,14788,0,225,65,246,248,57,28,N\A
8,2010/09/30,15134,0,106,68,14718,0,224,62,246,248,21,2,N\A
8,2010/10/08,15009,65,105,56,14855,0,226,90,246,248,34,128,N\A
8,2010/10/16,15000,0,107,82,14679,0,218,3,246,248,229,128,N\A
8,2010/10/24,15292,0,108,81,14756,0,225,68,246,248,120,48,N\A
8,2010/11/01,15577,0,106,72,14735,0,226,75,246,248,148,14,N\A
8,2010/11/09,15607,0,103,37,14657,0,224,65,246,248,171,125,N\A
8,2010/11/17,15782,0,107,82,14658,0,224,65,246,248,53,216,N\A
8,2010/11/25,15799,0,106,62,14621,0,225,69,246,248,243,253,N\A
8,2010/12/03,15716,0,106,64,14617,0,224,66,246,248,247,254,N\A
8,2010/12/11,15688,0,105,60,14615,0,225,69,246,248,251,253,N\A
8,2010/12/19,15714,0,107,75,14585,0,224,60,246,248,245,190,N\A
8,2010/12/27,15651,0,104,47,14551,0,228,100,246,248,11,9,N\A
8,2011/01/01,15615,0,104,43,14675,0,224,62,246,248,188,84,N\A
8,2011/01/09,15287,0,107,73,14562,0,224,62,246,248,223,238,N\A
8,2011/01/17,15439,0,104,51,14581,0,224,64,246,248,191,118,N\A
8,2011/01/25,15775,0,107,73,14717,0,222,44,246,248,223,175,N\A
8,2011/02/02,15727,0,105,58,14788,0,226,81,245,247,169,196,N\A
8,2011/02/10,15741,0,109,98,14775,0,223,47,246,248,213,163,N\A
8,2011/02/18,15806,0,104,51,14838,0,225,74,246,248,191,85,N\A
8,2011/02/26,15948,0,109,103,14834,65,222,38,246,248,21,137,N\A
8,2011/03/06,15839,0,104,44,15013,0,224,62,245,247,141,16,N\A
8,2011/03/14,15546,0,107,80,14910,0,227,86,246,248,68,96,N\A
8,2011/03/22,15670,0,105,55,14861,0,224,70,246,247,134,7,N\A
8,2011/03/30,15617,0,106,67,14836,0,224,64,246,248,31,11,N\A
8,2011/04/07,15851,0,106,62,14907,0,223,49,246,248,15,6,N\A
8,2011/04/15,15976,0,109,102,14975,0,223,46,246,248,17,41,N\A
8,2011/04/23,15602,65,101,11,0,2,255,255,247,248,4,0,N\A
8,2011/05/01,15366,0,106,69,14898,0,225,76,246,248,80,8,N\A
8,2011/05/09,15329,0,106,65,14867,65,224,62,246,248,38,84,N\A
8,2011/05/17,15286,65,108,90,14762,0,226,74,246,248,141,192,N\A
8,2011/05/25,15333,65,107,76,14877,65,226,90,246,248,43,148,N\A
8,2011/06/02,0,2,255,255,14870,0,223,46,246,248,0,131,N\A
8,2011/06/10,15466,0,104,45,0,2,255,255,246,248,161,0,N\A
8,2011/06/18,14661,0,112,126,14821,0,226,89,246,248,128,10,N\A
8,2011/06/26,15200,0,106,68,14840,0,224,62,245,247,32,68,N\A
8,2011/07/04,15048,65,104,40,14815,65,220,15,246,248,90,1,N\A
8,2011/07/12,15010,65,105,55,14826,0,226,87,245,247,160,17,N\A
8,2011/07/20,14974,0,109,106,14784,65,225,76,246,248,4,8,N\A
8,2011/07/28,15095,0,106,70,14689,0,229,118,246,248,35,128,N\A
8,2011/08/05,15177,0,105,54,14743,0,225,66,246,248,64,105,N\A
8,2011/08/13,0,2,255,255,14832,65,224,62,246,248,0,16,N\A
8,2011/08/21,15076,0,107,83,0,2,255,255,246,248,16,0,N\A
8,2011/08/29,14878,65,107,83,14762,0,225,73,246,248,138,65,N\A
8,2011/09/06,15020,0,110,114,14856,0,223,47,246,248,5,32,N\A
8,2011/09/14,14964,0,105,54,14832,0,226,86,246,248,160,17,N\A
8,2011/09/22,15187,0,105,62,14815,0,227,101,246,248,92,2,N\A
8,2011/09/30,15151,65,103,40,14831,0,222,44,246,248,61,70,N\A
8,2011/10/08,15044,0,107,83,14819,0,225,76,246,248,16,8,N\A
8,2011/10/16,15081,0,105,56,14632,65,225,79,246,248,30,131,N\A
8,2011/10/24,15373,0,106,68,14716,65,225,73,246,248,219,107,N\A
8,2011/11/01,15593,0,104,51,14797,0,227,93,246,248,191,228,N\A
8,2011/11/09,15629,0,107,73,14738,0,224,57,246,248,223,207,N\A
8,2011/11/17,15625,0,104,51,14703,0,225,70,246,248,191,215,N\A
8,2011/11/25,15546,0,107,73,14690,0,223,56,246,248,223,239,N\A
8,2011/12/03,15602,0,104,51,14623,0,226,79,246,248,191,247,N\A
8,2011/12/11,15463,0,107,74,14564,0,223,56,246,248,223,239,N\A
8,2011/12/19,15624,0,104,52,14612,0,226,79,246,248,191,247,N\A
8,2011/12/27,15601,0,106,67,14617,0,223,47,246,248,31,9,N\A
8,2012/01/01,15630,0,105,62,14639,0,224,67,246,248,254,191,N\A
8,2012/01/09,15698,0,106,63,14576,0,225,68,246,248,253,127,N\A
8,2012/01/17,15572,0,106,70,14612,0,224,66,246,247,222,191,N\A
8,2012/01/25,15687,0,106,63,14680,0,225,68,246,248,253,127,N\A
8,2012/02/02,15708,0,108,92,14563,0,223,53,246,248,70,151,N\A
8,2012/02/10,15759,0,106,71,14698,0,223,52,246,248,61,107,N\A
8,2012/02/18,15512,0,106,67,14750,0,226,78,246,248,210,131,N\A
8,2012/02/26,15585,0,105,57,14699,0,223,52,246,248,221,107,N\A
8,2012/03/05,15406,0,105,60,14654,0,224,66,246,248,216,140,N\A
8,2012/03/13,15669,0,107,73,14709,0,225,68,246,248,189,127,N\A
8,2012/03/21,15506,0,104,51,14773,0,224,66,246,248,250,158,N\A
8,2012/03/29,15534,0,106,68,0,2,255,255,246,248,1,0,N\A
8,2012/04/06,15488,0,105,53,14732,0,225,70,246,248,2,155,N\A
8,2012/04/14,15476,0,107,74,14834,0,222,34,246,248,165,2,N\A
8,2012/04/22,15503,65,106,64,14895,0,224,59,246,248,38,55,N\A
8,2012/04/30,15372,65,108,91,14751,0,225,78,246,248,137,92,N\A
8,2012/05/08,15403,129,101,11,14778,0,223,48,246,248,32,28,N\A
8,2012/05/16,15304,0,106,62,14792,0,227,97,246,248,132,68,N\A
8,2012/05/24,15257,65,108,89,14858,0,224,57,246,248,28,36,N\A
8,2012/06/01,15178,65,109,95,14742,0,226,72,246,248,9,9,N\A
8,2012/06/09,14898,0,109,90,0,2,255,255,246,248,6,0,N\A
8,2012/06/17,15475,0,104,40,14846,0,227,97,246,248,4,68,N\A
8,2012/06/25,14998,65,107,75,14807,0,226,90,246,248,66,32,N\A
8,2012/07/03,15026,0,108,95,14849,65,225,76,245,247,160,64,N\A
8,2012/07/11,14999,0,103,41,0,2,255,255,246,248,200,0,N\A
8,2012/07/19,15057,65,104,40,14808,0,222,34,246,248,4,2,N\A
8,2012/07/27,14857,0,102,20,14795,0,228,111,245,247,40,8,N\A
8,2012/08/04,14697,65,100,5,14769,0,220,19,246,248,64,34,N\A
8,2012/08/12,15004,0,105,54,14766,0,225,67,246,248,96,51,N\A
8,2012/08/20,15197,0,107,83,14762,0,228,103,246,248,128,65,N\A
8,2012/08/28,14974,0,107,75,0,2,255,255,246,248,66,0,N\A
8,2012/09/05,14946,0,102,19,14840,0,226,90,246,248,16,80,N\A
8,2012/09/13,14944,65,105,60,14776,65,230,124,246,248,74,2,N\A
8,2012/09/21,15248,0,106,63,14757,0,226,76,246,248,48,6,N\A
8,2012/09/29,15201,0,107,75,14830,0,225,76,246,248,66,160,N\A
8,2012/10/07,15103,65,106,62,14790,0,222,38,246,248,252,58,N\A
8,2012/10/15,15142,0,105,59,14824,0,224,61,246,248,74,128,N\A
8,2012/10/23,15343,0,107,78,14810,0,224,55,246,248,141,66,N\A
8,2012/10/31,15330,0,105,60,14792,0,226,86,246,248,206,14,N\A
8,2012/11/08,15306,0,106,62,14745,0,224,56,246,248,126,7,N\A
8,2012/11/16,15551,0,105,55,14773,0,226,79,246,248,190,47,N\A
8,2012/11/24,15574,0,106,62,14646,65,223,54,246,248,252,62,N\A
8,2012/12/02,15571,0,104,50,14644,0,224,59,246,248,250,188,N\A
8,2012/12/10,15663,0,105,54,14676,0,227,92,246,248,245,87,N\A
8,2012/12/18,15575,0,105,61,14588,0,224,63,246,248,254,185,N\A
8,2012/12/26,15606,0,106,71,14514,0,225,67,246,248,61,63,N\A
8,2013/01/01,15630,0,106,68,14532,0,226,79,246,248,123,189,N\A
8,2013/01/09,15676,0,107,75,14614,65,224,58,246,248,245,238,N\A
8,2013/01/17,15685,0,106,66,14591,0,225,72,246,248,219,157,N\A
8,2013/01/25,15596,0,108,86,14645,0,222,43,246,248,225,234,N\A
8,2013/02/02,15564,0,105,51,14701,0,224,65,246,248,187,125,N\A
8,2013/02/10,15979,0,106,69,14747,0,224,66,246,248,117,122,N\A
8,2013/02/18,15854,0,105,60,14779,0,225,69,246,248,251,253,N\A
8,2013/02/26,15879,0,106,66,14947,0,223,56,246,248,213,194,N\A
8,2013/03/06,16067,0,105,55,15025,0,223,49,245,247,42,21,N\A
8,2013/03/14,15967,0,105,55,14843,0,223,53,246,248,215,192,N\A
8,2013/03/22,15952,0,104,45,0,2,255,255,246,248,170,0,N\A
8,2013/03/30,16142,0,104,52,14926,0,224,65,246,248,23,134,N\A
8,2013/04/07,15657,0,104,48,14753,0,219,9,246,248,130,64,N\A
8,2013/04/15,15746,65,105,61,14939,0,220,16,246,248,69,32,N\A
8,2013/04/23,15795,65,107,76,14988,0,223,59,246,248,98,193,N\A
8,2013/05/01,15464,0,104,40,14974,0,226,82,246,248,16,66,N\A
8,2013/05/09,15485,0,104,43,14916,0,226,79,246,248,43,189,N\A
8,2013/05/17,15398,0,108,86,14798,0,223,50,246,248,181,202,N\A
8,2013/05/25,14858,65,102,20,0,2,255,255,246,248,160,0,N\A
8,2013/06/02,14982,65,105,58,14650,0,225,67,246,248,54,48,N\A
8,2013/06/10,15344,65,105,58,14867,0,227,86,246,248,234,12,N\A
8,2013/06/18,15311,65,106,67,14896,0,225,71,246,248,182,26,N\A
8,2013/06/26,15464,0,106,69,14756,0,221,28,246,248,10,68,N\A
8,2013/07/04,15277,65,108,96,0,2,255,255,246,248,1,0,N\A
8,2013/07/12,15221,0,106,68,14819,0,222,39,246,248,10,85,N\A
8,2013/07/20,15094,0,108,90,14841,0,225,68,246,248,133,72,N\A
8,2013/07/28,14723,65,100,5,14748,65,229,118,246,248,1,40,N\A
8,2013/08/05,14954,65,102,19,14678,65,229,118,246,248,64,16,N\A
8,2013/08/13,15156,65,107,83,14796,0,223,50,246,248,2,17,N\A
8,2013/08/21,0,2,255,255,14830,0,222,35,246,248,0,8,N\A
8,2013/08/29,15025,0,110,114,14803,0,223,47,246,248,64,4,N\A
8,2013/09/06,15025,65,106,69,14225,65,229,118,247,248,4,16,N\A
8,2013/09/14,15150,65,106,66,14776,0,226,77,246,248,104,60,N\A
8,2013/09/22,15117,0,106,68,14696,0,224,61,246,248,17,144,N\A
8,2013/09/30,15050,0,104,42,14828,0,220,16,246,248,233,80,N\A
8,2013/10/08,15123,65,106,68,14753,65,222,45,246,248,227,176,N\A
8,2013/10/16,15427,0,105,59,14826,0,223,53,246,248,226,117,N\A
8,2013/10/24,15540,0,107,75,14805,0,221,25,246,248,245,40,N\A
8,2013/11/01,15486,0,105,60,14663,0,225,69,246,248,251,253,N\A
8,2013/11/09,15681,0,106,64,14803,0,224,57,246,247,247,58,N\A
8,2013/11/17,15640,0,105,59,14720,0,224,62,246,248,226,216,N\A
8,2013/11/25,15801,0,107,75,14714,0,223,54,246,248,245,248,N\A
8,2013/12/03,15624,0,105,56,14595,0,225,69,246,248,249,253,N\A
8,2013/12/11,15506,0,104,46,14411,0,224,65,246,248,71,134,N\A
8,2013/12/19,15456,0,106,61,14530,0,224,62,246,248,251,221,N\A
8,2013/12/27,15754,0,104,52,14624,0,227,86,246,248,23,30,N\A
8,2014/01/01,15583,0,107,78,14688,0,222,41,246,248,217,169,N\A
8,2014/01/09,15652,0,104,52,14646,0,226,79,246,248,191,247,N\A
8,2014/01/17,15360,0,106,63,14719,65,225,75,246,248,9,234,N\A
8,2014/01/25,15725,0,104,40,14709,0,223,53,246,248,189,22,N\A
8,2014/02/02,15648,0,108,85,14688,0,224,58,247,248,215,103,N\A
8,2014/02/10,15715,0,105,53,14685,0,227,98,246,248,63,53,N\A
8,2014/02/18,15572,0,107,74,14708,0,224,63,246,248,223,238,N\A
8,2014/02/26,15912,0,106,63,14699,0,225,74,246,248,163,246,N\A
8,2014/03/06,15882,0,107,77,14766,65,223,49,246,248,87,47,N\A
8,2014/03/14,15607,0,104,41,14763,0,226,86,246,248,150,166,N\A
8,2014/03/22,16080,0,108,86,14868,65,220,14,246,248,81,132,N\A
8,2014/03/30,15942,0,104,46,14810,65,229,112,246,248,13,164,N\A
8,2014/04/07,15978,0,109,102,14899,0,221,23,246,248,17,165,N\A
8,2014/04/15,15758,0,105,53,15057,0,226,83,246,248,167,213,N\A
8,2014/04/23,15613,65,106,63,0,2,255,255,246,248,6,0,N\A
8,2014/05/01,15716,129,110,114,14883,0,225,73,245,247,2,65,N\A
8,2014/05/09,15371,0,108,88,0,2,255,255,246,248,208,0,N\A
8,2014/05/17,15441,0,106,64,14835,0,227,86,246,248,163,240,N\A
8,2014/05/25,15780,65,105,55,15069,0,223,48,246,248,64,32,N\A
8,2014/06/02,15318,65,107,75,14786,0,227,92,246,248,162,101,N\A
8,2014/06/10,15178,65,108,92,14790,0,230,124,246,248,85,64,N\A
8,2014/06/18,15102,0,104,49,14525,0,229,110,246,248,140,36,N\A
8,2014/06/26,15066,0,106,69,0,2,255,255,247,248,83,0,N\A
8,2014/07/04,15021,65,107,74,14761,65,224,62,246,248,162,214,N\A
8,2014/07/12,14823,0,111,118,14700,0,224,60,246,248,133,201,N\A
8,2014/07/20,0,2,255,255,14545,0,229,119,246,248,0,161,N\A
8,2014/07/28,0,2,255,255,0,2,255,255,0,0,0,0,N\A
8,2014/08/05,0,2,255,255,14837,0,222,34,246,248,0,64,N\A
8,2014/08/13,14912,65,109,106,14740,0,221,20,246,248,4,129,N\A
8,2014/08/21,15082,0,102,20,14855,0,225,71,246,248,144,208,N\A
8,2014/08/29,15050,0,108,94,14787,0,222,31,246,248,69,33,N\A
8,2014/09/06,15030,0,105,55,14691,65,230,124,246,248,160,160,N\A
8,2014/09/14,14975,65,104,37,14815,0,224,62,246,248,66,40,N\A
8,2014/09/22,15093,0,105,60,14799,0,228,104,246,248,175,132,N\A
8,2014/09/30,15187,65,105,54,0,2,255,255,247,249,64,0,N\A
9,2000/03/05,15653,0,109,68,14539,65,225,53,244,245,223,231,N\A
9,2000/03/13,15805,0,109,64,14615,0,228,83,243,245,207,213,N\A
9,2000/03/21,15865,0,109,65,14682,0,226,66,243,245,210,235,N\A
9,2000/03/29,15991,0,109,65,14641,0,227,70,243,245,239,255,N\A
9,2000/04/06,16091,0,108,59,14874,17,225,50,243,245,95,15,N\A
9,2000/04/14,16088,0,110,79,14798,0,227,73,244,246,110,252,N\A
9,2000/04/22,15965,17,110,72,14752,0,224,38,244,245,31,23,N\A
9,2000/04/30,16233,17,109,65,14719,0,227,70,244,245,239,255,N\A
9,2000/05/08,16146,0,108,58,14852,0,226,59,243,245,6,3,N\A
9,2000/05/16,16024,0,108,53,14850,0,227,68,244,245,175,195,N\A
9,2000/05/24,16038,0,113,104,14958,0,228,80,243,245,149,75,N\A
9,2000/06/01,15961,0,108,54,14868,17,226,62,243,245,175,87,N\A
9,2000/06/09,16010,0,107,45,14877,17,224,39,243,245,75,167,N\A
9,2000/06/17,15937,0,109,68,14872,17,227,66,243,245,230,102,N\A
9,2000/06/25,15846,17,107,51,14795,0,226,61,243,245,47,23,N\A
9,2000/07/03,15651,17,109,69,14717,81,227,69,243,245,14,105,N\A
9,2000/07/11,15530,81,110,77,0,2,255,255,243,245,7,0,N\A
9,2000/07/19,15190,0,109,74,0,2,255,255,243,245,40,0,N\A
9,2000/07/27,15647,65,106,38,14844,0,225,47,243,245,24,9,N\A
9,2000/08/04,15580,81,105,22,0,2,255,255,242,244,1,0,N\A
9,2000/08/12,0,2,255,255,0,2,255,255,0,0,0,0,N\A
9,2000/08/20,15621,0,109,68,14852,17,227,78,243,245,162,20,N\A
9,2000/08/28,15351,65,107,48,14721,65,226,60,243,245,94,3,N\A
9,2000/09/05,15636,0,109,76,14713,81,226,62,244,246,40,204,N\A
9,2000/09/13,15693,17,109,70,14766,0,224,42,243,245,220,12,N\A
9,2000/09/21,15796,0,109,66,14764,17,225,58,243,245,207,107,N\A
9,2000/09/29,15741,65,109,66,14832,17,225,48,243,245,3,131,N\A
9,2000/10/07,15734,0,107,54,14753,65,229,92,243,245,175,245,N\A
9,2000/10/15,15841,0,109,68,14687,17,225,54,243,245,223,109,N\A
9,2000/10/23,15895,0,109,74,14671,17,229,93,243,245,123,116,N\A
9,2000/10/31,15917,0,110,79,14695,0,225,56,243,245,215,239,N\A
9,2000/11/08,15803,0,108,64,14603,81,227,70,243,245,239,255,N\A
9,2000/11/16,15638,0,109,77,14399,0,225,57,243,245,221,239,N\A
9,2000/11/24,15651,0,107,53,14519,81,228,90,243,245,175,148,N\A
9,2000/12/02,15486,0,108,58,14281,65,226,60,243,245,95,43,N\A
9,2000/12/10,15277,17,108,64,14239,0,228,82,243,245,239,231,N\A
9,2000/12/18,15600,0,109,68,14492,17,225,54,243,245,223,109,N\A
9,2000/12/26,15564,17,108,58,14419,0,226,67,244,245,47,63,N\A
9,2001/01/01,15369,0,109,67,14306,17,225,59,243,245,127,63,N\A
9,2001/01/09,15476,0,109,68,14335,17,227,77,243,245,190,207,N\A
9,2001/01/17,15394,0,109,67,14328,17,224,47,243,245,127,189,N\A
9,2001/01/25,15540,0,108,65,14374,17,226,69,243,245,191,255,N\A
9,2001/02/02,15445,0,109,67,14450,17,225,58,243,245,127,191,N\A
9,2001/02/10,15522,0,108,66,14455,65,227,78,243,245,191,247,N\A
9,2001/02/18,15467,17,109,70,14458,65,228,86,243,245,91,11,N\A
9,2001/02/26,15820,0,109,72,14540,0,228,82,243,245,143,198,N\A
9,2001/03/06,15830,0,108,59,14496,65,223,39,243,245,123,29,N\A
9,2001/03/14,15791,0,108,65,14599,81,224,54,243,245,191,88,N\A
9,2001/03/22,15985,0,109,67,14538,81,223,36,243,245,127,181,N\A
9,2001/03/30,16232,0,108,62,14691,17,226,70,243,245,31,203,N\A
9,2001/04/07,16012,0,108,57,14679,17,224,57,243,245,126,191,N\A
9,2001/04/15,16060,17,108,62,14759,17,226,69,243,245,185,255,N\A
9,2001/04/23,16240,0,110,78,14885,0,225,67,243,245,95,175,N\A
9,2001/05/01,16320,17,108,62,14785,0,227,79,243,245,185,223,N\A
9,2001/05/09,16273,0,109,79,14959,17,224,57,244,246,31,191,N\A
9,2001/05/17,15938,17,110,80,14734,17,225,60,244,246,163,51,N\A
9,2001/05/25,15442,0,107,58,14787,65,224,48,243,245,24,153,N\A
9,2001/06/02,15730,0,107,58,14737,0,224,54,244,246,188,226,N\A
9,2001/06/10,16208,0,109,79,14854,17,226,68,243,245,31,15,N\A
9,2001/07/04,15912,0,109,85,14951,65,226,67,244,246,136,9,N\A
9,2001/07/12,16066,17,105,33,14869,0,226,69,243,245,2,9,N\A
9,2001/07/20,15288,17,107,61,14747,65,222,25,243,245,128,2,N\A
9,2001/07/28,15439,65,107,55,14847,81,226,79,244,246,66,32,N\A
9,2001/08/05,15293,0,108,67,14733,17,226,69,243,245,12,6,N\A
9,2001/08/13,15360,65,107,64,14755,0,223,34,244,246,88,132,N\A
9,2001/08/21,15489,65,106,46,14730,65,223,37,243,245,181,72,N\A
9,2001/08/29,15271,17,107,56,14774,17,227,91,243,245,90,40,N\A
9,2001/09/06,15340,65,107,64,14794,17,228,94,243,245,146,208,N\A
9,2001/09/14,15464,0,108,73,14811,17,226,76,243,245,73,168,N\A
9,2001/09/22,15658,0,107,65,14837,17,223,44,243,245,173,66,N\A
9,2001/09/30,15712,65,108,68,14843,0,226,70,243,245,94,163,N\A
9,2001/10/08,15688,0,107,66,14744,17,223,50,243,245,191,126,N\A
9,2001/10/16,15729,17,108,67,14750,0,223,51,243,245,127,183,N\A
9,2001/10/24,15767,0,107,58,14812,17,227,86,243,245,183,211,N\A
9,2001/11/01,15669,0,108,67,14770,0,223,57,243,245,127,191,N\A
9,2001/11/09,15830,0,107,65,14687,0,226,79,243,245,191,223,N\A
9,2001/11/17,15612,0,108,67,14576,0,223,50,243,245,127,183,N\A
9,2001/11/25,15720,0,107,66,14541,17,225,75,243,245,191,253,N\A
9,2001/12/03,15439,0,107,67,14433,0,223,58,243,245,127,191,N\A
9,2001/12/11,15646,0,107,65,14499,0,226,79,243,245,191,223,N\A
9,2001/12/19,15466,17,108,73,14577,65,224,59,243,245,125,63,N\A
9,2001/12/27,15466,0,106,62,14431,0,224,62,243,245,31,27,N\A
9,2002/01/01,15285,0,108,82,14287,65,225,70,244,246,61,62,N\A
9,2002/01/09,15135,0,106,64,14200,17,224,66,243,245,250,125,N\A
9,2002/01/17,15408,0,108,77,14490,17,225,75,243,245,253,222,N\A
9,2002/01/25,15337,0,105,55,14447,0,225,70,243,245,251,253,N\A
9,2002/02/02,15628,0,108,77,14493,17,224,58,243,245,253,255,N\A
9,2002/02/10,15405,0,105,52,14494,81,224,60,243,245,249,245,N\A
9,2002/02/18,15760,0,108,77,14646,65,225,75,243,245,253,222,N\A
9,2002/02/26,15556,0,106,61,14558,0,225,68,243,245,219,252,N\A
9,2002/03/06,15903,0,108,77,14721,17,223,55,243,245,253,248,N\A
9,2002/03/14,15919,0,108,81,14691,17,225,66,243,245,26,28,N\A
9,2002/03/22,15783,17,109,100,14626,81,218,4,243,245,1,1,N\A
9,2002/03/30,15916,0,105,55,14738,0,225,69,244,246,251,253,N\A
9,2002/04/07,16013,0,108,77,14699,17,226,77,243,245,253,126,N\A
9,2002/04/15,16076,17,106,64,14866,17,225,68,243,245,125,126,N\A
9,2002/04/23,15865,0,108,77,14871,17,222,43,243,245,253,107,N\A
9,2002/05/01,16124,0,106,64,14758,0,225,69,243,245,250,253,N\A
9,2002/05/09,16215,17,108,85,14788,0,223,57,243,245,61,250,N\A
9,2002/05/17,16124,0,106,64,14804,0,225,70,243,245,250,253,N\A
9,2002/05/25,16445,0,107,75,14907,17,220,24,243,245,5,171,N\A
9,2002/06/02,15823,0,105,47,14889,17,227,91,243,245,232,45,N\A
9,2002/06/10,15797,0,107,69,14779,0,224,59,243,245,245,58,N\A
9,2002/06/18,16104,0,104,44,14936,17,225,70,243,245,235,205,N\A
9,2002/06/26,16224,0,107,76,14947,0,224,65,243,245,229,216,N\A
9,2002/07/04,15933,0,107,69,14908,17,224,66,243,245,98,77,N\A
9,2002/07/12,0,2,255,255,14841,17,221,30,243,245,0,170,N\A
9,2002/07/20,0,2,255,255,14839,17,223,51,243,245,0,21,N\A
9,2002/07/28,0,2,255,255,14758,81,223,51,242,244,0,104,N\A
9,2002/08/05,15633,65,105,48,14890,0,223,52,243,245,42,17,N\A
9,2002/08/13,15622,65,109,92,14819,17,224,63,243,245,164,2,N\A
9,2002/08/21,15375,65,104,42,14950,17,226,91,243,245,130,128,N\A
9,2002/08/29,15886,0,108,88,14872,17,224,67,243,245,1,74,N\A
9,2002/09/06,15761,65,106,60,14828,65,225,76,243,245,104,177,N\A
9,2002/09/14,15780,65,107,71,14833,65,224,56,244,246,241,140,N\A
9,2002/09/22,15890,0,103,33,14965,17,226,85,243,245,139,129,N\A
9,2002/09/30,15973,17,105,49,14886,17,222,43,243,245,85,107,N\A
9,2002/10/08,16009,0,106,63,14901,17,225,77,243,245,106,61,N\A
9,2002/10/16,15877,0,106,65,14704,17,224,67,243,245,244,122,N\A
9,2002/10/24,16013,0,106,61,14854,17,226,84,243,245,10,13,N\A
9,2002/11/01,15855,17,108,77,14716,17,222,48,243,245,253,251,N\A
9,2002/11/09,15764,0,105,55,14730,17,224,62,243,245,251,221,N\A
9,2002/11/17,15825,0,108,77,14640,0,224,67,243,245,253,254,N\A
9,2002/11/25,15647,17,104,44,14519,17,222,41,243,245,235,85,N\A
9,2002/12/03,15827,0,106,57,14594,17,225,73,243,245,116,246,N\A
9,2002/12/11,15525,0,105,55,14384,0,225,70,243,245,251,253,N\A
9,2002/12/19,15349,0,108,78,14138,0,224,59,244,246,253,255,N\A
9,2002/12/27,15319,0,106,62,14207,17,225,69,243,245,27,29,N\A
9,2003/01/01,15408,0,106,64,14189,0,226,79,243,245,239,247,N\A
9,2003/01/09,15653,0,107,68,14576,17,224,63,243,245,223,238,N\A
9,2003/01/17,15445,0,106,64,14356,81,225,78,243,245,239,151,N\A
9,2003/01/25,15644,0,106,59,14494,81,226,80,243,245,95,75,N\A
9,2003/02/02,15543,0,107,74,14488,17,223,47,243,245,235,122,N\A
9,2003/02/10,15599,17,107,77,14506,65,223,49,243,245,221,237,N\A
9,2003/02/18,15680,0,106,64,14556,17,225,77,243,245,239,212,N\A
9,2003/02/26,15738,17,107,69,14655,0,224,63,243,245,220,170,N\A
9,2003/03/06,15620,0,107,73,14572,81,225,75,243,245,235,103,N\A
9,2003/03/14,15726,0,107,68,14663,17,222,45,243,245,223,175,N\A
9,2003/03/22,15726,0,105,54,14505,81,225,70,243,245,175,115,N\A
9,2003/03/30,16063,0,107,68,14728,0,223,52,243,245,223,142,N\A
9,2003/04/07,16016,0,106,64,14906,17,226,81,243,245,239,55,N\A
9,2003/04/15,15941,0,106,59,14686,0,224,62,244,246,95,111,N\A
9,2003/04/23,15948,0,106,64,14592,17,226,82,243,245,239,135,N\A
9,2003/05/01,16063,0,107,68,14763,0,223,56,243,245,223,239,N\A
9,2003/05/09,16227,0,106,64,14693,17,225,75,243,245,239,103,N\A
9,2003/05/17,16164,17,106,59,14879,0,224,65,244,246,15,79,N\A
9,2003/05/25,15604,17,108,86,14838,0,226,89,243,245,42,197,N\A
9,2003/06/02,15639,17,107,75,14688,0,224,62,243,245,16,111,N\A
9,2003/06/10,15927,0,105,48,14765,17,225,75,243,245,172,246,N\A
9,2003/06/18,15734,0,107,74,14969,17,223,59,243,245,84,3,N\A
9,2003/06/26,15499,81,107,73,14801,0,227,101,243,245,11,5,N\A
9,2003/07/04,15343,17,110,109,14580,65,221,36,243,245,5,160,N\A
9,2003/07/12,15491,17,108,83,14829,0,224,63,244,246,200,68,N\A
9,2003/07/20,15544,17,105,44,14864,0,223,57,243,245,64,162,N\A
9,2003/07/28,15233,0,105,46,14682,17,221,35,243,245,160,64,N\A
9,2003/08/05,15450,0,109,99,14881,17,222,48,243,245,4,32,N\A
9,2003/08/13,15068,0,105,46,14713,81,224,72,243,245,172,208,N\A
9,2003/08/21,15024,81,106,62,0,2,255,255,243,245,22,0,N\A
9,2003/08/29,15333,0,105,41,14683,0,228,118,243,245,33,128,N\A
9,2003/09/06,15399,0,109,91,14755,81,227,100,243,245,213,74,N\A
9,2003/09/14,15757,0,107,73,14773,17,227,102,243,245,40,181,N\A
9,2003/09/22,15556,17,108,84,14779,0,221,40,243,245,85,12,N\A
9,2003/09/30,15752,0,107,71,14786,81,225,76,243,245,238,230,N\A
9,2003/10/08,15607,65,106,59,14766,17,223,48,244,245,95,32,N\A
9,2003/10/16,15846,0,105,52,14855,0,223,62,244,245,143,71,N\A
9,2003/10/24,15686,0,107,68,14781,17,224,63,243,245,223,238,N\A
9,2003/11/01,15782,0,106,64,14773,17,226,87,244,245,239,183,N\A
9,2003/11/09,15645,0,107,77,14607,81,224,66,243,245,221,235,N\A
9,2003/11/17,15699,17,106,65,14654,0,225,71,244,246,239,255,N\A
9,2003/11/25,15600,0,107,69,14538,0,223,58,243,245,223,239,N\A
9,2003/12/03,15329,0,106,65,14256,0,225,75,243,245,239,191,N\A
9,2003/12/11,15663,0,106,63,14585,0,223,51,243,245,31,15,N\A
9,2003/12/19,15419,0,109,82,14599,17,226,78,243,245,3,3,N\A
9,2003/12/27,15347,0,106,63,14499,17,224,66,242,244,31,11,N\A
9,2004/01/01,15566,0,107,67,14547,17,223,51,243,245,126,253,N\A
9,2004/01/09,15200,0,107,77,14335,81,226,82,243,245,238,67,N\A
9,2004/01/17,15565,17,107,67,14360,0,223,55,244,245,126,223,N\A
9,2004/01/25,15393,0,106,58,14340,0,224,61,243,245,253,123,N\A
9,2004/02/02,15180,0,107,67,14267,17,224,61,243,245,126,254,N\A
9,2004/02/10,15564,0,107,76,14489,0,224,59,243,245,191,126,N\A
9,2004/02/18,15578,0,107,71,14540,0,224,61,243,245,124,254,N\A
9,2004/02/26,15914,0,106,65,14702,17,224,69,243,245,127,127,N\A
9,2004/03/05,15399,0,106,57,14602,0,224,59,243,245,120,255,N\A
9,2004/03/13,15651,0,106,57,14553,0,224,69,243,245,253,127,N\A
9,2004/03/21,15956,0,107,75,14687,0,224,60,243,245,118,183,N\A
9,2004/03/29,16134,0,107,74,14645,0,225,79,244,246,191,95,N\A
9,2004/04/06,15938,17,106,57,14809,0,224,67,243,245,110,191,N\A
9,2004/04/14,16186,0,107,66,14719,0,224,69,243,245,255,127,N\A
9,2004/04/22,15992,17,105,55,14800,17,224,67,243,245,122,191,N\A
9,2004/04/30,16206,0,107,66,14738,0,224,69,243,245,255,127,N\A
9,2004/05/08,15935,0,108,86,14946,0,224,67,243,245,92,191,N\A
9,2004/05/16,16066,0,107,67,14901,17,225,75,244,245,19,79,N\A
9,2004/05/24,15838,17,107,64,14887,17,224,66,243,245,14,239,N\A
9,2004/06/01,15714,0,108,75,14810,81,224,62,243,245,63,99,N\A
9,2004/06/09,15697,0,106,68,14812,17,224,63,243,245,112,159,N\A
9,2004/06/17,15694,0,106,56,14877,0,226,80,244,246,133,67,N\A
9,2004/06/25,15763,65,105,47,14744,17,225,75,243,245,98,6,N\A
9,2004/07/03,15798,81,106,54,14809,65,223,56,243,245,132,35,N\A
9,2004/07/11,15670,0,107,67,14824,17,224,70,243,245,66,167,N\A
9,2004/07/19,15488,0,107,70,14553,65,230,124,244,246,13,5,N\A
9,2004/07/27,15631,81,106,59,14747,81,222,46,243,245,26,217,N\A
9,2004/08/04,15530,0,107,67,14809,0,224,69,244,246,36,18,N\A
9,2004/08/12,15724,65,105,46,14784,0,218,9,243,245,2,16,N\A
9,2004/08/20,15487,0,106,61,14832,81,221,41,243,245,249,96,N\A
9,2004/08/28,15248,65,107,73,14677,65,221,36,243,245,100,144,N\A
9,2004/09/05,15541,0,108,80,14786,0,225,90,243,245,39,80,N\A
9,2004/09/13,15668,0,107,67,14623,0,224,68,243,245,90,12,N\A
9,2004/09/21,15673,0,106,56,14896,0,223,62,243,245,211,36,N\A
9,2004/09/29,15806,65,107,67,0,2,255,255,243,245,126,0,N\A
9,2004/10/07,15732,17,107,67,14730,17,223,64,243,245,255,111,N\A
9,2004/10/15,15953,0,107,75,14722,65,221,47,243,245,118,124,N\A
9,2004/10/23,15820,0,107,66,14770,17,222,51,243,245,255,110,N\A
9,2004/10/31,15930,0,107,66,14657,0,223,59,243,245,126,255,N\A
9,2004/11/08,15840,0,107,66,14619,0,224,69,243,245,255,127,N\A
9,2004/11/16,15708,17,107,66,14659,17,223,67,243,245,126,191,N\A
9,2004/11/24,15520,0,107,66,14578,65,223,58,243,245,255,90,N\A
9,2004/12/02,15540,17,107,66,14531,17,223,67,243,245,126,191,N\A
9,2004/12/10,15581,0,107,75,14402,0,224,69,243,245,191,127,N\A
9,2004/12/18,15507,0,107,70,14278,81,225,80,243,245,124,38,N\A
9,2004/12/26,15318,0,108,75,14285,0,224,72,243,245,63,39,N\A
9,2005/01/01,15267,0,105,55,14320,0,224,70,243,245,251,253,N\A
9,2005/01/09,15306,0,108,77,14210,17,222,48,243,245,253,237,N\A
9,2005/01/17,15258,0,106,57,14169,81,221,43,243,245,243,65,N\A
9,2005/01/25,15658,0,108,77,14421,0,224,67,243,245,253,254,N\A
9,2005/02/02,15576,0,105,55,14678,0,222,54,244,245,251,117,N\A
9,2005/02/10,15628,0,107,68,14535,17,223,60,243,245,245,242,N\A
9,2005/02/18,15890,0,105,55,14738,17,224,69,243,245,251,253,N\A
9,2005/02/26,15871,17,108,77,14654,17,224,66,243,245,253,254,N\A
9,2005/03/06,15936,0,106,61,14708,17,225,79,243,245,27,189,N\A
9,2005/03/14,15682,0,108,77,14422,81,223,60,243,245,253,98,N\A
9,2005/03/22,15724,0,105,55,14543,0,224,69,244,246,251,180,N\A
9,2005/03/30,15942,0,106,66,14727,17,224,67,244,245,197,254,N\A
9,2005/04/07,15883,0,105,55,14720,0,224,70,243,245,251,253,N\A
9,2005/04/15,16264,0,108,77,14721,17,224,66,243,245,253,127,N\A
9,2005/04/23,15875,0,106,62,14570,17,224,68,243,245,248,252,N\A
9,2005/05/01,16018,17,106,59,14540,17,222,46,243,245,209,249,N\A
9,2005/05/09,16134,0,103,33,14572,17,223,63,244,246,35,241,N\A
9,2005/05/17,15687,17,106,62,14768,17,224,66,243,245,117,50,N\A
9,2005/05/25,15798,0,108,77,14828,17,223,57,243,244,72,244,N\A
9,2005/06/02,15465,65,110,94,14815,17,225,75,242,244,12,14,N\A
9,2005/06/10,15518,65,106,59,14844,17,224,73,243,245,104,157,N\A
9,2005/06/18,15664,0,107,74,14683,0,224,61,244,246,5,46,N\A
9,2005/06/26,15550,81,107,74,14897,0,226,94,243,245,2,33,N\A
9,2005/07/04,15570,0,109,94,14601,81,223,65,243,245,129,216,N\A
9,2005/07/12,15571,0,103,27,14751,81,222,48,243,245,136,4,N\A
9,2005/07/20,15673,0,109,100,14935,17,221,35,244,246,128,8,N\A
9,2005/07/28,15228,65,110,109,14903,0,220,25,244,246,64,16,N\A
9,2005/08/05,0,2,255,255,0,2,255,255,0,0,0,0,N\A
9,2005/08/13,15156,0,103,23,14882,0,226,91,243,245,32,128,N\A
9,2005/08/21,15409,0,106,61,14868,17,221,35,242,244,17,8,N\A
9,2005/08/29,15483,65,107,66,14612,81,225,90,243,245,58,128,N\A
9,2005/09/06,15644,0,106,56,14771,81,224,72,244,246,116,26,N\A
9,2005/09/14,15513,0,106,63,14766,0,224,75,243,245,106,176,N\A
9,2005/09/22,15646,17,105,52,14842,65,221,46,243,245,212,226,N\A
9,2005/09/30,15664,81,105,46,14831,0,224,69,243,245,179,253,N\A
9,2005/10/08,15856,0,107,73,14628,65,222,50,244,245,125,164,N\A
9,2005/10/16,15723,0,106,64,14783,17,224,70,243,245,250,253,N\A
9,2005/10/24,15774,0,108,77,14738,17,223,59,243,245,253,255,N\A
9,2005/11/01,15614,0,105,55,14595,0,224,70,243,245,251,253,N\A
9,2005/11/09,15621,0,108,78,14533,81,223,59,243,245,253,255,N\A
9,2005/11/17,15601,0,105,56,14570,17,225,80,243,245,251,189,N\A
9,2005/11/25,15746,0,108,78,14672,17,223,59,243,245,253,255,N\A
9,2005/12/03,15570,17,105,56,14566,0,225,81,243,245,251,189,N\A
9,2005/12/11,15621,0,108,78,14577,17,223,59,243,245,253,255,N\A
9,2005/12/19,15346,0,105,55,14436,17,224,70,243,245,251,253,N\A
9,2005/12/27,15383,17,109,92,14496,17,224,69,243,245,13,31,N\A
9,2006/01/01,15562,0,107,68,14573,0,222,56,243,245,223,239,N\A
9,2006/01/09,15391,0,106,63,14415,17,225,79,243,245,239,247,N\A
9,2006/01/17,15418,17,107,67,14520,0,222,56,243,245,223,239,N\A
9,2006/01/25,15617,0,107,66,14523,17,225,82,243,245,233,231,N\A
9,2006/02/02,15545,0,107,68,14590,17,224,72,243,245,223,99,N\A
9,2006/02/10,15519,0,107,70,14523,81,224,73,244,246,238,119,N\A
9,2006/02/18,15660,0,107,68,14512,17,223,56,243,245,223,239,N\A
9,2006/02/26,15797,17,106,64,14709,17,225,79,243,245,239,247,N\A
9,2006/03/06,15720,0,108,79,14546,0,225,80,243,245,215,75,N\A
9,2006/03/14,15611,17,109,90,14619,17,225,79,243,245,202,247,N\A
9,2006/03/22,15888,0,106,61,14581,17,221,45,243,245,31,175,N\A
9,2006/03/30,15797,0,106,64,14523,17,226,87,243,245,239,244,N\A
9,2006/04/07,15845,0,106,59,14601,17,223,58,243,245,95,46,N\A
9,2006/04/15,15931,0,106,57,14630,17,226,91,243,245,237,245,N\A
9,2006/04/23,16264,0,107,75,14666,17,223,57,243,245,211,239,N\A
9,2006/05/01,16119,17,107,66,14875,17,226,91,243,245,233,245,N\A
9,2006/05/09,15823,17,107,74,14736,17,223,65,243,245,16,11,N\A
9,2006/05/17,15965,17,109,96,14682,0,225,79,243,245,106,116,N\A
9,2006/05/25,16164,0,107,74,14740,17,223,63,243,245,211,227,N\A
9,2006/06/02,16135,0,107,73,14727,17,226,87,243,245,11,183,N\A
9,2006/06/10,15780,0,106,60,14780,17,224,68,242,244,80,138,N\A
9,2006/06/18,15606,17,107,74,14733,0,228,102,244,246,235,181,N\A
9,2006/06/26,15635,81,106,59,14876,81,224,71,243,245,95,110,N\A
9,2006/07/04,15585,17,106,57,14814,81,228,111,243,245,41,1,N\A
9,2006/07/12,15453,0,111,112,14832,0,219,16,243,245,132,1,N\A
9,2006/07/20,15429,65,108,76,0,2,255,255,244,246,203,0,N\A
9,2006/07/28,15505,17,107,74,0,2,255,255,241,243,16,0,N\A
9,2006/08/05,0,2,255,255,14611,81,231,129,242,244,0,32,N\A
9,2006/08/13,15609,65,107,73,14821,17,225,76,243,245,68,42,N\A
9,2006/08/21,15435,17,108,88,14839,17,224,63,243,245,8,68,N\A
9,2006/08/29,15260,0,106,58,14580,81,227,102,243,245,86,2,N\A
9,2006/09/06,15463,81,108,83,14811,17,222,45,243,245,200,70,N\A
9,2006/09/14,15639,0,107,64,14754,65,221,36,243,245,210,160,N\A
9,2006/09/22,15464,0,106,59,14761,65,225,79,244,246,6,131,N\A
9,2006/09/30,15669,0,107,68,14843,17,223,55,243,245,223,236,N\A
9,2006/10/08,15866,17,106,63,14876,17,226,87,243,245,239,166,N\A
9,2006/10/16,15840,0,107,76,14873,17,224,76,243,245,23,8,N\A
9,2006/10/24,15699,17,107,60,14692,17,223,62,243,245,225,84,N\A
9,2006/11/01,15656,0,107,68,14780,0,223,56,243,245,223,239,N\A
9,2006/11/09,15565,0,106,64,14566,0,225,79,243,245,239,247,N\A
9,2006/11/17,15543,0,107,68,14346,0,223,57,244,246,223,239,N\A
9,2006/11/25,15417,0,106,64,14289,0,226,87,244,246,239,183,N\A
9,2006/12/03,15366,0,107,68,14427,81,223,56,243,245,223,239,N\A
9,2006/12/11,15389,0,106,64,14323,17,225,79,243,245,239,247,N\A
9,2006/12/19,15391,0,107,68,14315,17,223,57,243,245,223,239,N\A
9,2006/12/27,15033,0,106,57,14161,17,224,69,243,245,15,23,N\A
9,2007/01/01,15188,0,107,66,14314,0,224,69,243,245,255,127,N\A
9,2007/01/09,15097,0,106,57,14249,17,223,59,243,245,110,231,N\A
9,2007/01/17,15314,0,107,66,14259,17,224,69,243,245,255,127,N\A
9,2007/01/25,15527,0,107,66,14434,0,223,58,244,246,126,127,N\A
9,2007/02/02,15450,0,107,66,14270,0,224,61,243,245,255,47,N\A
9,2007/02/10,15436,0,106,58,14393,65,223,59,244,246,110,231,N\A
9,2007/02/18,15770,0,106,58,14496,0,224,64,243,245,127,62,N\A
9,2007/02/26,15431,17,107,70,14503,17,224,61,243,245,124,254,N\A
9,2007/03/06,15828,17,107,66,14590,0,224,69,243,245,255,127,N\A
9,2007/03/14,15612,0,106,63,14489,17,224,64,243,245,114,251,N\A
9,2007/03/22,15879,17,107,66,14694,0,224,69,243,245,255,127,N\A
9,2007/03/30,15873,0,107,66,14816,17,224,59,243,245,126,255,N\A
9,2007/04/07,16133,0,108,83,14721,0,224,64,244,246,143,111,N\A
9,2007/04/15,16051,0,108,78,14646,17,224,63,243,245,94,159,N\A
9,2007/04/23,16145,17,107,67,14777,0,224,67,244,245,55,63,N\A
9,2007/05/01,16073,0,107,70,14914,17,224,62,243,245,124,182,N\A
9,2007/05/09,15964,0,106,63,14885,17,224,69,243,245,243,115,N\A
9,2007/05/17,15918,0,107,66,14764,0,223,59,243,245,126,60,N\A
9,2007/05/25,16150,0,108,82,14828,17,226,88,243,245,187,93,N\A
9,2007/06/02,15759,0,107,73,14876,17,222,46,243,245,88,180,N\A
9,2007/06/10,15794,0,105,54,14829,65,223,56,243,245,229,66,N\A
9,2007/06/18,15676,0,106,56,14894,17,223,55,243,245,72,37,N\A
9,2007/06/26,15386,65,109,89,14556,65,219,16,243,245,9,8,N\A
9,2007/07/04,15624,65,110,109,14770,17,225,68,244,246,16,12,N\A
9,2007/07/12,15657,81,108,75,14791,81,227,102,242,244,12,16,N\A
9,2007/07/20,15622,17,104,35,14731,65,219,13,243,245,10,68,N\A
9,2007/07/28,15568,0,106,60,0,2,255,255,243,245,1,0,N\A
9,2007/08/05,15748,81,105,46,14795,81,224,56,242,244,2,129,N\A
9,2007/08/13,15497,17,107,69,14780,0,227,99,243,245,183,68,N\A
9,2007/08/21,0,2,255,255,14802,17,219,10,243,245,0,16,N\A
9,2007/08/29,15492,0,107,68,14761,17,226,91,243,245,129,80,N\A
9,2007/09/06,15416,65,105,47,14705,65,222,47,243,245,58,217,N\A
9,2007/09/14,15516,0,107,72,14817,0,225,79,243,245,159,92,N\A
9,2007/09/22,15585,0,107,67,14715,0,223,57,243,245,126,237,N\A
9,2007/09/30,15758,0,106,58,14786,17,226,83,244,246,253,25,N\A
9,2007/10/08,15814,0,108,86,14781,65,223,58,243,245,92,103,N\A
9,2007/10/16,15821,17,105,51,14900,0,227,99,243,245,221,68,N\A
9,2007/10/24,15898,0,107,66,14773,17,224,67,243,245,126,191,N\A
9,2007/11/01,15774,0,107,66,14667,0,224,69,244,245,255,127,N\A
9,2007/11/09,15739,0,107,66,14831,17,225,74,243,245,126,187,N\A
9,2007/11/17,15677,0,107,66,14649,0,224,69,243,245,255,127,N\A
9,2007/11/25,15685,0,107,66,14603,17,224,67,243,245,126,191,N\A
9,2007/12/03,15481,17,107,66,14469,81,224,61,243,245,255,123,N\A
9,2007/12/11,15568,17,107,66,14524,0,225,74,243,245,126,187,N\A
9,2007/12/19,15335,17,107,66,14432,0,224,69,243,245,255,127,N\A
9,2007/12/27,15550,0,108,75,14520,81,224,63,243,245,30,31,N\A
9,2008/01/01,15479,0,107,73,14418,0,225,79,243,245,250,253,N\A
9,2008/01/09,15413,0,107,76,14279,17,224,65,244,245,183,211,N\A
9,2008/01/17,15427,0,106,60,14525,81,225,73,243,245,155,149,N\A
9,2008/01/25,15125,0,107,68,14225,65,224,63,243,245,247,248,N\A
9,2008/02/02,15370,0,106,64,14459,0,226,90,243,245,251,189,N\A
9,2008/02/10,15454,0,108,79,14490,17,223,57,243,245,245,251,N\A
9,2008/02/18,15341,0,106,64,14592,17,224,67,243,245,251,244,N\A
9,2008/02/26,15598,0,107,68,14538,0,223,57,243,245,247,251,N\A
9,2008/03/05,15846,17,106,63,14655,0,225,79,244,245,251,253,N\A
9,2008/03/13,15839,0,108,78,14604,17,224,65,243,245,245,250,N\A
9,2008/03/21,15975,0,106,63,14701,0,225,78,243,245,251,253,N\A
9,2008/03/29,15840,0,107,67,14731,17,222,47,243,245,247,187,N\A
9,2008/04/06,15787,0,108,85,14690,0,224,63,244,245,83,17,N\A
9,2008/04/14,16046,0,107,68,14945,0,226,80,243,245,247,72,N\A
9,2008/04/22,15553,0,103,24,14867,17,224,65,243,245,160,100,N\A
9,2008/04/30,15859,0,107,75,14741,17,222,40,243,245,183,170,N\A
9,2008/05/08,16001,17,106,64,14863,17,226,79,243,245,251,253,N\A
9,2008/05/16,16115,17,108,81,14755,17,225,69,242,244,52,58,N\A
9,2008/05/24,16097,17,106,55,14596,17,225,71,243,245,224,216,N\A
9,2008/06/01,16014,0,107,75,14729,0,224,61,243,245,39,202,N\A
9,2008/06/09,15504,0,107,72,14828,17,227,82,243,245,123,24,N\A
9,2008/06/17,15534,65,106,62,14684,17,219,13,243,245,99,161,N\A
9,2008/06/25,15925,0,108,75,14906,17,228,100,243,245,96,45,N\A
9,2008/07/03,15423,0,106,60,14896,0,221,25,244,246,20,32,N\A
9,2008/07/11,15871,0,107,74,14932,17,224,63,243,245,10,4,N\A
9,2008/07/19,15469,0,104,34,14732,0,220,17,243,245,80,160,N\A
9,2008/07/27,15329,0,108,75,14797,0,224,62,243,245,96,4,N\A
9,2008/08/04,0,2,255,255,0,2,255,255,0,0,0,0,N\A
9,2008/08/12,15557,65,111,117,14795,17,224,62,244,246,64,4,N\A
9,2008/08/20,15042,81,106,70,14612,65,223,58,243,245,131,65,N\A
9,2008/08/28,15079,0,108,75,14702,17,226,91,243,245,96,37,N\A
9,2008/09/05,15401,0,108,87,14738,65,228,101,243,245,5,18,N\A
9,2008/09/13,15252,0,106,60,14765,17,225,75,243,245,8,97,N\A
9,2008/09/21,15831,17,109,92,14733,0,225,67,243,245,132,240,N\A
9,2008/09/29,15686,0,107,65,14835,17,227,96,243,245,186,184,N\A
9,2008/10/07,15812,0,107,73,14794,17,225,77,243,245,117,2,N\A
9,2008/10/15,15773,0,106,64,14676,17,225,77,243,245,251,252,N\A
9,2008/10/23,15756,0,107,68,14598,0,223,57,243,245,247,251,N\A
9,2008/10/31,15733,0,106,64,14473,17,225,79,243,245,251,253,N\A
9,2008/11/08,15713,0,107,68,14608,0,223,57,243,245,247,251,N\A
9,2008/11/16,15712,17,106,64,14633,0,226,79,243,245,251,253,N\A
9,2008/11/24,15682,0,107,68,14686,0,223,57,243,245,247,251,N\A
9,2008/12/02,15633,0,106,64,14573,0,226,79,243,245,251,253,N\A
9,2008/12/10,15575,0,107,68,14609,0,223,57,243,245,247,251,N\A
9,2008/12/18,15292,0,106,57,14435,17,224,65,243,245,27,31,N\A
9,2008/12/26,15334,17,107,69,14485,0,224,58,243,245,55,51,N\A
9,2009/01/01,15339,0,106,64,14385,17,224,63,243,245,239,127,N\A
9,2009/01/09,15459,0,107,68,14534,0,223,57,243,245,223,239,N\A
9,2009/01/17,15576,0,106,64,14388,17,224,61,243,245,239,223,N\A
9,2009/01/25,15567,0,107,68,14524,0,223,57,243,245,223,239,N\A
9,2009/02/02,15636,0,106,64,14481,0,224,63,243,245,239,127,N\A
9,2009/02/10,15551,0,107,77,14644,17,224,58,243,245,221,233,N\A
9,2009/02/18,15713,0,106,64,14632,0,226,79,244,245,239,247,N\A
9,2009/02/26,15722,0,108,79,14559,81,224,58,243,245,215,207,N\A
9,2009/03/06,15841,17,106,64,14609,0,225,72,243,245,239,215,N\A
9,2009/03/14,15784,0,107,68,14608,17,222,39,243,245,223,167,N\A
9,2009/03/22,15797,0,106,64,14705,17,225,70,243,245,239,255,N\A
9,2009/03/30,15965,0,107,68,14541,0,223,50,243,245,223,15,N\A
9,2009/04/07,15969,17,107,65,14730,0,225,77,243,245,207,230,N\A
9,2009/04/15,16001,0,107,68,14786,17,223,49,243,245,223,237,N\A
9,2009/04/23,15873,0,106,56,14734,0,227,92,244,246,163,241,N\A
9,2009/05/01,15944,0,107,77,14776,0,222,43,243,245,23,39,N\A
9,2009/05/09,15780,17,108,77,14445,0,224,64,244,245,232,254,N\A
9,2009/05/17,16016,0,108,79,14748,17,224,58,243,245,215,207,N\A
9,2009/05/25,15849,17,106,61,14737,0,226,79,243,245,109,247,N\A
9,2009/06/02,15870,0,107,73,14827,17,222,43,243,245,84,39,N\A
9,2009/06/10,16071,17,105,53,14737,65,226,87,244,245,175,166,N\A
9,2009/06/18,15621,17,111,112,14800,0,223,55,243,245,132,236,N\A
9,2009/06/26,15739,0,106,56,14681,65,226,89,243,245,163,197,N\A
9,2009/07/04,0,2,255,255,0,2,255,255,0,0,0,0,N\A
9,2009/07/12,15294,0,105,46,14808,65,226,90,243,245,160,148,N\A
9,2009/07/20,15280,81,111,117,14924,81,225,77,243,245,1,8,N\A
9,2009/07/28,15381,65,104,34,14595,65,225,69,244,246,36,34,N\A
9,2009/08/05,15505,81,108,84,0,2,255,255,243,245,85,0,N\A
9,2009/08/13,15693,0,107,74,14774,17,229,110,243,245,40,36,N\A
9,2009/08/21,15457,0,104,30,14453,65,225,70,244,246,66,65,N\A
9,2009/08/29,15520,0,108,85,14723,17,227,92,243,245,42,97,N\A
9,2009/09/06,15597,65,106,63,14838,0,230,124,244,245,219,64,N\A
9,2009/09/14,15562,0,108,73,14889,0,226,82,243,245,195,96,N\A
9,2009/09/22,15604,17,107,73,14740,65,221,25,243,245,84,128,N\A
9,2009/09/30,15707,0,106,64,14756,17,221,35,243,245,239,82,N\A
9,2009/10/08,15850,0,107,69,14626,17,223,57,243,245,220,239,N\A
9,2009/10/16,15816,0,107,71,14848,17,224,71,243,245,238,215,N\A
9,2009/10/24,15738,0,106,63,14760,0,224,58,243,245,219,233,N\A
9,2009/11/01,15845,0,106,64,14786,0,225,79,243,245,239,247,N\A
9,2009/11/09,15815,0,107,68,14720,17,222,49,243,245,223,47,N\A
9,2009/11/17,15538,0,106,64,14488,81,225,75,243,245,239,85,N\A
9,2009/11/25,15502,0,105,52,14331,0,223,56,243,245,218,236,N\A
9,2009/12/03,15490,17,106,60,14379,0,224,66,244,245,231,251,N\A
9,2009/12/11,15541,17,107,68,14389,17,223,57,243,245,223,239,N\A
9,2009/12/19,15534,0,106,64,14414,0,225,79,244,245,239,247,N\A
9,2009/12/27,15502,0,107,76,14341,0,222,50,243,245,23,15,N\A
9,2010/01/01,15475,0,107,66,14430,0,225,70,243,245,126,190,N\A
9,2010/01/09,15549,0,106,61,14613,0,225,75,243,245,223,15,N\A
9,2010/01/17,15376,0,106,68,14410,81,226,88,243,245,112,168,N\A
9,2010/01/25,15681,0,107,66,14495,65,223,63,243,245,255,124,N\A
9,2010/02/02,15456,0,108,77,14396,81,223,51,243,245,18,157,N\A
9,2010/02/10,15740,0,106,61,14569,0,224,69,243,245,223,127,N\A
9,2010/02/18,15796,0,107,66,14677,17,224,68,243,245,126,63,N\A
9,2010/02/26,15733,0,106,63,14480,81,223,55,243,245,243,114,N\A
9,2010/03/06,15966,0,106,57,14695,0,224,67,243,245,110,191,N\A
9,2010/03/14,15826,17,107,71,14693,0,226,80,243,245,141,95,N\A
9,2010/03/22,15241,17,106,62,14452,17,224,68,243,245,62,63,N\A
9,2010/03/30,15886,0,106,57,14685,0,223,59,243,245,253,126,N\A
9,2010/04/07,15834,0,107,66,14667,17,225,77,243,245,126,175,N\A
9,2010/04/15,16001,0,106,58,14736,0,224,69,243,245,247,127,N\A
9,2010/04/23,16134,0,107,66,14729,17,225,79,243,245,126,47,N\A
9,2010/05/01,16114,0,105,50,14581,65,225,74,243,245,241,125,N\A
9,2010/05/09,16063,0,107,66,14794,0,224,67,243,245,126,191,N\A
9,2010/05/17,16094,17,108,79,14935,17,224,65,243,245,167,88,N\A
9,2010/05/25,15965,0,107,70,14827,17,224,68,243,245,78,173,N\A
9,2010/06/02,15707,17,105,46,14798,17,224,65,242,244,5,88,N\A
9,2010/06/10,15650,17,107,70,14802,17,223,58,243,245,124,189,N\A
9,2010/06/18,15459,81,106,62,14747,0,229,118,243,245,177,4,N\A
9,2010/06/26,15636,17,108,81,14643,81,223,60,243,245,50,19,N\A
9,2010/07/04,15607,0,107,69,14756,17,223,59,243,245,164,102,N\A
9,2010/07/12,15620,17,105,45,14843,65,218,9,243,245,2,16,N\A
9,2010/07/20,15296,81,109,100,14734,17,224,77,243,245,32,64,N\A
9,2010/07/28,15631,81,106,59,14793,0,226,78,243,245,26,131,N\A
9,2010/08/05,15168,0,104,32,0,2,255,255,243,245,4,0,N\A
9,2010/08/13,0,2,255,255,14690,81,227,94,243,245,0,11,N\A
9,2010/08/21,15176,17,106,59,14895,17,221,35,242,244,1,2,N\A
9,2010/08/29,0,2,255,255,14839,65,223,48,243,245,0,1,N\A
9,2010/09/06,15485,17,105,45,14838,0,221,41,243,245,149,96,N\A
9,2010/09/14,15296,0,107,66,14777,17,225,72,243,245,126,178,N\A
9,2010/09/22,15535,0,106,57,14887,0,222,55,243,245,253,114,N\A
9,2010/09/30,15650,0,107,66,14789,0,223,58,243,245,126,189,N\A
9,2010/10/08,15744,0,107,71,14827,17,223,63,243,245,251,124,N\A
9,2010/10/16,15611,17,106,57,14790,0,228,109,244,245,110,42,N\A
9,2010/10/24,15701,17,106,64,14810,0,223,59,243,245,237,102,N\A
9,2010/11/01,15729,17,106,57,14808,0,224,67,243,245,110,191,N\A
9,2010/11/09,15734,17,107,66,14644,0,224,69,243,245,255,127,N\A
9,2010/11/17,15741,0,107,66,14647,17,224,67,243,245,126,191,N\A
9,2010/11/25,15721,17,107,66,14584,0,224,69,243,245,255,127,N\A
9,2010/12/03,15473,0,107,66,14512,17,224,67,243,245,126,191,N\A
9,2010/12/11,15432,0,107,66,14399,65,223,59,243,245,255,126,N\A
9,2010/12/19,15464,0,107,66,14534,0,224,67,243,245,126,191,N\A
9,2010/12/27,15412,17,107,70,14407,65,226,85,243,245,31,22,N\A
9,2011/01/01,15319,0,107,68,14377,65,223,57,243,245,247,251,N\A
9,2011/01/09,15341,0,107,73,14319,0,225,79,243,245,250,253,N\A
9,2011/01/17,15238,0,107,67,14308,65,223,56,243,245,247,251,N\A
9,2011/01/25,15536,0,106,63,14428,81,225,79,243,245,251,253,N\A
9,2011/02/02,15585,0,106,61,14556,0,223,57,243,245,119,251,N\A
9,2011/02/10,15467,0,106,64,14375,0,225,77,243,245,251,252,N\A
9,2011/02/18,15634,0,107,72,14562,0,222,50,243,245,231,195,N\A
9,2011/02/26,15618,17,106,64,14690,17,225,72,243,245,251,124,N\A
9,2011/03/06,15610,0,107,68,14538,65,220,35,243,245,247,139,N\A
9,2011/03/14,15864,0,106,64,14566,0,225,79,243,245,251,253,N\A
9,2011/03/22,15770,0,108,79,14629,17,222,50,243,245,245,203,N\A
9,2011/03/30,15747,0,106,64,14617,0,225,79,243,245,251,253,N\A
9,2011/04/07,15761,0,107,68,14695,17,223,54,243,245,247,241,N\A
9,2011/04/15,15873,0,106,64,14694,0,225,79,243,245,251,253,N\A
9,2011/04/23,16187,0,106,61,14725,17,223,57,243,245,119,251,N\A
9,2011/05/01,16153,0,106,64,14758,0,225,79,243,245,251,253,N\A
9,2011/05/09,15926,17,107,70,14739,17,222,48,243,245,213,232,N\A
9,2011/05/17,15955,0,105,47,14641,0,225,77,243,245,43,5,N\A
9,2011/05/25,15761,65,107,66,14677,0,218,9,244,245,192,128,N\A
9,2011/06/02,16018,17,107,73,14716,0,226,82,243,245,250,249,N\A
9,2011/06/10,15868,0,107,72,14771,81,224,62,243,245,113,10,N\A
9,2011/06/18,15652,17,106,54,14808,17,223,53,243,245,179,65,N\A
9,2011/06/26,15958,0,108,80,14808,0,223,58,243,245,101,243,N\A
9,2011/07/04,15607,17,105,53,14913,0,223,53,244,246,97,65,N\A
9,2011/07/12,15524,17,107,73,14696,81,222,50,243,245,21,203,N\A
9,2011/07/20,15770,17,108,88,14785,17,227,97,243,245,2,129,N\A
9,2011/07/28,15291,0,109,92,14770,81,222,45,243,245,132,138,N\A
9,2011/08/05,0,2,255,255,14684,81,224,66,243,245,0,100,N\A
9,2011/08/13,15361,65,110,105,0,2,255,255,244,246,129,0,N\A
9,2011/08/21,0,2,255,255,14742,17,221,35,244,246,0,16,N\A
9,2011/08/29,0,2,255,255,14820,81,227,111,243,245,0,64,N\A
9,2011/09/06,15484,81,105,54,14743,81,223,53,243,245,138,65,N\A
9,2011/09/14,15836,17,108,85,14862,0,223,65,243,245,224,106,N\A
9,2011/09/22,15856,17,106,60,14800,0,224,64,243,245,107,117,N\A
9,2011/09/30,15751,0,106,59,14859,17,221,45,243,245,215,235,N\A
9,2011/10/08,15872,0,107,69,14941,17,224,66,243,245,121,93,N\A
9,2011/10/16,15610,0,107,75,14842,17,225,77,243,245,244,120,N\A
9,2011/10/24,15620,0,106,64,14706,0,225,75,244,245,251,125,N\A
9,2011/11/01,15672,0,107,68,14526,81,222,54,243,245,247,234,N\A
9,2011/11/09,15673,17,106,64,14508,0,225,79,244,246,251,253,N\A
9,2011/11/17,15551,0,107,67,14418,17,222,56,243,245,247,251,N\A
9,2011/11/25,15425,0,106,63,14280,17,225,79,243,245,251,253,N\A
9,2011/12/03,15426,0,107,68,14377,17,223,56,243,245,247,59,N\A
9,2011/12/11,15422,0,106,64,14430,81,224,65,243,245,251,231,N\A
9,2011/12/19,15530,0,107,68,14416,65,224,65,243,245,247,123,N\A
9,2011/12/27,15536,17,107,71,14526,17,222,48,243,245,27,23,N\A
9,2012/01/01,15315,0,106,57,14264,17,225,77,243,245,63,156,N\A
9,2012/01/09,15164,17,108,77,14303,65,226,85,243,245,223,200,N\A
9,2012/01/17,15305,0,106,64,14226,17,226,87,243,245,175,151,N\A
9,2012/01/25,15574,0,109,88,14437,0,223,50,244,246,215,197,N\A
9,2012/02/02,15525,0,105,55,14565,0,223,62,243,245,191,222,N\A
9,2012/02/10,15500,0,108,77,14631,0,224,66,243,245,223,239,N\A
9,2012/02/18,15332,0,105,55,14630,17,221,44,244,246,191,88,N\A
9,2012/02/26,15531,0,108,80,14395,17,222,53,243,245,159,30,N\A
9,2012/03/05,15737,17,106,62,14544,0,225,79,244,245,187,221,N\A
9,2012/03/13,15447,17,110,94,14637,0,224,66,243,245,192,239,N\A
9,2012/03/21,15538,17,105,52,14519,81,222,53,243,245,159,91,N\A
9,2012/03/29,15695,0,108,76,14579,17,223,58,243,245,223,237,N\A
9,2012/04/06,15993,0,105,55,14664,17,224,70,243,245,191,223,N\A
9,2012/04/14,16106,0,108,77,14763,17,224,66,243,245,223,239,N\A
9,2012/04/22,16017,17,105,51,14585,17,224,74,243,245,185,159,N\A
9,2012/04/30,16037,0,107,69,14747,0,226,85,244,246,222,226,N\A
9,2012/05/08,16010,0,106,64,14789,17,225,81,243,245,175,215,N\A
9,2012/05/16,15975,0,108,79,14900,17,222,44,243,245,71,173,N\A
9,2012/05/24,15475,17,107,73,14843,17,224,72,243,245,168,87,N\A
9,2012/06/01,15491,17,109,91,14644,65,225,72,243,245,208,227,N\A
9,2012/06/09,15747,0,106,63,14884,17,226,89,243,245,169,20,N\A
9,2012/06/17,15843,0,108,78,14850,17,223,57,243,245,71,131,N\A
9,2012/06/25,0,2,255,255,14587,81,219,16,243,245,0,2,N\A
9,2012/07/03,15446,0,106,56,14736,0,220,25,243,245,18,1,N\A
9,2012/07/11,0,2,255,255,14725,81,223,61,243,245,0,28,N\A
9,2012/07/19,15150,0,107,74,14698,0,223,49,243,245,80,160,N\A
9,2012/07/27,15209,65,105,51,14718,0,223,66,244,246,161,25,N\A
9,2012/08/04,15180,65,107,73,14742,17,224,66,243,245,22,35,N\A
9,2012/08/12,15100,65,109,99,14692,65,226,86,244,246,8,192,N\A
9,2012/08/20,15270,0,109,96,14797,17,221,35,243,245,212,128,N\A
9,2012/08/28,15261,17,105,42,14706,17,224,77,243,245,165,16,N\A
9,2012/09/05,15459,0,108,82,14820,0,222,50,243,245,214,172,N\A
9,2012/09/13,15580,17,104,34,14663,65,224,75,243,245,181,13,N\A
9,2012/09/21,15599,0,108,80,14793,0,226,88,243,245,159,42,N\A
9,2012/09/29,15628,17,106,59,14849,17,224,76,243,245,155,84,N\A
9,2012/10/07,15727,0,108,76,14897,0,223,57,244,246,223,131,N\A
9,2012/10/15,15826,0,105,55,14850,17,223,63,243,245,191,31,N\A
9,2012/10/23,15787,0,109,88,14643,0,224,66,243,245,215,239,N\A
9,2012/10/31,15851,17,104,44,14607,17,221,42,243,245,61,78,N\A
9,2012/11/08,15751,17,108,78,14608,0,226,85,243,245,110,117,N\A
9,2012/11/16,15716,0,105,55,14513,65,225,79,243,245,191,221,N\A
9,2012/11/24,15586,0,108,77,14440,17,225,73,243,245,223,238,N\A
9,2012/12/02,15683,0,105,55,14534,17,225,81,243,245,191,215,N\A
9,2012/12/10,15535,0,108,77,14463,17,224,66,243,245,223,239,N\A
9,2012/12/18,15214,0,105,55,14329,65,224,70,243,245,191,223,N\A
9,2012/12/26,15345,0,107,70,14290,17,223,59,243,245,31,47,N\A
9,2013/01/01,15384,0,107,66,14447,0,224,69,243,245,255,127,N\A
9,2013/01/09,15282,0,107,66,14274,17,224,67,243,245,126,191,N\A
9,2013/01/17,15657,0,107,66,14657,0,226,81,244,246,255,89,N\A
9,2013/01/25,15734,0,108,75,14501,0,224,67,244,246,30,191,N\A
9,2013/02/02,15506,17,107,66,14618,65,222,47,243,245,255,122,N\A
9,2013/02/10,15622,0,107,66,14573,0,224,67,243,245,126,191,N\A
9,2013/02/18,15693,0,106,57,14567,0,223,61,243,245,253,123,N\A
9,2013/02/26,15812,0,107,66,14754,17,224,67,243,245,126,191,N\A
9,2013/03/06,15865,0,107,74,14554,17,227,90,243,245,239,71,N\A
9,2013/03/14,15882,0,107,66,14643,17,223,60,243,245,126,254,N\A
9,2013/03/22,15919,0,107,66,14619,17,225,69,243,245,255,127,N\A
9,2013/03/30,15998,0,106,58,14635,0,224,64,244,246,110,251,N\A
9,2013/04/07,15982,0,107,67,14604,17,225,69,243,245,189,127,N\A
9,2013/04/15,15891,0,107,66,14646,17,224,67,243,245,126,191,N\A
9,2013/04/23,15993,0,107,66,14765,0,226,80,243,245,255,95,N\A
9,2013/05/01,16266,0,107,66,14814,17,223,57,243,245,126,61,N\A
9,2013/05/09,15979,17,108,85,14906,81,225,77,243,245,175,70,N\A
9,2013/05/17,16100,17,106,57,14786,17,224,67,243,245,110,179,N\A
9,2013/05/25,15844,17,106,63,14825,0,225,74,243,245,176,125,N\A
9,2013/06/02,15598,17,105,55,14754,17,222,40,243,245,122,145,N\A
9,2013/06/10,15832,0,107,66,14664,0,225,69,243,245,255,115,N\A
9,2013/06/18,15869,17,105,45,14877,0,222,48,243,245,2,1,N\A
9,2013/06/26,15872,17,104,42,14928,17,222,41,243,245,117,96,N\A
9,2013/07/04,15929,0,105,46,14844,17,225,74,243,245,58,143,N\A
9,2013/07/12,15840,17,106,63,14811,17,226,82,243,245,37,3,N\A
9,2013/07/20,0,2,255,255,14868,0,220,27,244,246,0,21,N\A
9,2013/07/28,15320,65,105,46,14874,17,229,118,243,245,5,4,N\A
9,2013/08/05,15604,17,108,88,14684,81,228,111,243,245,64,8,N\A
9,2013/08/13,15541,0,105,59,14885,81,225,77,243,245,224,64,N\A
9,2013/08/21,15485,81,108,81,14857,65,222,48,243,245,82,1,N\A
9,2013/08/29,15469,65,108,88,14822,0,224,61,244,245,169,36,N\A
9,2013/09/06,15503,0,107,75,14822,17,224,68,244,246,118,51,N\A
9,2013/09/14,15628,0,108,82,14870,17,226,90,243,245,187,80,N\A
9,2013/09/22,15664,0,105,47,14715,65,225,80,243,245,98,9,N\A
9,2013/09/30,15797,0,107,66,14738,17,225,71,243,245,255,27,N\A
9,2013/10/08,15916,65,107,73,14834,17,224,67,243,245,88,173,N\A
9,2013/10/16,15928,0,107,65,14751,0,224,69,243,245,255,94,N\A
9,2013/10/24,15770,0,107,66,14706,17,225,76,243,245,126,175,N\A
9,2013/11/01,15821,0,107,73,14682,0,224,69,244,245,239,127,N\A
9,2013/11/09,15811,0,107,66,14610,17,224,67,243,245,126,191,N\A
9,2013/11/17,15717,0,107,66,14449,17,224,70,243,245,255,94,N\A
9,2013/11/25,15825,0,107,66,14621,0,224,67,243,245,126,191,N\A
9,2013/12/03,15706,0,107,66,14632,0,224,69,243,245,255,127,N\A
9,2013/12/11,15215,0,106,63,14213,17,223,58,243,245,114,189,N\A
9,2013/12/19,15451,0,107,66,14415,17,224,66,243,245,255,121,N\A
9,2013/12/27,15489,0,108,75,14407,17,224,64,243,245,30,31,N\A
9,2014/01/01,15340,17,106,64,14276,0,224,70,243,245,251,255,N\A
9,2014/01/09,15391,17,107,68,14282,17,223,57,243,245,247,251,N\A
9,2014/01/17,15517,0,106,64,14446,65,225,80,243,245,251,205,N\A
9,2014/01/25,15537,0,107,68,14445,65,223,57,244,246,247,251,N\A
9,2014/02/02,15504,17,106,64,14506,17,228,100,243,245,251,45,N\A
9,2014/02/10,15350,0,107,67,14220,17,222,46,243,245,243,235,N\A
9,2014/02/18,15726,17,106,60,14393,81,225,80,243,245,42,187,N\A
9,2014/02/26,15714,17,105,56,14681,0,224,64,243,245,23,10,N\A
9,2014/03/06,15445,65,106,55,14814,17,226,91,243,245,224,1,N\A
9,2014/03/14,15776,0,107,68,14612,17,222,46,243,245,247,235,N\A
9,2014/03/22,15938,0,106,64,14617,17,225,75,243,245,251,125,N\A
9,2014/03/30,15850,0,107,67,14677,17,225,69,243,245,243,242,N\A
9,2014/04/07,15882,0,105,52,14727,17,223,57,243,245,11,147,N\A
9,2014/04/15,16098,0,106,60,14974,17,222,48,243,245,20,8,N\A
9,2014/04/23,15877,17,111,111,14881,17,225,72,243,245,82,221,N\A
9,2014/05/01,16059,0,107,73,14802,0,224,65,243,245,21,106,N\A
9,2014/05/09,16020,0,106,56,14739,17,222,52,243,245,232,195,N\A
9,2014/05/17,16181,17,105,59,14855,0,222,44,244,246,7,11,N\A
9,2014/05/25,15750,0,105,47,14784,0,227,98,243,245,40,140,N\A
9,2014/06/02,15678,17,107,74,15069,17,221,27,243,245,21,9,N\A
9,2014/06/10,15972,0,107,74,14814,17,224,65,243,245,250,231,N\A
9,2014/06/18,15883,17,109,90,14901,0,220,15,244,246,49,33,N\A
9,2014/06/26,15558,65,111,117,14852,81,224,66,244,246,64,100,N\A
9,2014/07/04,15884,0,107,74,14812,17,227,94,243,245,4,66,N\A
9,2014/07/12,15805,17,108,87,14904,0,225,76,243,245,2,5,N\A
9,2014/07/20,0,2,255,255,0,2,255,255,0,0,0,0,N\A
9,2014/07/28,15768,17,108,87,14807,17,222,35,243,245,2,16,N\A
9,2014/08/05,15409,65,103,22,14811,17,225,77,243,245,64,2,N\A
9,2014/08/13,15654,0,106,59,14773,81,227,102,243,245,8,128,N\A
9,2014/08/21,15478,81,108,77,14808,0,224,60,243,245,144,192,N\A
9,2014/08/29,15482,0,107,73,14791,65,225,69,244,246,194,76,N\A
9,2014/09/06,15498,81,112,123,14812,17,226,75,243,245,32,48,N\A
9,2014/09/14,15569,0,108,77,14793,17,225,68,243,245,146,89,N\A
9,2014/09/22,15826,0,106,63,14855,17,222,43,243,245,212,201,N\A
9,2014/09/30,15765,0,106,63,14774,0,226,86,244,246,59,236,N\A