site-id,lat,lon,tile-h,tile-v,pixel-col,pixel_row
1,14.889385,104.76996,28,7,601,2453
2,16.310529,99.870842,27,7,2808,1770
3,13.221547,99.8441,27,7,3454,3253
4,15.26056,100.154376,27,7,3178,2274
5,16.860409,99.783051,27,7,2637,1507
id,Date,250m 16 days NDVI,250m 16 days EVI,250m 16 days VI Quality,250m 16 days red reflectance,250m 16 days NIR reflectance,250m 16 days blue reflectance,250m 16 days MIR reflectance,250m 16 days view zenith angle,250m 16 days sun zenith angle,250m 16 days relative azimuth angle,250m 16 days composite day of the year,250m 16 days pixel reliability,actual_date
1,2005/01/01,3400,2122,2116,1286,2611,629,2287,776,4291,2359,2,0,N\A
1,2005/01/17,3426,2167,2116,1270,2594,659,2269,774,4166,2295,18,0,N\A
1,2005/02/02,3065,2131,2116,1615,3043,798,2841,751,3769,384,43,0,N\A
1,2005/02/18,3276,2350,2185,1603,3165,823,2919,2177,3639,356,52,1,N\A
1,2005/03/06,3325,2454,2185,1670,3334,854,3169,2131,3180,282,68,1,N\A
1,2005/03/22,3636,2318,2190,1287,2758,616,2032,5733,1836,2116,85,3,N\A
1,2005/04/07,3722,2246,2262,1152,2518,564,2018,5744,1370,1963,101,3,N\A
1,2005/04/23,3978,2348,35038,1052,2442,528,2129,5111,1234,1602,126,3,N\A
1,2005/05/09,4031,3367,2062,1532,3602,990,2529,3306,2293,-249,141,3,N\A
1,2005/05/25,4371,3052,34842,971,2479,794,1653,4294,1548,1411,151,3,N\A
1,2005/06/10,4532,3654,2062,1311,3485,864,1812,2154,2309,-329,164,3,N\A
1,2005/06/26,3782,1894,34837,802,1778,495,808,3340,1853,1457,192,1,N\A
1,2005/07/12,3439,1991,2116,1150,2356,549,717,2146,1967,1504,201,0,N\A
1,2005/07/28,2851,2250,2062,1735,3119,1087,1099,2146,1905,1612,217,3,N\A
1,2005/08/13,4522,3462,35037,1064,2821,869,1148,6253,1153,1873,236,1,N\A
1,2005/08/29,2578,8434,2062,2446,4146,3171,2696,2113,2332,47,244,3,N\A
1,2005/09/14,7862,3994,34893,278,2323,159,479,3330,2239,2198,272,1,N\A
1,2005/09/30,8106,4445,34837,293,2802,60,699,3359,2683,2309,288,1,N\A
1,2005/10/16,6948,4876,2120,636,3533,333,912,4272,3366,408,294,0,N\A
1,2005/11/01,5211,3138,2116,763,2424,503,1045,2229,3472,2369,313,0,N\A
1,2005/11/17,4409,2632,2116,958,2469,516,1537,571,4020,566,331,0,N\A
1,2005/12/03,4346,2537,2116,941,2388,504,1672,3405,4131,2380,352,0,N\A
1,2005/12/19,4122,2670,2116,1154,2773,605,2081,679,4371,531,363,0,N\A
2,2005/01/01,4315,2366,2185,913,2299,418,1256,224,4411,2321,7,1,N\A
2,2005/01/17,4346,2656,2185,1034,2624,515,1685,2563,4369,447,25,1,N\A
2,2005/02/02,3654,1756,2185,798,1717,457,1734,1572,3631,2232,46,1,N\A
2,2005/02/18,2654,1524,2185,1284,2212,626,2491,126,3467,2263,55,1,N\A
2,2005/03/06,2713,1597,2257,1270,2216,671,3150,181,2968,2196,71,1,N\A
2,2005/03/22,3232,1719,2185,1074,2100,483,1604,1212,2382,140,96,1,N\A
2,2005/04/07,3366,2197,2116,1396,2813,676,2559,2920,1861,1947,101,0,N\A
2,2005/04/23,4429,2871,2061,1128,2922,543,1674,2535,2154,-74,121,1,N\A
2,2005/05/09,5336,3520,2190,934,3072,466,1692,4811,1253,1605,131,3,N\A
2,2005/05/25,4478,3577,2066,1136,2979,922,1516,4787,1349,1461,147,3,N\A
2,2005/06/10,3661,4054,2066,1423,3067,1529,2043,5363,2700,-258,164,3,N\A
2,2005/06/26,6015,5404,34842,892,3585,864,1071,6493,1187,1327,184,3,N\A
2,2005/07/12,6444,5013,34898,918,4246,421,1348,6412,3094,-199,198,3,N\A
2,2005/07/28,4081,3751,2062,1453,3457,1176,1722,228,2070,1766,215,3,N\A
2,2005/08/13,4960,4946,2066,1508,4477,1136,1524,5936,2952,7,237,3,N\A
2,2005/08/29,4555,4146,2062,1246,3331,1098,1095,1285,2389,220,256,3,N\A
2,2005/09/14,6501,4774,35878,713,3363,502,718,5476,1948,2257,266,3,N\A
2,2005/09/30,7293,5016,34961,547,3495,278,812,3956,2632,2313,284,1,N\A
2,2005/10/16,7281,5413,34961,623,3960,305,1076,1167,3503,515,304,1,N\A
2,2005/11/01,7715,6235,3158,581,4505,301,847,4543,4024,489,315,3,N\A
2,2005/11/17,7354,5278,2116,562,3687,301,931,1104,4256,561,336,0,N\A
2,2005/12/03,6989,5098,2185,661,3730,353,1023,2453,4459,539,345,1,N\A
2,2005/12/19,6991,4595,2116,561,3169,313,1027,3956,4255,2379,364,0,N\A
3,2005/01/01,3409,2143,2185,1292,2629,638,2308,2031,4285,462,9,1,N\A
3,2005/01/17,3316,1824,2257,1052,2096,547,2059,2049,4116,419,25,1,N\A
3,2005/02/02,2318,887,2116,714,1145,438,1091,706,3534,376,48,0,N\A
3,2005/02/18,1085,418,2185,780,970,574,753,758,3237,2186,55,1,N\A
3,2005/03/06,5574,2569,2185,528,1858,278,542,642,2640,193,80,1,N\A
3,2005/03/22,7379,4105,35033,384,2547,224,839,3415,2113,1999,85,1,N\A
3,2005/04/07,7606,4433,2185,376,2766,206,443,598,2049,-112,112,1,N\A
3,2005/04/23,7450,3731,2185,335,2293,158,392,875,1865,1681,119,1,N\A
3,2005/05/09,7839,5370,2116,417,3443,248,665,642,2108,-320,144,0,N\A
3,2005/05/25,6807,5283,2062,663,3491,545,672,3387,1756,1394,149,3,N\A
3,2005/06/10,5297,2865,34842,683,2222,386,854,5122,1643,1310,163,3,N\A
3,2005/06/26,4387,3176,2066,1207,3094,731,1481,6268,3151,-292,182,3,N\A
3,2005/07/12,4651,2449,2118,764,2093,415,1210,3415,1929,1437,197,3,N\A
3,2005/07/28,2182,3286,2066,2333,3636,2363,1345,6300,1318,1417,209,3,N\A
3,2005/08/13,2522,1216,2120,1150,1926,383,487,4382,1572,1765,236,0,N\A
3,2005/08/29,4327,4068,2066,1221,3084,1195,1052,5748,2925,70,253,3,N\A
3,2005/09/14,7820,4519,2122,342,2797,169,631,4372,1932,2166,268,3,N\A
3,2005/09/30,7517,4460,34837,435,3069,122,529,847,2495,2169,279,1,N\A
3,2005/10/16,8514,5775,3298,293,3652,116,667,5173,2499,2355,291,3,N\A
3,2005/11/01,8002,5565,2120,405,3651,200,749,4210,3761,469,315,0,N\A
3,2005/11/17,6823,4409,2116,571,3024,339,821,2348,3807,2382,334,0,N\A
3,2005/12/03,5307,3717,2116,904,2949,616,1451,1921,4181,516,345,0,N\A
3,2005/12/19,3680,2135,2120,1086,2351,541,1672,4392,3963,2369,364,0,N\A
4,2005/01/01,7029,4154,2116,422,2419,391,717,711,4303,2317,7,0,N\A
4,2005/01/17,7448,4867,2257,445,3043,316,762,2073,3916,2279,30,1,N\A
4,2005/02/02,7138,3914,2257,408,2444,252,857,657,3801,2205,39,1,N\A
4,2005/02/18,6369,3744,2185,597,2692,305,622,612,3368,2187,55,1,N\A
4,2005/03/06,5466,3006,2257,692,2361,351,875,676,2875,2127,71,1,N\A
4,2005/03/22,2913,1416,2185,1002,1826,440,818,742,2313,123,96,1,N\A
4,2005/04/07,5472,3062,2257,692,2365,381,786,723,2044,-23,112,1,N\A
4,2005/04/23,7085,3029,34837,211,1237,538,705,3312,1556,1735,117,1,N\A
4,2005/05/09,7078,5724,2258,594,3473,595,1055,2140,2124,-226,137,3,N\A
4,2005/05/25,7481,4837,2118,452,3137,263,874,3265,1645,1459,149,3,N\A
4,2005/06/10,6296,5897,2066,883,3885,861,1010,4246,1682,1385,172,3,N\A
4,2005/06/26,6407,5190,2066,760,3471,663,690,5050,1579,1371,179,3,N\A
4,2005/07/12,5976,3617,2116,673,2672,386,620,702,2099,1529,199,0,N\A
4,2005/07/28,5641,3947,2118,935,3355,485,1418,3343,2502,-192,210,3,N\A
4,2005/08/13,3670,2764,3102,1269,2741,939,1036,4265,1592,1832,236,3,N\A
4,2005/08/29,5700,3797,2062,957,3495,337,911,2046,2025,2021,254,3,N\A
4,2005/09/14,7099,4499,34842,479,2824,356,723,5690,1842,2247,266,3,N\A
4,2005/09/30,6752,6203,34837,733,3781,786,582,735,2961,397,288,1,N\A
4,2005/10/16,8093,5346,2185,334,3170,255,663,2146,3197,2343,302,1,N\A
4,2005/11/01,6808,5165,35878,782,4118,355,1041,4268,3918,483,315,3,N\A
4,2005/11/17,5854,3514,2116,735,2811,327,544,3377,3750,2399,325,0,N\A
4,2005/12/03,4237,1825,2116,616,1522,375,868,839,4191,2399,343,0,N\A
4,2005/12/19,5215,2986,2120,760,2417,414,729,4317,4639,484,363,0,N\A
5,2005/01/01,3123,1718,2185,1069,2040,577,2176,31,4464,1982,7,1,N\A
5,2005/01/17,2902,1465,2185,1015,1845,504,2269,2729,4420,454,25,1,N\A
5,2005/02/02,2603,1301,2185,1024,1745,539,2304,1381,3681,2229,46,1,N\A
5,2005/02/18,2623,1416,2185,1174,2009,576,2600,83,3516,373,55,1,N\A
5,2005/03/06,2626,1522,2257,1332,2281,625,2681,22,3012,42,71,1,N\A
5,2005/03/22,2966,1867,2185,1360,2507,708,2835,1403,2414,157,96,1,N\A
5,2005/04/07,3361,1820,3298,1023,2059,529,2090,5969,1506,2087,97,3,N\A
5,2005/04/23,3226,2474,2066,1396,2726,1022,2115,6461,2925,-47,118,3,N\A
5,2005/05/09,3330,2586,2066,1538,3074,994,2607,6460,2856,-137,134,3,N\A
5,2005/05/25,2484,2102,2062,2228,3701,1274,3490,3826,2310,-222,146,3,N\A
5,2005/06/10,2774,2711,2066,1547,2735,1475,1294,5370,1377,1387,170,3,N\A
5,2005/06/26,3814,2438,2118,1290,2881,575,2185,3803,1683,1476,188,3,N\A
5,2005/07/12,4579,2740,2116,928,2496,501,1349,2725,1817,1528,197,0,N\A
5,2005/07/28,5868,4351,3154,889,3415,565,721,38,2077,2148,215,3,N\A
5,2005/08/13,5276,2985,3154,726,2348,416,414,3803,1678,1886,236,3,N\A
5,2005/08/29,6419,3809,2257,594,2724,308,585,30,2183,-534,247,1,N\A
5,2005/09/14,5619,2182,34837,458,1633,123,613,3793,2225,2212,268,1,N\A
5,2005/09/30,7949,5408,2185,400,3501,209,724,3822,2686,2325,284,1,N\A
5,2005/10/16,7865,5090,2185,384,3214,216,542,52,3229,2314,295,1,N\A
5,2005/11/01,6096,5016,34837,856,3530,712,1023,1545,3801,2397,318,1,N\A
5,2005/11/17,5197,3397,2116,928,2937,496,1373,2609,4244,543,329,0,N\A
5,2005/12/03,4180,2640,2116,1125,2741,559,1809,2609,4512,530,345,0,N\A
5,2005/12/19,3373,1993,2116,1165,2351,596,1871,3812,4311,2378,364,0,N\A