1, 51.72, 126.65
2, 50.25, 120.18
3, 50.25, 127.45
4, 49.57, 117.43
5, 49.15, 119.75
6, 49.17, 125.23
7, 49.43, 127.35
8, 48, 122.73
9, 48.47, 124.48
10, 48.55, 126.5
11, 48.05, 125.88
12, 48.88, 130.4
13, 47.33, 123.18
14, 47.8, 124.48
15, 47.6, 126.1
16, 47.43, 126.97
17, 48.36, 134.28
18, 47.23, 131.98
19, 46.4, 123.42
20, 46.68, 126.1
21, 46.38, 125.32
22, 46.88, 127.48
23, 46.08, 127.35
24, 46.73, 129.88
25, 46.81, 130.28
26, 46.3, 129.58
27, 46.2, 130.52
28, 46.71, 131.13
29, 46.32, 132.18
30, 46.8, 134
31, 45.07, 120.33
32, 45.4, 121.55
33, 45.63, 122.83
34, 45.5, 124.27
35, 45.18, 124.83
36, 45.08, 124.87
37, 45.75, 126.77
38, 45.5, 125.08
39, 45.38, 126.3
40, 45.52, 126.95
41, 45.97, 128.73
42, 45.83, 128.8
43, 45.22, 127.97
44, 45.75, 130.55
45, 45.27, 130.23
46, 45.77, 132.97
47, 48.05, 86.4
48, 47.12, 87.47
49, 47.73, 88.08
50, 46.73, 83
51, 44.9, 82.06
52, 44.62, 82.9
53, 44.43, 84.66
54, 44.85, 85.25
55, 45.02, 86.1
56, 44.33, 85.62
57, 44.28, 85.81
58, 44.32, 86.2
59, 44.13, 86.82
60, 44.01, 87.43
61, 44.02, 89.17
62, 44.02, 89.57
63, 43.95, 81.33
64, 43.45, 83.3
65, 43.15, 81.13
66, 43.78, 87.62
67, 43.28, 87.12
68, 43.03, 84.15
69, 42.08, 86.56
70, 42.25, 86.8
71, 42.8, 88.63
72, 42.83, 89.25
73, 42.93, 89.2
74, 41.16, 80.23
75, 41.27, 80.23
76, 41.78, 81.9
77, 41.23, 82.78
78, 41.78, 84.25
79, 41.72, 82.95
80, 41.35, 86.27
81, 41.75, 86.13
82, 39.72, 76.17
83, 39.72, 75.25
84, 39.15, 75.95
85, 39.47, 75.98
86, 40.93, 78.45
87, 39.8, 78.57
88, 39.25, 76.78
89, 40.65, 80.4
90, 40.5, 81.05
91, 39.03, 88.17
92, 38.92, 77.63
93, 38.43, 77.27
94, 37.13, 79.93
95, 38.15, 85.55
96, 38.35, 90.22
97, 36.86, 81.66
98, 43.6, 93
99, 42.82, 93.52
100, 40.15, 94.68
101, 39.77, 98.48
102, 39.37, 99.83
103, 38.93, 100.43
104, 38.45, 100.82
105, 38.23, 101.96
106, 37.91, 102.66
107, 38.63, 103.08
108, 37.37, 97.37
109, 37.08, 99.58
110, 37.38, 101.61
111, 37.48, 102.9
112, 37.18, 104.05
113, 36.42, 94.9
114, 36.43, 96.41
115, 36.3, 98.1
116, 36.92, 100.98
117, 36.75, 101.08
118, 36.27, 100.62
119, 36.82, 101.95
120, 36.03, 101.43
121, 36.32, 102.85
122, 36.75, 103.25
123, 36.56, 104.68
124, 36.55, 104.18
125, 35.58, 99.98
126, 35.27, 100.65
127, 35.97, 103.3
128, 35.87, 104.15
129, 35.58, 103.18
130, 35.43, 103.35
131, 35.36, 103.86
132, 35.68, 105.08
133, 35.53, 104.6
134, 42.25, 113.85
135, 41.7, 110.43
136, 41.03, 110.05
137, 41.1, 111.45
138, 41.3, 112.61
139, 41.45, 113.18
140, 41.85, 114.6
141, 41.06, 113.95
142, 41.15, 114.7
143, 40.9, 107.13
144, 40.73, 108.65
145, 40.67, 109.85
146, 40.55, 110.53
147, 40.68, 111.15
148, 40, 112.45
149, 41.03, 113.07
150, 40.88, 113.86
151, 40.37, 113.77
152, 40.1, 113.33
153, 40.68, 114.4
154, 40.11, 114.16
155, 40.56, 115.03
156, 39.08, 105.38
157, 40.77, 107.4
158, 39.1, 109.03
159, 39.66, 110.86
160, 39.38, 111.15
161, 39.3, 112.43
162, 39.26, 113.53
163, 39.83, 114.57
164, 39.45, 114.18
165, 38.83, 115.15
166, 38.91, 106.55
167, 38.48, 106.22
168, 38.81, 106.68
169, 38.25, 106.23
170, 38.12, 106.3
171, 38.23, 109.7
172, 38.93, 111.81
173, 38.28, 111.65
174, 38.41, 112.7
175, 37.93, 112.48
176, 38.3, 114.38
177, 38.83, 113.36
178, 38.63, 114.68
179, 38.45, 114.55
180, 38.02, 115.07
181, 38.85, 114.18
182, 38.15, 114.57
183, 38.73, 114.98
184, 38.03, 114.13
185, 38.25, 114.2
186, 38.35, 114.68
187, 38.51, 113
188, 38.01, 114.81
189, 38.2, 114.96
190, 37.53, 105.18
191, 37.48, 105.67
192, 36.93, 105.25
193, 37.78, 107.4
194, 37.58, 107.58
195, 37.5, 110.21
196, 37, 110.81
197, 37.5, 111.1
198, 37.25, 111.76
199, 37.78, 112.55
200, 36.33, 114.61
201, 37.41, 112.58
202, 37.53, 112.15
203, 37.9, 113.17
204, 36.86, 114.46
205, 37.6, 113.7
206, 37.76, 114.73
207, 37.88, 114.63
208, 37.6, 114.62
209, 37.75, 114.53
210, 37.45, 114.38
211, 37.65, 114.36
212, 37.28, 114.5
213, 37.21, 115.03
214, 36.57, 105.65
215, 36.98, 105.91
216, 36, 106.26
217, 36.58, 107.3
218, 36.6, 109.5
219, 36.7, 110.95
220, 36.07, 110.18
221, 36.1, 110.18
222, 37.05, 111.93
223, 36.06, 111.5
224, 36.76, 112.68
225, 36.16, 112.25
226, 37.28, 106.48
227, 36.05, 113.06
228, 37.13, 114.7
229, 36.56, 113.66
230, 36.71, 114.2
231, 36.76, 114.95
232, 36.41, 114.21
233, 36.76, 114.5
234, 36.35, 114.95
235, 36.38, 114.38
236, 36.12, 114.37
237, 36.48, 114.96
238, 35.96, 105.71
239, 35.52, 105.72
240, 35.11, 105.4
241, 35.62, 106.12
242, 35.55, 106.67
243, 35.5, 106.32
244, 35.73, 107.63
245, 35.15, 107.4
246, 35.68, 107.18
247, 35.4, 107.71
248, 36.45, 107.98
249, 35.42, 108
250, 35.11, 108.33
251, 35.18, 109.58
252, 35.81, 109.5
253, 35.08, 109.07
254, 34.95, 109.58
255, 35.46, 110.45
256, 35.4, 110.83
257, 35.15, 110.72
258, 35.03, 111.02
259, 35.51, 112.83
260, 36.55, 114.8
261, 35.31, 113.88
262, 35.93, 114.35
263, 36.45, 114.7
264, 44.57, 120.9
265, 43.83, 119.4
266, 44.25, 123.97
267, 44.41, 125.16
268, 44.17, 125.8
269, 44.81, 126.51
270, 44.42, 126.93
271, 44.9, 127.15
272, 44.93, 130.55
273, 44.57, 129.6
274, 44.33, 129.46
275, 44.1, 131.18
276, 43.95, 116.12
277, 43.6, 121.28
278, 43.6, 122.27
279, 43.35, 124.3
280, 43.52, 124.8
281, 43.5, 125.65
282, 43.7, 126.57
283, 43.95, 126.47
284, 43.37, 128.2
285, 42.95, 119.03
286, 42.27, 118.97
287, 42.85, 120.65
288, 42.42, 122.53
289, 42.03, 121.65
290, 42.78, 124.12
291, 42.53, 124.05
292, 42.92, 125.08
293, 42.53, 125.63
294, 42.98, 126.75
295, 42.53, 129
296, 42.9, 130.28
297, 42.88, 129.47
298, 40.96, 115.28
299, 41.9, 115.28
300, 41.22, 116.63
301, 41.93, 117.75
302, 41.31, 117.73
303, 41, 118.66
304, 41.55, 120.45
305, 41.38, 119.7
306, 41.52, 122.72
307, 41.98, 122.8
308, 41.68, 122.01
309, 41.13, 121.12
310, 41.42, 123.32
311, 41.3, 124.28
312, 41.73, 125.05
313, 41.66, 125.75
314, 41.1, 126.15
315, 40.78, 114.88
316, 40.9, 115.83
317, 40.4, 115.5
318, 40.38, 115.21
319, 40.38, 116.87
320, 40.93, 117.33
321, 40.97, 117.93
322, 40.41, 117.48
323, 40.2, 117.95
324, 40.76, 118.15
325, 39.92, 116.63
326, 40.6, 118.48
327, 40.15, 118.3
328, 39.5, 118.66
329, 40, 118.71
330, 40.8, 119.82
331, 40.35, 120.35
332, 40.58, 120.7
333, 40.98, 122.07
334, 40.67, 122.27
335, 40.88, 122.72
336, 40.42, 122.35
337, 40.28, 123.28
338, 40.72, 124.78
339, 40.05, 124.33
340, 39.48, 115.96
341, 39.05, 115.85
342, 39.33, 115.85
343, 39.35, 115.5
344, 39.88, 116.98
345, 39.43, 116.28
346, 39.5, 116.7
347, 39.12, 116.38
348, 39.31, 116.48
349, 39.96, 117.08
350, 39.76, 116.98
351, 39.88, 117.73
352, 39.7, 117.28
353, 39.73, 118.75
354, 39.8, 118.1
355, 39.55, 118.12
356, 39.67, 118.15
357, 39.28, 118.45
358, 39.42, 118.9
359, 39.71, 119.16
360, 39.73, 121.75
361, 39.72, 122.95
362, 39.88, 124.15
363, 39.01, 115.65
364, 38.68, 115.78
365, 38.41, 115.33
366, 38.91, 115.93
367, 38.23, 115.73
368, 38.72, 115.12
369, 38, 115.55
370, 38.23, 115.52
371, 38.71, 116.08
372, 38.95, 115.31
373, 38.86, 116.45
374, 38.7, 116.61
375, 38.45, 116.08
376, 38.58, 116.83
377, 38.33, 116.83
378, 38.18, 116.11
379, 38.08, 116.55
380, 38.91, 116.91
381, 38.48, 115.56
382, 38.18, 115.18
383, 38.37, 117.35
384, 38.41, 115.81
385, 38.03, 117.23
386, 38.15, 117.48
387, 37.06, 115.03
388, 38.98, 116.1
389, 36.91, 114.86
390, 38.05, 117.08
391, 38.03, 115.98
392, 37.91, 115.21
393, 37.73, 115.7
394, 37.8, 115.88
395, 37.55, 115.56
396, 37.37, 115.38
397, 37.06, 115.65
398, 37.35, 115.98
399, 37.52, 115.72
400, 37.86, 116.16
401, 37.68, 116.3
402, 37.88, 116.53
403, 37.43, 116.32
404, 37.63, 116.4
405, 38.03, 116.68
406, 37.5, 117.53
407, 37.37, 118.02
408, 37.18, 119.93
409, 37.5, 121.25
410, 37.18, 122.03
411, 36.85, 115.66
412, 36.3, 115.15
413, 36.48, 115.96
414, 36.55, 115.28
415, 36.23, 116.76
416, 36.81, 115.16
417, 36.98, 117.11
418, 36.68, 116.98
419, 36.16, 117.15
420, 36.83, 118
421, 36.75, 119.18
422, 36.41, 119.75
423, 36.3, 120
424, 36.93, 120.7
425, 36.9, 120.33
426, 35.7, 115.01
427, 35.25, 115.43
428, 35.45, 116.58
429, 35.58, 118.83
430, 35.05, 118.35
431, 29.25, 88.88
432, 29.67, 91.13
433, 29.25, 91.76
434, 34.13, 95.78
435, 33.02, 97.02
436, 32.98, 98.1
437, 33.97, 99.9
438, 34.73, 101.6
439, 34, 102.08
440, 33.58, 102.97
441, 35, 102.9
442, 34.7, 103.35
443, 35, 104.65
444, 34.43, 104.01
445, 33.78, 104.37
446, 34.03, 104.38
447, 33.57, 104.92
448, 31.68, 103.85
449, 30.7, 103.83
450, 30.98, 103.66
451, 32.93, 104.75
452, 32.42, 104.52
453, 31.47, 104.68
454, 31.15, 104.38
455, 30.1, 103.13
456, 30.42, 103.48
457, 30.58, 103.92
458, 30.97, 104.28
459, 30.4, 104.55
460, 30.02, 104.15
461, 29.57, 94.47
462, 29.05, 100.3
463, 29.35, 102.68
464, 29.92, 103.37
465, 29.56, 103.75
466, 29.2, 103.95
467, 30.05, 103.82
468, 28.65, 97.47
469, 28.55, 102.17
470, 28, 102.85
471, 28.8, 104.6
472, 28.85, 104.97
473, 27.9, 102.27
474, 27.07, 102.75
475, 27.33, 103.75
476, 27.11, 104.73
477, 26.87, 98.85
478, 26.83, 100.47
479, 26.85, 102.1
480, 26.1, 103.17
481, 26.58, 104.87
482, 26.22, 104.08
483, 25.12, 99.18
484, 25.7, 100.18
485, 25.73, 101.87
486, 25.02, 101.53
487, 25.02, 102.68
488, 25.58, 103.83
489, 25.03, 103.66
490, 25.8, 104.96
491, 24.41, 98.58
492, 24.47, 100.87
493, 24.35, 102.55
494, 23.55, 99.4
495, 23.95, 100.22
496, 22, 100.78
497, 22.67, 101.4
498, 23.6, 101.98
499, 22.62, 101.82
500, 23.38, 103.38
501, 22.5, 103.95
502, 23.38, 104.25
503, 34.87, 105.67
504, 34.73, 104.88
505, 34.58, 105.75
506, 34.18, 105.18
507, 34.98, 106.2
508, 34.35, 107.13
509, 34.51, 107.38
510, 34.7, 108.15
511, 34.55, 108.82
512, 34.25, 108.22
513, 34.15, 108.92
514, 34.88, 109.91
515, 34.4, 109.23
516, 34.5, 109.46
517, 34.4, 108.71
518, 34.7, 110.71
519, 34.05, 111.03
520, 34.83, 112.43
521, 34.18, 112.83
522, 34.72, 113.65
523, 34.01, 113.85
524, 34.53, 114.78
525, 33.75, 105.71
526, 33.33, 105.6
527, 33.92, 106.3
528, 33.97, 106.6
529, 33.07, 107.03
530, 33.16, 107.33
531, 33.86, 109.96
532, 33.53, 110.9
533, 33.05, 111.86
534, 33.03, 112.58
535, 33.78, 114.52
536, 32.43, 105.85
537, 32.9, 108.5
538, 32.72, 109.03
539, 32.32, 109.68
540, 35.1, 110.42
541, 32.03, 110.77
542, 32.27, 111.63
543, 32.4, 112.23
544, 33, 114.02
545, 32.13, 114.05
546, 31.73, 105.92
547, 31.1, 105.08
548, 31.85, 106.76
549, 31.33, 106.05
550, 31.07, 106.55
551, 31.37, 107.72
552, 31.2, 107.5
553, 31.72, 112.23
554, 31.17, 112.57
555, 31.72, 113.38
556, 31.57, 114.12
557, 31.18, 114.97
558, 30.5, 105.55
559, 30.28, 105.03
560, 30.11, 105.33
561, 30.8, 106.08
562, 30.47, 106.63
563, 30.8, 107.25
564, 30.76, 108.4
565, 30.28, 108.93
566, 30.6, 109.63
567, 30.7, 111.3
568, 30.33, 112.18
569, 30.95, 113.57
570, 30.93, 113.85
571, 30.67, 113.17
572, 30.4, 114.33
573, 30.62, 114.13
574, 29.62, 105.12
575, 29.58, 105.05
576, 29.33, 105.3
577, 28.98, 105.45
578, 29.97, 106.28
579, 29.52, 106.48
580, 29.31, 106.25
581, 29.88, 107.7
582, 29.52, 109.42
583, 29.4, 110.17
584, 29.61, 111.88
585, 29.36, 112.4
586, 29.82, 113.45
587, 29.72, 113.88
588, 29.38, 113.08
589, 29.83, 114.33
590, 29.03, 114.58
591, 28.58, 105.7
592, 28.55, 107.45
593, 28.83, 108.77
594, 28.56, 109.76
595, 29.05, 111.68
596, 28.56, 112.1
597, 28.2, 113.08
598, 28.7, 113.58
599, 28.41, 114.78
600, 27.53, 106.81
601, 27.23, 107.88
602, 27.95, 108.25
603, 27.23, 108.72
604, 27.7, 108.85
605, 27.03, 108.12
606, 27.72, 109.18
607, 27.45, 109.68
608, 27.55, 109.96
609, 27.73, 112
610, 27.23, 111.47
611, 27.23, 111.73
612, 27.75, 112.5
613, 27.65, 113.5
614, 27.13, 113.93
615, 27.8, 114.38
616, 27.05, 114.92
617, 26.25, 105.92
618, 26.31, 105.75
619, 26.58, 106.72
620, 26.2, 107.8
621, 26.23, 109.15
622, 26.66, 109.48
623, 26.73, 110.63
624, 26.41, 111.56
625, 26.9, 112.6
626, 26.78, 113.55
627, 26.72, 113.97
628, 26, 113.93
629, 26.8, 114.91
630, 26.16, 106.66
631, 25.43, 106.77
632, 25.41, 107.88
633, 25.21, 109.4
634, 25.63, 110.65
635, 25.33, 110.3
636, 25.28, 112.55
637, 25.97, 113.4
638, 25.68, 114.7
639, 25.85, 114.95
640, 34.81, 115.55
641, 34.45, 115.66
642, 34.68, 116.56
643, 34.42, 116.33
644, 34.31, 117.36
645, 34.1, 118.75
646, 34.83, 119.13
647, 34.58, 119.17
648, 34.03, 119.81
649, 33.87, 115.77
650, 33.28, 116.53
651, 33.63, 116.98
652, 33.88, 118.06
653, 33, 118.51
654, 33.67, 119.03
655, 33.6, 119.03
656, 33.48, 119.82
657, 33.38, 120.15
658, 33.2, 120.48
659, 32.87, 115.73
660, 32.17, 115.67
661, 32.33, 116.28
662, 32.55, 116.78
663, 32.87, 117.55
664, 32.3, 118.3
665, 32.68, 119.02
666, 32.98, 119.83
667, 32.41, 119.41
668, 32.18, 119.47
669, 32.38, 120.5
670, 31.8, 121.66
671, 31.75, 116.5
672, 31.05, 116.93
673, 31.87, 117.23
674, 31.32, 118.88
675, 31.75, 119.55
676, 31.77, 119.93
677, 31.36, 119.81
678, 31.41, 120.95
679, 31.32, 120.63
680, 31.4, 121.48
681, 30.73, 115.67
682, 30.23, 115.38
683, 30.17, 116.13
684, 30.1, 117.02
685, 30.67, 117.48
686, 30.93, 118.75
687, 30.23, 119.7
688, 30.88, 120.11
689, 30.78, 120.73
690, 30, 120.63
691, 30.23, 120.17
692, 31, 121.25
693, 30.27, 121.22
694, 29.83, 115.16
695, 29.73, 116
696, 29.68, 115.65
697, 29.73, 116.21
698, 29.3, 117.2
699, 29.35, 117.98
700, 29.83, 118.31
701, 29.72, 118.28
702, 29.03, 119.18
703, 29.11, 119.65
704, 29.87, 121.57
705, 29.3, 121.43
706, 28.6, 115.92
707, 28.55, 115.95
708, 28.06, 115.55
709, 28.7, 116.68
710, 28.97, 117.13
711, 28.3, 117.22
712, 28.97, 118.87
713, 28.43, 118.2
714, 28.45, 119.92
715, 28.08, 119.13
716, 28.86, 120.73
717, 28, 120.67
718, 28.63, 122.25
719, 27.58, 116.65
720, 27.2, 116.38
721, 27.92, 118.53
722, 27.33, 118.11
723, 27.68, 120.55
724, 26.36, 115.83
725, 26.85, 116.33
726, 26.23, 116.63
727, 26.4, 117.15
728, 26.58, 118.73
729, 26.88, 120
730, 26.08, 119.28
731, 25.71, 116.75
732, 25.3, 117.4
733, 25.36, 118.7
734, 25.93, 119.56
735, 24.78, 105.35
736, 24.07, 105.07
737, 24.7, 108.05
738, 24.5, 108.83
739, 23.93, 108.1
740, 24.4, 109.3
741, 24.2, 110.52
742, 25.18, 111.45
743, 24.78, 112.38
744, 24.8, 113.58
745, 24.88, 114.76
746, 24.95, 115.65
747, 24.3, 116.12
748, 24.51, 117.36
749, 24.5, 117.65
750, 24.13, 117.6
751, 24.81, 118.56
752, 23.65, 105.63
753, 23.9, 106.6
754, 23.13, 106.41
755, 23.08, 107.15
756, 23.31, 107.58
757, 23.11, 109.61
758, 23.4, 110.08
759, 23.41, 111.25
760, 23.05, 112.47
761, 23.01, 113.1
762, 23.73, 114.68
763, 23.66, 116.63
764, 22.55, 107.9
765, 22.63, 108.22
766, 22.41, 109.3
767, 22.65, 110.16
768, 22.53, 113.35
769, 22.95, 115.65
770, 21.95, 108.62
771, 21.67, 109.18
772, 21.65, 110.61
773, 21.87, 111.97
774, 20.33, 110.16
775, 20, 110.37
776, 19.52, 109.58
777, 19.03, 109.83
778, 18.5, 110.03
