site-id,lat,lon,tile-h,tile-v,pixel-col,pixel_row
1,11.285329,104.86298,28,7,1361,4183
2,11.231328,104.839001,28,7,1358,4208
4,11.206289,104.880867,28,7,1382,4220
5,11.210508,104.916488,28,7,1399,4218
6,11.168756,104.92255,28,7,1408,4238
7,11.139514,104.950413,28,7,1427,4253
8,11.135424,104.931886,28,7,1419,4254
9,11.085529,104.807618,28,7,1368,4278
10,11.097829,104.816336,28,7,1371,4273
11,11.118883,104.828184,28,7,1373,4262
12,11.131352,104.828403,28,7,1371,4256
17,11.051932,104.732049,28,7,1339,4295
20,11.256236,104.669843,28,7,1275,4197
id,Date,250m 16 days NDVI,250m 16 days EVI,250m 16 days VI Quality,250m 16 days red reflectance,250m 16 days NIR reflectance,250m 16 days blue reflectance,250m 16 days MIR reflectance,250m 16 days view zenith angle,250m 16 days sun zenith angle,250m 16 days relative azimuth angle,250m 16 days composite day of the year,250m 16 days pixel reliability,actual_date
1,2012/01/01,2705,1921,2116,1953,3402,836,3105,1311,4097,471,8,0,N\A
1,2012/01/17,2615,1679,2116,1546,2641,749,2788,1581,3797,2260,22,0,N\A
1,2012/02/02,3195,2742,35038,1778,3448,1318,3259,6497,4238,275,46,3,N\A
1,2012/02/18,3184,2935,34842,1990,3850,1011,3779,5415,3676,227,60,3,N\A
1,2012/03/05,2535,2439,2190,2334,3920,1165,3998,4690,3376,203,67,3,N\A
1,2012/03/21,3047,1961,2257,1409,2644,714,2679,1573,2238,1942,86,1,N\A
1,2012/04/06,2984,2453,34838,1718,3180,1046,1750,2865,1725,1707,109,3,N\A
1,2012/04/22,4172,3377,2190,1395,3393,694,2306,5436,2724,-197,124,3,N\A
1,2012/05/08,3935,1334,34965,497,1142,272,145,4828,1566,1366,139,1,N\A
1,2012/05/24,4242,3479,2122,1405,3476,692,1359,4730,2698,-321,147,3,N\A
1,2012/06/09,3211,2584,2066,1612,3137,1112,968,6041,3098,-336,165,3,N\A
1,2012/06/25,3689,2726,2066,1324,2872,924,1139,4828,1895,1311,187,3,N\A
1,2012/07/11,3858,2474,2116,1340,3024,540,863,1581,2228,1415,198,0,N\A
1,2012/07/27,5948,4627,2066,915,3602,685,1531,6073,1404,1435,217,3,N\A
1,2012/08/12,5056,4345,34842,1295,3944,689,2252,5508,1441,1555,226,3,N\A
1,2012/08/28,4987,4073,2066,1216,3636,895,1387,5426,2812,21,252,3,N\A
1,2012/09/13,5546,4786,2066,1174,4098,1124,1234,5436,2887,155,268,3,N\A
1,2012/09/29,7258,4182,2185,431,2713,221,542,2847,2341,2222,285,1,N\A
1,2012/10/15,7732,4839,2120,404,3159,180,666,4808,2582,2354,299,1,N\A
1,2012/10/31,6645,2860,34841,369,1831,169,651,6068,2895,2449,313,1,N\A
1,2012/11/16,4901,2692,2189,819,2394,358,796,4818,3421,2412,331,1,N\A
1,2012/12/02,3437,2431,2116,1591,3258,755,2143,3826,4142,482,346,0,N\A
1,2012/12/18,3034,2172,2116,1756,3286,829,2565,2719,4135,495,353,0,N\A
2,2012/01/01,2978,2014,2116,1735,3207,713,2701,1321,4094,455,8,0,N\A
2,2012/01/17,3060,1917,2116,1333,2509,690,2422,83,3742,2529,31,0,N\A
2,2012/02/02,3110,2103,2185,1546,2942,750,2859,1375,3663,376,40,1,N\A
2,2012/02/18,3320,2215,2186,1216,2425,576,2273,3976,2943,2184,52,3,N\A
2,2012/03/05,3108,2357,35038,1501,2855,770,2643,5540,2308,2159,66,3,N\A
2,2012/03/21,3210,2051,2257,1345,2617,691,2668,1558,2238,1934,86,1,N\A
2,2012/04/06,3188,2738,2062,1783,3452,1006,3626,103,2013,1520,111,3,N\A
2,2012/04/22,4060,3164,34842,1345,3184,754,2267,5436,2726,-198,124,3,N\A
2,2012/05/08,4377,3226,2066,1175,3005,857,1441,6509,3082,-275,142,3,N\A
2,2012/05/24,4193,3161,2190,1254,3065,641,1654,4740,2702,-322,147,3,N\A
2,2012/06/09,3006,1727,34893,1242,2310,574,598,1518,2205,1359,166,1,N\A
2,2012/06/25,3374,2812,34894,1657,3345,700,1973,3938,2021,1320,180,3,N\A
2,2012/07/11,3187,2972,2062,2026,3922,967,1496,2698,2643,-351,193,3,N\A
2,2012/07/27,3970,3063,34841,1488,3448,851,1097,4798,1662,1492,219,1,N\A
2,2012/08/12,4459,4063,2066,1589,4147,1121,1324,6037,3045,-146,229,3,N\A
2,2012/08/28,4766,3903,2066,1275,3597,1156,1259,6085,1207,1909,249,3,N\A
2,2012/09/13,5583,3461,34842,728,2569,743,809,6079,1454,2166,265,3,N\A
2,2012/09/29,7208,4034,2185,413,2546,241,487,2837,2338,2228,285,1,N\A
2,2012/10/15,8249,5110,2120,298,3107,154,609,4798,2579,2354,299,1,N\A
2,2012/10/31,6614,6028,34841,663,3254,865,727,4788,3038,2398,315,1,N\A
2,2012/11/16,7429,4885,2189,493,3343,229,731,4808,3418,2412,331,1,N\A
2,2012/12/02,4273,3077,2120,1381,3442,665,1747,5457,4339,457,348,1,N\A
2,2012/12/18,3567,2335,2116,1371,2892,645,1965,2728,4131,488,353,0,N\A
4,2012/01/01,3711,2334,2116,1259,2745,585,1993,1654,3934,2313,6,0,N\A
4,2012/01/17,3255,1974,2116,1330,2614,578,2307,1609,3790,2263,22,0,N\A
4,2012/02/02,3348,2377,2185,1595,3201,784,3036,1321,3657,345,40,1,N\A
4,2012/02/18,3471,2399,2190,1248,2575,572,2262,4005,2938,2187,52,3,N\A
4,2012/03/05,3928,1927,34842,741,1700,781,2120,5550,2304,2158,66,3,N\A
4,2012/03/21,3288,2354,2185,1614,3196,811,3296,1339,2474,88,88,1,N\A
4,2012/04/06,3783,2983,34842,1432,3175,1127,2364,4833,1438,1731,107,3,N\A
4,2012/04/22,4203,3213,2118,1277,3129,592,2045,2912,1711,1523,125,3,N\A
4,2012/05/08,5077,3505,2066,939,2876,683,899,6497,3079,-274,142,3,N\A
4,2012/05/24,5189,3861,2066,1019,3218,740,1176,4710,2699,-325,147,3,N\A
4,2012/06/09,4515,3282,2066,1124,2975,882,838,6037,3101,-336,165,3,N\A
4,2012/06/25,4245,2648,34842,957,2369,672,756,5529,1793,1258,178,3,N\A
4,2012/07/11,1674,903,2116,1469,2060,603,273,1609,2230,1420,198,0,N\A
4,2012/07/27,4751,3406,2116,1188,3339,624,1036,119,2195,1702,223,0,N\A
4,2012/08/12,5098,3922,2116,1177,3626,677,1392,2691,2474,-185,225,0,N\A
4,2012/08/28,6537,5399,2066,854,4079,528,1157,5415,2810,22,252,3,N\A
4,2012/09/13,6524,3964,34842,558,2653,743,802,6102,1448,2163,265,3,N\A
4,2012/09/29,8025,4598,2185,299,2729,175,517,2874,2334,2225,285,1,N\A
4,2012/10/15,8644,5656,2120,242,3328,152,656,4828,2574,2359,299,1,N\A
4,2012/10/31,6735,5946,34837,692,3548,759,976,3829,3521,449,314,1,N\A
4,2012/11/16,6868,4194,2189,555,2990,241,719,4828,3413,2409,331,1,N\A
4,2012/12/02,3413,2089,2116,1147,2336,666,1597,116,3955,2358,351,0,N\A
4,2012/12/18,3555,2180,2116,1229,2585,588,1743,2691,4127,493,353,0,N\A
5,2012/01/01,3002,1888,2116,1465,2722,650,2239,1691,3932,2316,6,0,N\A
5,2012/01/17,2973,1870,2116,1412,2607,681,2328,1645,3788,2267,22,0,N\A
5,2012/02/02,2919,2078,2185,1632,2978,877,3232,1294,3655,381,40,1,N\A
5,2012/02/18,3032,2155,2190,1384,2589,697,2833,4024,2937,2183,52,3,N\A
5,2012/03/05,2556,1944,2066,1628,2746,1416,2307,6114,1969,2142,73,3,N\A
5,2012/03/21,2698,2071,2258,1618,2814,794,3237,1637,2230,1950,86,3,N\A
5,2012/04/06,2601,2481,2066,2282,3887,1125,3940,4710,2729,-15,99,3,N\A
5,2012/04/22,3877,2837,34842,1267,2872,844,2346,5405,2719,-198,124,3,N\A
5,2012/05/08,4680,3204,2066,1003,2768,731,867,6484,3074,-276,142,3,N\A
5,2012/05/24,5646,3527,3154,725,2606,452,379,2874,2010,1340,157,3,N\A
5,2012/06/09,4839,2880,2116,866,2490,479,402,1591,2200,1354,166,0,N\A
5,2012/06/25,5374,3790,34837,1021,3394,516,850,2645,2628,-379,177,1,N\A
5,2012/07/11,2778,1666,2116,1454,2573,602,268,1645,2226,1422,198,0,N\A
5,2012/07/27,2610,1409,34841,1118,1908,614,837,4848,1654,1495,219,1,N\A
5,2012/08/12,3903,2959,34842,1327,3026,599,851,6014,3039,-146,229,3,N\A
5,2012/08/28,5821,4724,2066,1004,3802,569,1253,5405,2807,21,252,3,N\A
5,2012/09/13,4818,3821,2066,1204,3443,1405,1133,6484,3175,152,270,3,N\A
5,2012/09/29,7554,4017,2185,343,2462,178,456,2902,2332,2227,285,1,N\A
5,2012/10/15,8509,5280,2120,253,3142,131,597,4842,2572,2358,299,1,N\A
5,2012/10/31,5927,6250,34837,1098,4294,1080,1336,3806,3520,454,314,1,N\A
5,2012/11/16,7865,5428,2189,425,3558,224,687,4848,3413,2410,331,1,N\A
5,2012/12/02,3457,2001,2116,1160,2386,538,1290,153,3954,2384,351,0,N\A
5,2012/12/18,3256,2070,2116,1348,2650,669,1354,2664,4126,491,353,0,N\A
6,2012/01/01,3848,2565,2116,1310,2949,645,2438,1700,3929,2304,6,0,N\A
6,2012/01/17,3474,2317,2116,1404,2899,693,2765,1654,3784,2254,22,0,N\A
6,2012/02/02,4216,2524,2261,1061,2608,487,2215,4871,3088,2242,43,1,N\A
6,2012/02/18,3749,2641,34842,1226,2697,802,2269,5572,2800,2236,50,3,N\A
6,2012/03/05,2677,1990,2066,1549,2682,1312,2323,6125,1964,2142,73,3,N\A
6,2012/03/21,2929,2277,2258,1595,2917,830,3242,1645,2228,1933,86,3,N\A
6,2012/04/06,2633,2518,34838,2283,3915,1246,4497,198,2005,1729,111,3,N\A
6,2012/04/22,3033,2387,2118,1601,2995,831,3046,2954,1707,1527,125,3,N\A
6,2012/05/08,3954,2842,2066,1220,2816,748,1062,6484,3076,-274,142,3,N\A
6,2012/05/24,4951,2764,35874,726,2150,1008,874,2884,2012,1349,157,3,N\A
6,2012/06/09,5214,3287,34893,891,2833,455,630,1609,2202,1369,166,1,N\A
6,2012/06/25,6259,4217,34837,736,3199,402,1035,213,2380,1550,191,1,N\A
6,2012/07/11,5511,3266,2116,797,2754,341,581,1654,2228,1409,198,0,N\A
6,2012/07/27,3317,2234,2116,1509,3007,707,1460,162,2192,1539,223,0,N\A
6,2012/08/12,3929,2908,35878,1277,2930,607,1324,5540,1438,1550,226,3,N\A
6,2012/08/28,4770,3341,2066,1018,2875,557,791,5394,2805,20,252,3,N\A
6,2012/09/13,5364,4455,2066,1153,3822,1339,1173,6484,3174,147,270,3,N\A
6,2012/09/29,7793,4516,2185,347,2798,175,524,2911,2328,2219,285,1,N\A
6,2012/10/15,8754,5926,2120,240,3615,109,623,4848,2569,2358,299,1,N\A
6,2012/10/31,7208,6789,2066,844,5202,783,997,6014,3695,389,309,3,N\A
6,2012/11/16,6234,3981,2120,720,3104,327,787,4858,3408,2411,331,1,N\A
6,2012/12/02,3541,2281,2116,1337,2803,635,2000,164,3949,2222,351,0,N\A
6,2012/12/18,3364,2357,2116,1638,3299,735,2282,2655,4122,487,353,0,N\A
7,2012/01/01,3158,2064,2116,1579,3037,647,2504,1727,3925,2295,6,0,N\A
7,2012/01/17,3184,2042,2116,1450,2805,656,2377,1691,3780,2276,22,0,N\A
7,2012/02/02,3826,2599,3298,1152,2580,533,2500,4888,3084,2241,43,3,N\A
7,2012/02/18,3947,2723,34842,1154,2659,549,2372,5583,2797,2234,50,3,N\A
7,2012/03/05,2984,2249,2066,1514,2802,1356,2700,5593,2293,2160,66,3,N\A
7,2012/03/21,2976,2275,2258,1547,2858,779,3294,1672,2225,1923,86,3,N\A
7,2012/04/06,2791,2625,2190,2174,3858,1064,3720,4680,2723,-19,99,3,N\A
7,2012/04/22,3503,2504,2066,1301,2704,817,1641,5384,2717,-199,124,3,N\A
7,2012/05/08,4452,3446,2066,1244,3241,776,1197,6477,3075,-274,142,3,N\A
7,2012/05/24,6041,3794,34838,664,2691,598,668,162,2275,1438,159,3,N\A
7,2012/06/09,6363,4571,34837,804,3618,407,1024,1645,2201,1358,166,1,N\A
7,2012/06/25,6802,5172,34837,726,3815,432,817,2608,2628,-385,177,1,N\A
7,2012/07/11,7393,4760,2116,485,3237,226,459,1691,2226,1430,198,0,N\A
7,2012/07/27,3089,1982,34893,1435,2718,686,1772,204,2190,1725,223,1,N\A
7,2012/08/12,3891,2749,2066,1203,2736,668,1020,5991,3034,-145,229,3,N\A
7,2012/08/28,4483,3461,2066,1232,3235,620,993,5384,2802,22,252,3,N\A
7,2012/09/13,6473,5162,2066,826,3858,1070,1498,5583,1421,2028,258,3,N\A
7,2012/09/29,7331,3310,2185,299,1942,177,575,1664,2260,2153,278,1,N\A
7,2012/10/15,8753,6102,2120,240,3610,166,732,4868,2565,2356,299,1,N\A
7,2012/10/31,7933,5847,3102,432,3749,386,843,4005,2889,2364,308,3,N\A
7,2012/11/16,6001,3668,2189,697,2789,362,694,4878,3404,2409,331,1,N\A
7,2012/12/02,3053,2010,2116,1558,2928,699,2213,209,3945,2418,351,0,N\A
7,2012/12/18,3142,2288,2116,1822,3492,824,2746,2627,4118,485,353,0,N\A
8,2012/01/01,3147,2134,2116,1644,3154,711,2326,1717,3925,2317,6,0,N\A
8,2012/01/17,2995,1984,2116,1597,2963,712,2716,1673,3781,2276,22,0,N\A
8,2012/02/02,3767,2590,2262,1182,2611,532,2446,4878,3085,2242,43,3,N\A
8,2012/02/18,3605,2823,2066,1459,3104,890,2913,4898,2620,2172,59,3,N\A
8,2012/03/05,2821,2124,2066,1547,2763,1296,2447,6125,1962,2139,73,3,N\A
8,2012/03/21,2828,2242,2258,1666,2980,851,3327,1663,2226,1923,86,3,N\A
8,2012/04/06,2757,2636,2262,2243,3951,1097,4009,4690,2725,-19,99,3,N\A
8,2012/04/22,3130,2278,2118,1411,2697,699,2298,2967,1708,1526,125,3,N\A
8,2012/05/08,3933,2907,2066,1273,2924,756,1077,6484,3077,-273,142,3,N\A
8,2012/05/24,4402,2821,2066,965,2483,807,608,5426,2904,-337,156,3,N\A
8,2012/06/09,5078,4408,34837,993,3042,984,1249,1627,2202,1358,166,1,N\A
8,2012/06/25,6412,4682,35930,740,3386,363,875,225,2381,1448,191,3,N\A
8,2012/07/11,5646,3427,2116,832,2990,299,460,1673,2229,1427,198,0,N\A
8,2012/07/27,4076,2736,2116,1249,2968,634,1419,187,2192,1739,223,0,N\A
8,2012/08/12,4991,3907,34842,1142,3418,627,1035,6002,3037,-145,229,3,N\A
8,2012/08/28,4939,4071,2066,1245,3675,662,1146,5387,2803,21,252,3,N\A
8,2012/09/13,5862,4332,34842,868,3328,512,941,5572,1423,2028,258,3,N\A
8,2012/09/29,7875,4689,2185,346,2911,175,485,2921,2325,2230,285,1,N\A
8,2012/10/15,8596,5837,2120,270,3577,138,702,4858,2566,2356,299,1,N\A
8,2012/10/31,7349,7011,35033,659,4314,698,1413,3787,3512,452,314,1,N\A
8,2012/11/16,5859,3570,2120,729,2792,363,821,4868,3405,2409,331,1,N\A
8,2012/12/02,3355,2404,2116,1427,2868,860,2508,191,3946,2427,351,0,N\A
8,2012/12/18,3300,2363,2116,1639,3254,801,2528,2636,4118,487,353,0,N\A
9,2012/01/01,3364,2055,4164,1282,2582,595,2163,1609,3927,2299,6,0,N\A
9,2012/01/17,3141,1905,2116,1385,2654,575,2468,1563,3784,2248,22,0,N\A
9,2012/02/02,3140,1987,2257,1367,2619,676,2483,2884,3224,2197,45,1,N\A
9,2012/02/18,3305,2039,2185,1271,2526,636,2496,3976,2933,2184,52,1,N\A
9,2012/03/05,3248,2359,3102,1382,2712,1072,2287,6091,1967,2136,73,3,N\A
9,2012/03/21,3183,2307,4306,1392,2692,745,2878,1554,2235,1927,86,3,N\A
9,2012/04/06,3726,2733,34842,1302,2849,636,2499,5497,1421,1859,98,3,N\A
9,2012/04/22,3614,2753,2118,1399,2983,739,2859,2884,1720,1531,125,3,N\A
9,2012/05/08,4248,2626,2118,945,2341,508,1388,3957,1634,1439,132,3,N\A
9,2012/05/24,3838,2799,2118,1269,2850,615,1030,1411,2354,-371,152,3,N\A
9,2012/06/09,4529,2831,34842,912,2422,657,977,4808,1893,1277,171,3,N\A
9,2012/06/25,4390,3328,34841,1128,2894,853,1489,5508,1806,1254,178,1,N\A
9,2012/07/11,2643,1461,2116,1227,2109,585,397,1563,2242,1405,198,0,N\A
9,2012/07/27,3646,2633,2066,1290,2771,1230,873,6531,1190,1482,224,3,N\A
9,2012/08/12,4195,2965,3158,1144,2798,570,788,4818,1516,1667,235,3,N\A
9,2012/08/28,6089,4758,34842,889,3658,526,980,5436,2814,19,252,3,N\A
9,2012/09/13,6385,4562,34842,723,3278,766,1049,5525,1430,2022,258,3,N\A
9,2012/09/29,7029,4012,4233,459,2631,247,504,1542,2266,2147,278,1,N\A
9,2012/10/15,8300,5708,2120,325,3500,206,707,4808,2565,2355,299,1,N\A
9,2012/10/31,8433,5278,2261,265,3119,159,747,4788,3026,2395,315,1,N\A
9,2012/11/16,7904,5605,4237,430,3674,238,700,4808,3404,2408,331,1,N\A
9,2012/12/02,4178,2692,2116,1157,2818,578,1588,88,3947,2684,351,0,N\A
9,2012/12/18,4063,2774,2116,1308,3099,641,1899,2732,4121,486,353,0,N\A
10,2012/01/01,3282,2071,2116,1378,2725,632,2267,1618,3928,2302,6,0,N\A
10,2012/01/17,3185,2001,2116,1440,2786,615,2558,1572,3784,2255,22,0,N\A
10,2012/02/02,3263,2161,34837,1385,2727,735,2758,2884,3225,2201,45,1,N\A
10,2012/02/18,3552,2527,2066,1282,2695,890,2215,5534,2801,2234,50,3,N\A
10,2012/03/05,3258,2466,34894,1464,2879,810,2726,3985,2459,2097,68,3,N\A
10,2012/03/21,3341,2413,2258,1353,2711,753,2934,1564,2235,1934,86,3,N\A
10,2012/04/06,3374,2996,34838,1825,3684,1017,2883,109,2015,1765,111,3,N\A
10,2012/04/22,3793,2997,2066,1434,3187,1030,2412,4829,1425,1508,123,3,N\A
10,2012/05/08,4003,2884,2066,1214,2835,801,960,6509,3087,-275,142,3,N\A
10,2012/05/24,4497,2711,34838,874,2303,516,869,2819,2024,1349,157,3,N\A
10,2012/06/09,4281,2824,34842,1025,2560,947,1162,4808,1892,1278,171,3,N\A
10,2012/06/25,4656,3612,35874,1202,3297,564,1453,136,2392,1633,191,3,N\A
10,2012/07/11,3486,2154,2116,1263,2615,601,537,1572,2240,1408,198,0,N\A
10,2012/07/27,3973,3377,2066,1552,3599,944,1013,5457,2954,-205,220,3,N\A
10,2012/08/12,4805,3212,2120,1037,2956,566,911,5508,1449,1547,226,1,N\A
10,2012/08/28,5776,4568,34842,977,3650,512,1078,5436,2814,19,252,3,N\A
10,2012/09/13,4899,3056,34842,848,2477,805,1118,5529,1430,2023,258,3,N\A
10,2012/09/29,7217,3834,2185,381,2358,234,532,2837,2329,2216,285,1,N\A
10,2012/10/15,8339,5591,2120,318,3512,152,719,4808,2566,2356,299,1,N\A
10,2012/10/31,8177,5126,35037,316,3151,163,747,4788,3027,2396,315,1,N\A
10,2012/11/16,6719,4199,2189,575,2931,314,781,4818,3404,2410,331,1,N\A
10,2012/12/02,5222,3710,2116,1077,3432,537,1306,2710,3911,504,337,0,N\A
10,2012/12/18,3824,2602,2116,1366,3058,667,2106,2728,4122,495,353,0,N\A
11,2012/01/01,3334,2077,2116,1337,2675,613,2005,1627,3929,2312,6,0,N\A
11,2012/01/17,3244,1999,2116,1396,2737,580,2266,1581,3785,2262,22,0,N\A
11,2012/02/02,2769,2522,35033,1952,3447,1379,3211,2893,3226,2205,45,1,N\A
11,2012/02/18,3358,2357,2186,1296,2607,592,2219,3986,2935,2186,52,3,N\A
11,2012/03/05,3382,2384,2066,1299,2627,802,2182,5540,2301,2155,66,3,N\A
11,2012/03/21,3315,2400,2066,1363,2715,993,2140,5529,1804,2039,82,3,N\A
11,2012/04/06,3292,2096,2066,1146,2271,1074,2234,4818,1443,1725,107,3,N\A
11,2012/04/22,3442,2944,2066,1705,3495,1451,1666,6509,3026,-197,126,3,N\A
11,2012/05/08,4960,3563,2066,1016,3016,753,1226,6509,3086,-276,142,3,N\A
11,2012/05/24,4923,3160,34838,877,2578,411,1153,2819,2022,1338,157,3,N\A
11,2012/06/09,4145,3108,2066,1254,3030,869,1137,6048,3110,-336,165,3,N\A
11,2012/06/25,5230,3631,2066,917,2928,390,1306,5519,1801,1257,178,3,N\A
11,2012/07/11,5090,3940,34842,1101,3384,645,1019,6025,3187,-297,197,3,N\A
11,2012/07/27,4531,3341,34897,1326,3524,671,1290,5457,2953,-204,220,1,N\A
11,2012/08/12,5397,3570,2122,828,2770,463,886,4828,1513,1668,235,3,N\A
11,2012/08/28,5650,4567,2066,1039,3739,517,1262,5437,2814,20,252,3,N\A
11,2012/09/13,4974,2963,2066,786,2342,1012,1000,6091,1445,2161,265,3,N\A
11,2012/09/29,5883,2758,2185,496,1914,272,528,1554,2267,2138,278,1,N\A
11,2012/10/15,8667,5686,2120,240,3363,143,661,4808,2568,2356,299,1,N\A
11,2012/10/31,7930,5921,2257,482,4177,196,925,3854,3518,448,314,1,N\A
11,2012/11/16,7705,5224,2189,450,3472,228,750,4818,3407,2408,331,1,N\A
11,2012/12/02,4127,3185,2185,1763,4241,716,1493,2701,3913,498,337,1,N\A
11,2012/12/18,3924,2588,2116,1287,2950,615,1866,2719,4122,492,353,0,N\A
12,2012/01/01,3301,2221,2116,1602,3181,670,2487,1312,4086,458,8,0,N\A
12,2012/01/17,3367,2036,2116,1276,2572,576,2260,1581,3786,2265,22,0,N\A
12,2012/02/02,3282,2210,34837,1197,2367,842,2666,1563,3495,2201,38,1,N\A
12,2012/02/18,3595,2350,3294,1134,2407,594,2246,3986,2936,2181,52,3,N\A
12,2012/03/05,3416,2366,2066,1261,2570,788,2156,5540,2302,2155,66,3,N\A
12,2012/03/21,4482,2868,34842,949,2491,656,2128,5529,1805,2040,82,3,N\A
12,2012/04/06,3803,3201,34838,1573,3504,837,3197,128,2014,1922,111,3,N\A
12,2012/04/22,4375,3702,2066,1439,3678,976,2492,5436,2729,-199,124,3,N\A
12,2012/05/08,4298,3142,34841,1235,3097,759,1791,4710,2601,-248,131,1,N\A
12,2012/05/24,5049,4152,34842,1213,3688,780,1966,4730,2706,-322,147,3,N\A
12,2012/06/09,3886,2412,34837,1172,2662,567,1178,1527,2211,1353,166,1,N\A
12,2012/06/25,3792,2923,35930,1384,3075,628,1699,125,2390,1399,191,3,N\A
12,2012/07/11,4888,3740,34842,1127,3283,657,1060,6025,3187,-297,197,3,N\A
12,2012/07/27,4949,3867,35934,1148,3398,685,1570,5457,2953,-205,220,3,N\A
12,2012/08/12,5499,3678,34966,822,2831,412,844,4828,1513,1670,235,3,N\A
12,2012/08/28,5851,4758,2066,1000,3821,608,1382,5437,2814,19,252,3,N\A
12,2012/09/13,3718,1916,2066,816,1782,1272,916,6091,1446,2161,265,3,N\A
12,2012/09/29,7383,3873,2185,357,2372,201,502,2847,2331,2225,285,1,N\A
12,2012/10/15,8368,5443,2120,290,3265,179,652,4808,2569,2355,299,1,N\A
12,2012/10/31,4054,3371,2257,1768,4179,921,1515,3854,3518,453,314,1,N\A
12,2012/11/16,7425,5028,2189,513,3472,245,736,4818,3408,2411,331,1,N\A
12,2012/12/02,4573,3362,2120,1354,3636,639,1746,5458,4332,457,348,1,N\A
12,2012/12/18,4010,2720,2116,1309,3062,641,1953,2719,4123,490,353,0,N\A
17,2012/01/01,3655,2098,2116,1052,2264,552,1889,1554,3928,2315,6,0,N\A
17,2012/01/17,3573,2103,2116,1104,2332,581,2243,1509,3785,2264,22,0,N\A
17,2012/02/02,3262,2260,2257,1517,2986,779,2891,1439,3657,377,40,1,N\A
17,2012/02/18,4734,2792,35038,813,2275,410,2085,5508,2801,2232,50,3,N\A
17,2012/03/05,3790,2618,34842,1185,2632,558,2334,6072,1968,2137,73,3,N\A
17,2012/03/21,3913,2476,35038,1031,2357,551,2113,6056,1487,1992,89,3,N\A
17,2012/04/06,2807,2523,34838,2019,3595,1237,3875,68,2023,2177,111,3,N\A
17,2012/04/22,3683,2645,2118,1273,2758,625,2474,2828,1728,1522,125,3,N\A
17,2012/05/08,4296,3386,2066,1313,3291,1081,2028,6534,3097,-277,142,3,N\A
17,2012/05/24,4077,3046,34894,1262,3000,605,1843,1473,2086,1397,150,3,N\A
17,2012/06/09,4624,3450,2066,1143,3110,861,1631,5466,1737,1249,162,3,N\A
17,2012/06/25,4463,3482,34842,1256,3281,802,1967,4788,1919,1311,187,3,N\A
17,2012/07/11,4620,3677,2066,1256,3414,721,1409,6059,3199,-299,197,3,N\A
17,2012/07/27,2893,2055,34837,1815,3293,828,1616,25,2213,2503,223,1,N\A
17,2012/08/12,3520,2497,2190,1284,2679,615,1319,4788,1523,1668,235,3,N\A
17,2012/08/28,4074,3270,2066,1401,3328,644,1124,5468,2821,17,252,3,N\A
17,2012/09/13,4451,2300,2066,723,1883,753,606,6065,1446,2159,265,3,N\A
17,2012/09/29,4250,1960,2185,719,1782,339,411,1481,2269,2139,278,1,N\A
17,2012/10/15,7301,3696,2120,358,2295,179,479,4768,2566,2349,299,1,N\A
17,2012/10/31,7691,5644,34841,392,3004,505,1090,4758,3025,2398,315,1,N\A
17,2012/11/16,6999,4108,2116,486,2753,250,714,1447,3662,518,328,0,N\A
17,2012/12/02,4342,2420,2116,897,2274,458,1267,10,3947,2722,351,0,N\A
17,2012/12/18,3722,2325,2116,1206,2636,600,1956,38,4016,2538,1,0,N\A
20,2012/01/01,3287,2006,2116,1282,2538,611,2275,1455,3949,2320,6,0,N\A
20,2012/01/17,3300,2019,2116,1275,2531,618,2384,1409,3806,2269,22,0,N\A
20,2012/02/02,3524,2715,2257,1165,2433,1033,2968,2745,3247,2191,45,1,N\A
20,2012/02/18,3275,2089,2185,1384,2732,654,2801,3861,2956,2180,52,1,N\A
20,2012/03/05,4281,2897,34842,1061,2650,556,2540,6034,1988,2138,73,3,N\A
20,2012/03/21,3333,3142,2262,2018,4036,1060,4152,4810,3028,99,83,3,N\A
20,2012/04/06,3161,2672,34838,1747,3362,645,2735,2727,1742,1712,109,3,N\A
20,2012/04/22,4035,3067,34898,1303,3066,673,2459,4738,1434,1520,123,3,N\A
20,2012/05/08,3964,3488,2122,1639,3792,763,2890,4810,2614,-245,131,3,N\A
20,2012/05/24,4093,3226,2062,1360,3245,780,1913,1565,2358,-388,152,3,N\A
20,2012/06/09,4038,3257,2066,1420,3344,948,1684,6105,3116,-332,165,3,N\A
20,2012/06/25,4529,3543,34898,1246,3309,637,2346,4728,1912,1318,187,3,N\A
20,2012/07/11,3775,2190,2116,1122,2483,491,1145,1409,2245,1431,198,0,N\A
20,2012/07/27,4127,3616,2122,1584,3811,828,2709,5531,2965,-203,220,3,N\A
20,2012/08/12,4697,3526,34842,1138,3154,599,2079,4728,1530,1675,235,3,N\A
20,2012/08/28,4971,4325,2066,1342,3996,1050,1396,6546,3128,25,254,3,N\A
20,2012/09/13,3968,3225,2062,1453,3365,1439,1408,70,2276,498,271,3,N\A
20,2012/09/29,6767,3750,2185,474,2459,276,722,2698,2350,2224,285,1,N\A
20,2012/10/15,7783,4772,2120,371,2977,207,755,4708,2587,2349,299,1,N\A
20,2012/10/31,6321,6518,34841,796,3532,1042,1016,6000,2898,2441,313,1,N\A
20,2012/11/16,5601,4129,3098,920,3263,747,1022,1547,3684,515,328,3,N\A
20,2012/12/02,4842,3146,2116,996,2866,531,1495,3950,4150,482,346,0,N\A
20,2012/12/18,4411,2538,2116,990,2553,413,1588,1373,3946,2320,358,0,N\A