site-id,lat,lon,tile-h,tile-v,pixel-col,pixel_row
61,12.971637,120.830057,29,7,3718,3373
62,12.40737,121.046508,29,7,3945,3644
63,12.340134,121.170515,29,7,4018,3676
64,13.230624,121.257164,29,7,3858,3249
65,10.652135,119.493672,29,7,3568,4486
66,10.668567,119.470909,29,7,3554,4479
67,9.366401,118.456632,29,8,3301,304
68,8.714167,117.743065,29,8,3064,617
69,8.08227,123.506419,30,8,1094,920
70,7.868412,123.484973,30,8,1114,1023
71,7.786051,122.982379,30,8,887,1062
72,7.650617,122.850755,30,8,843,1127
73,7.507213,123.351302,30,8,1101,1196
74,7.861127,122.520327,30,8,657,1026
75,14.14799,122.924476,29,7,4414,2808
76,13.604707,123.122114,29,7,4640,3069
77,13.50613,123.277828,29,7,4736,3117
78,13.283444,123.527968,30,7,107,3223
79,12.927565,123.805392,30,7,320,3394
80,12.89,123.799085,30,7,326,3412
81,12.716405,124.008861,30,7,464,3496
82,10.898434,122.647957,30,7,209,4368
83,10.752442,122.485416,30,7,160,4438
84,11.363732,122.739258,30,7,159,4145
85,10.759446,121.998863,29,7,4729,4435
86,10.763421,121.986677,29,7,4723,4433
87,11.143128,122.468119,30,7,76,4251
88,10.556672,122.920172,30,7,403,4532
89,10.189371,122.944362,30,7,482,4709
90,9.963671,122.817143,30,8,463,17
91,9.119513,123.035243,30,8,710,422
92,9.889339,124.022938,30,8,1046,53
93,11.048044,124.527249,30,7,1065,4296
94,11.170972,124.512619,30,7,1033,4237
95,11.184684,124.942315,30,7,1233,4231
96,11.120902,124.96439,30,7,1256,4261
97,11.049578,124.990612,30,7,1283,4296
98,10.690659,125.000179,30,7,1358,4468
99,10.38718,124.763971,30,7,1305,4614
100,7.95065,123.737432,30,8,1223,983
101,7.944943,123.784221,30,8,1246,986
102,8.091085,124.233147,30,8,1438,916
103,8.27297,124.711303,30,8,1638,828
104,7.981357,125.161778,30,8,1895,968
105,7.83664,125.140285,30,8,1906,1038
106,7.659747,126.05561,30,8,2366,1123
107,7.414352,125.737122,30,8,2249,1241
108,6.939792,126.005324,30,8,2439,1468
109,6.703197,125.300778,30,8,2133,1582
110,7.056759,124.858556,30,8,1878,1412
111,6.54765,124.877744,30,8,1950,1657
112,6.538818,124.665855,30,8,1850,1661
113,6.647342,124.07798,30,8,1557,1609
114,9.299643,125.969187,30,8,2070,336
115,9.064081,125.596527,30,8,1933,449
116,8.922705,125.992527,30,8,2144,517
117,8.568238,125.894741,30,8,2155,687
118,8.060933,126.037643,30,8,2300,930
id,Date,250m 16 days NDVI,250m 16 days EVI,250m 16 days VI Quality,250m 16 days red reflectance,250m 16 days NIR reflectance,250m 16 days blue reflectance,250m 16 days MIR reflectance,250m 16 days view zenith angle,250m 16 days sun zenith angle,250m 16 days relative azimuth angle,250m 16 days composite day of the year,250m 16 days pixel reliability,actual_date
61,2007/01/01,5227,2411,2116,587,1873,275,652,1718,4083,2344,2,0,N\A
61,2007/01/17,4328,1594,2116,513,1296,280,594,1159,4106,427,20,0,N\A
61,2007/02/02,4304,1472,2116,483,1213,229,474,337,3574,2283,43,0,N\A
61,2007/02/18,6450,2795,2116,391,1812,193,576,334,3144,2076,59,0,N\A
61,2007/03/06,8199,4390,2116,263,2658,80,547,3022,2498,2079,73,0,N\A
61,2007/03/22,8002,3865,2116,246,2217,126,470,315,2274,1949,91,0,N\A
61,2007/04/07,8377,5314,2116,283,3206,154,570,3004,1729,1804,105,0,N\A
61,2007/04/23,6789,4793,2116,673,3519,362,966,1194,2077,-116,116,0,N\A
61,2007/05/09,6695,3811,2116,504,2546,290,808,2939,1696,1464,137,0,N\A
61,2007/05/25,5972,3511,2116,642,2546,379,965,2572,2394,-353,157,0,N\A
61,2007/06/10,6044,3426,2116,629,2551,307,942,3698,2586,-346,166,0,N\A
61,2007/06/26,6236,3205,34966,509,2196,279,604,5342,2928,-310,184,3,N\A
61,2007/07/12,5171,2048,2185,478,1502,250,501,3027,1959,1451,201,1,N\A
61,2007/07/28,5156,1861,2116,434,1358,207,259,1122,2317,-264,212,0,N\A
61,2007/08/13,5840,2202,2185,385,1466,201,432,369,2055,1770,235,1,N\A
61,2007/08/29,7176,3354,2116,343,2087,153,479,3060,1780,1903,249,0,N\A
61,2007/09/14,8389,6196,3226,339,3870,221,900,5913,2963,92,257,3,N\A
61,2007/09/30,6486,4538,34837,622,2919,533,720,2470,2838,366,285,1,N\A
61,2007/10/16,7495,6251,35878,636,4442,405,1195,5924,3371,319,289,3,N\A
61,2007/11/01,6093,3390,2116,582,2398,333,916,1699,3121,2335,306,0,N\A
61,2007/11/17,6097,2721,2189,438,1807,248,821,4024,3715,2401,336,1,N\A
61,2007/12/03,5434,2677,2116,573,1937,352,958,278,4052,2340,347,0,N\A
61,2007/12/19,4098,1878,2185,686,1639,410,886,1718,4049,2346,354,1,N\A
62,2007/01/01,5237,3975,4164,1160,3711,617,1980,3447,4332,454,6,0,N\A
62,2007/01/17,4769,3235,2116,1095,3092,564,1722,640,3853,2228,27,0,N\A
62,2007/02/02,3949,2631,4164,1277,2944,636,2011,658,3516,2172,43,0,N\A
62,2007/02/18,3497,2263,2116,1363,2829,642,2369,658,3088,2111,59,0,N\A
62,2007/03/06,3605,2165,2116,1207,2568,546,1878,3284,2443,2077,73,0,N\A
62,2007/03/22,3288,2003,2116,1309,2592,591,2100,3275,2000,1953,89,0,N\A
62,2007/04/07,3178,2009,2185,1393,2691,653,2327,2046,1950,1868,98,1,N\A
62,2007/04/23,3284,2148,2116,1413,2795,692,2359,2019,1767,1686,114,0,N\A
62,2007/05/09,3077,1804,2116,1218,2301,614,2248,3200,1697,1450,137,0,N\A
62,2007/05/25,4648,2762,34842,936,2562,462,1842,4227,1794,1323,160,3,N\A
62,2007/06/10,4946,3243,2122,990,2928,524,1677,4428,2769,-347,175,3,N\A
62,2007/06/26,7102,4418,2116,508,2998,261,853,3256,2015,1366,185,0,N\A
62,2007/07/12,4417,2340,34893,877,2265,360,569,3284,1963,1431,201,1,N\A
62,2007/07/28,4196,3081,34842,1112,2720,846,682,5813,3040,-231,209,3,N\A
62,2007/08/13,5349,2439,2185,568,1875,252,567,695,2030,1751,235,1,N\A
62,2007/08/29,8255,4960,2189,294,3076,109,692,5101,1445,1892,247,1,N\A
62,2007/09/14,7881,7387,2066,512,4322,600,837,5802,2926,84,257,3,N\A
62,2007/09/30,8679,5879,36885,255,3607,118,511,3312,2282,2222,281,1,N\A
62,2007/10/16,7078,6573,2066,790,4618,640,1003,5802,3315,314,289,3,N\A
62,2007/11/01,4972,2691,4164,813,2421,315,829,2000,3060,2338,306,0,N\A
62,2007/11/17,3240,2360,36889,1439,2819,912,1289,4236,3653,2404,336,1,N\A
62,2007/12/03,4658,2565,4164,830,2278,420,1364,603,3990,2358,347,0,N\A
62,2007/12/19,4967,2842,2116,819,2436,417,1597,2018,3987,2352,354,0,N\A
63,2007/01/01,3015,1712,2116,1201,2238,574,1327,3352,4320,462,6,0,N\A
63,2007/01/17,4222,2615,2120,972,2393,619,1589,4326,4164,378,31,0,N\A
63,2007/02/02,5507,2804,2116,571,1971,389,973,793,3503,2209,43,0,N\A
63,2007/02/18,7144,4488,2116,462,2774,356,1228,793,3074,2145,59,0,N\A
63,2007/03/06,7668,6036,2116,449,3403,515,1364,3387,2429,2084,73,0,N\A
63,2007/03/22,6736,5221,2116,700,3590,527,1545,697,2517,138,84,0,N\A
63,2007/04/07,5079,5240,2190,1264,3874,1201,2027,5769,2980,16,97,3,N\A
63,2007/04/23,4322,2662,2066,972,2452,585,1440,6277,1004,1605,117,3,N\A
63,2007/05/09,4304,3287,34842,893,2243,978,1798,6260,1124,1362,133,3,N\A
63,2007/05/25,3594,2455,2116,1416,3005,710,2544,2186,2391,-363,157,0,N\A
63,2007/06/10,5207,5317,2066,699,2218,1236,1641,5796,2953,-318,161,3,N\A
63,2007/06/26,5036,2330,34837,611,1851,295,778,3359,2009,1369,185,1,N\A
63,2007/07/12,3446,1901,34837,963,1976,591,1033,3386,1955,1434,201,1,N\A
63,2007/07/28,2864,3767,2066,1314,2369,1767,1410,4297,2671,-174,223,3,N\A
63,2007/08/13,7220,3646,35874,329,2038,306,451,3406,1727,1688,233,3,N\A
63,2007/08/29,8588,6386,2185,324,4266,104,907,3287,2445,1,246,1,N\A
63,2007/09/14,5857,6931,2066,1197,4582,1274,1281,5747,2910,82,257,3,N\A
63,2007/09/30,8866,6943,34837,263,4378,152,578,3415,2269,2232,281,1,N\A
63,2007/10/16,7798,6673,34841,619,5005,305,1055,5758,3302,312,289,1,N\A
63,2007/11/01,3558,1818,2116,992,2088,396,1211,675,3361,2327,315,0,N\A
63,2007/11/17,4267,2479,34897,959,2387,499,956,4356,4104,480,335,1,N\A
63,2007/12/03,3302,1709,2116,1025,2036,454,1253,730,3979,2321,347,0,N\A
63,2007/12/19,3241,1676,2116,1031,2020,461,1308,2147,3976,2365,354,0,N\A
64,2007/01/01,7522,3891,2189,338,2391,164,559,4271,3843,2334,16,1,N\A
64,2007/01/17,7736,3740,2185,283,2218,131,514,666,3911,2260,27,1,N\A
64,2007/02/02,8325,4674,2116,248,2714,135,571,685,3567,2205,43,0,N\A
64,2007/02/18,8412,5744,34961,304,3526,177,654,787,3437,322,52,1,N\A
64,2007/03/06,7426,4936,2261,450,3047,346,925,5086,2323,2150,71,1,N\A
64,2007/03/22,7444,4407,2065,446,3044,131,895,5080,1820,2039,87,1,N\A
64,2007/04/07,5317,2921,2116,738,2414,333,1156,3269,1694,1814,105,0,N\A
64,2007/04/23,5846,4243,35037,817,3117,596,1451,5187,2614,-138,120,1,N\A
64,2007/05/09,6328,3233,2120,494,2197,266,768,5040,1360,1445,135,1,N\A
64,2007/05/25,4058,2010,2185,809,1914,404,890,2268,2347,-341,157,1,N\A
64,2007/06/10,2657,1565,34837,742,1279,954,1180,3437,2540,-345,166,1,N\A
64,2007/06/26,5908,2485,2116,440,1711,209,541,3275,1957,1387,185,0,N\A
64,2007/07/12,8046,4562,2185,290,2679,177,548,684,2176,1492,203,1,N\A
64,2007/07/28,8124,5127,2185,323,3121,189,647,778,2272,-229,212,1,N\A
64,2007/08/13,8199,4784,2185,284,2871,141,531,721,2016,1722,235,1,N\A
64,2007/08/29,8149,5125,2116,329,3227,142,583,3331,1751,1908,249,0,N\A
64,2007/09/14,7681,6263,34966,605,4614,299,953,5780,2934,99,257,3,N\A
64,2007/09/30,4707,3739,2066,1058,2940,894,1282,4304,2458,2315,288,3,N\A
64,2007/10/16,6194,4518,35878,890,3787,413,1339,5791,3356,328,289,3,N\A
64,2007/11/01,4278,2984,2066,815,2034,895,713,5029,3095,2414,311,3,N\A
64,2007/11/17,1635,2139,2066,2125,2956,2133,1242,6339,4349,447,330,3,N\A
64,2007/12/03,1980,592,2116,589,880,286,386,2232,4221,510,349,0,N\A
64,2007/12/19,2750,1006,35033,659,1159,359,809,2037,4055,2365,354,1,N\A
65,2007/01/01,7070,5406,34961,567,3304,540,1155,3548,3693,2308,16,1,N\A
65,2007/01/17,6299,5024,34897,984,4334,476,1437,4209,4170,391,22,1,N\A
65,2007/02/02,5599,4472,34841,776,2751,849,1764,4510,3187,2244,39,1,N\A
65,2007/02/18,3957,2164,2116,975,2252,447,1543,462,3087,241,59,0,N\A
65,2007/03/06,4528,3344,2116,1290,3425,694,2190,3165,2895,144,77,0,N\A
65,2007/03/22,4259,2583,2116,1000,2484,550,1723,3557,1786,1841,96,0,N\A
65,2007/04/07,4889,3211,35878,990,2884,544,1913,4500,1540,1760,103,3,N\A
65,2007/04/23,4879,3569,34837,1013,2944,733,1950,975,1922,1664,114,1,N\A
65,2007/05/09,3388,2285,34893,1484,3005,703,983,588,2186,-321,139,1,N\A
65,2007/05/25,4734,2087,35878,526,1472,440,554,5235,1770,1256,158,3,N\A
65,2007/06/10,5428,4478,34842,1094,3692,767,764,5052,2974,-361,175,3,N\A
65,2007/06/26,5611,3456,34893,861,3063,307,763,2367,2229,1356,185,1,N\A
65,2007/07/12,6271,4206,34837,765,3339,351,736,2395,2169,1415,201,1,N\A
65,2007/07/28,6576,3810,2116,573,2774,236,702,3586,1824,1549,224,0,N\A
65,2007/08/13,5704,3351,34893,732,2676,342,764,2432,1890,1655,233,1,N\A
65,2007/08/29,3547,2150,2116,1313,2757,513,911,417,2125,-3,251,0,N\A
65,2007/09/14,3172,4329,2066,2091,4034,2048,1494,6221,3022,43,257,3,N\A
65,2007/09/30,5039,3917,34837,1273,3860,665,1104,3137,2768,305,285,1,N\A
65,2007/10/16,4740,3572,34842,1073,3007,788,802,5053,3374,380,303,3,N\A
65,2007/11/01,4296,2763,34838,1151,2885,547,965,1984,3201,456,308,3,N\A
65,2007/11/17,3788,2561,3098,1234,2739,727,769,3221,3845,491,333,3,N\A
65,2007/12/03,4562,4056,3102,1608,4307,976,1365,4230,4079,469,342,3,N\A
65,2007/12/19,3994,5229,2066,2237,5213,1921,1975,6244,4489,428,353,3,N\A
66,2007/01/01,7603,3992,34837,349,2563,106,620,3529,3695,2295,16,1,N\A
66,2007/01/17,6532,5421,2120,937,4467,508,1553,4220,4172,389,22,0,N\A
66,2007/02/02,5680,4110,2116,1057,3837,436,1034,1930,3746,356,36,0,N\A
66,2007/02/18,6834,3138,34841,381,2026,161,1057,6371,2305,2224,60,1,N\A
66,2007/03/06,5521,3491,34837,866,3001,388,1338,2376,2461,2037,73,1,N\A
66,2007/03/22,5381,3320,2116,832,2771,422,1629,3533,1789,1837,96,0,N\A
66,2007/04/07,4624,3767,3098,1241,3376,887,1929,974,2054,1803,98,3,N\A
66,2007/04/23,5327,3495,2062,838,2749,548,1448,938,1925,1616,114,3,N\A
66,2007/05/09,6505,4662,2116,767,3623,388,866,3277,2476,-336,141,0,N\A
66,2007/05/25,5843,7336,2062,936,3568,1362,1196,2284,2068,1349,153,3,N\A
66,2007/06/10,6961,4637,35874,640,3572,214,1032,913,2267,1352,162,3,N\A
66,2007/06/26,4513,2718,34893,1065,2817,413,678,2349,2230,1359,185,1,N\A
66,2007/07/12,3965,1427,34841,452,1046,447,53,5877,1707,1296,197,1,N\A
66,2007/07/28,5450,3810,3102,795,2700,663,713,5277,1562,1498,222,3,N\A
66,2007/08/13,6660,4807,2190,754,3761,353,972,6233,3139,-177,225,3,N\A
66,2007/08/29,4952,2656,2116,751,2225,381,630,1038,1991,1753,242,0,N\A
66,2007/09/14,2650,4008,2066,2177,3747,2269,1687,5022,2817,177,271,3,N\A
66,2007/09/30,4566,4873,2062,1224,3281,1343,1946,3156,2771,318,285,3,N\A
66,2007/10/16,4100,3017,2062,1130,2701,862,731,1010,2561,2195,290,3,N\A
66,2007/11/01,4733,3339,35878,859,2403,800,927,4441,2910,2375,311,3,N\A
66,2007/11/17,3973,3957,2066,1588,3682,1331,1272,6268,3977,412,321,3,N\A
66,2007/12/03,3115,1774,34837,978,1863,702,601,552,3906,538,347,1,N\A
66,2007/12/19,5093,4616,2066,1243,3824,974,1029,4239,4250,463,358,3,N\A
67,2007/01/01,5861,3163,3298,673,2579,207,1124,6148,3390,2364,12,3,N\A
67,2007/01/17,4051,2188,2116,936,2211,435,1718,3023,3386,2234,32,0,N\A
67,2007/02/02,3679,2502,2116,1374,2974,698,2314,1194,3468,350,43,0,N\A
67,2007/02/18,3585,2090,2061,1178,2495,508,1843,3032,2587,2071,64,1,N\A
67,2007/03/06,3341,2147,34893,1364,2733,664,2151,297,2785,2022,66,1,N\A
67,2007/03/22,3457,2503,2116,1602,3295,800,2775,1203,2377,17,91,0,N\A
67,2007/04/07,3657,2901,2066,1612,3471,950,1661,5991,2978,-92,104,3,N\A
67,2007/04/23,4029,2657,2066,966,2270,773,1372,6137,1250,1376,124,3,N\A
67,2007/05/09,5078,3443,34842,1030,3156,520,1418,5447,2903,-329,143,3,N\A
67,2007/05/25,5150,4641,2066,1128,3524,985,1371,6509,3191,-316,145,3,N\A
67,2007/06/10,6225,3977,34966,740,3181,304,1365,5404,3119,-379,175,3,N\A
67,2007/06/26,3108,1348,2116,808,1537,382,560,1719,2380,1356,185,0,N\A
67,2007/07/12,4066,1659,36002,677,1605,225,620,5609,1862,1282,197,3,N\A
67,2007/07/28,3867,1441,34837,417,943,576,805,1773,2169,1493,217,1,N\A
67,2007/08/13,6664,3517,3154,460,2298,266,792,1782,2000,1610,233,3,N\A
67,2007/08/29,8092,4296,35878,282,2675,59,671,4111,1606,1765,247,3,N\A
67,2007/09/14,6385,5629,2062,870,3944,735,749,2516,2354,70,260,3,N\A
67,2007/09/30,7287,4374,2061,462,2944,204,516,1791,2217,2148,281,1,N\A
67,2007/10/16,5910,5609,2066,1028,4000,923,1136,5991,3328,305,296,3,N\A
67,2007/11/01,5279,3413,34842,848,2745,525,767,6025,3654,378,312,3,N\A
67,2007/11/17,5866,3618,34893,733,2814,378,758,2976,3462,2355,336,1,N\A
67,2007/12/03,3730,3093,34837,1706,3736,1009,1201,2608,3825,489,340,1,N\A
67,2007/12/19,6072,3321,35930,597,2443,284,631,1239,3956,475,363,3,N\A
68,2007/01/01,6048,4422,34841,698,2835,659,833,5966,3358,2359,12,1,N\A
68,2007/01/17,6233,3163,2116,500,2155,277,913,290,3775,437,18,0,N\A
68,2007/02/02,5731,3713,2116,852,3140,380,1339,3019,3725,333,36,0,N\A
68,2007/02/18,4514,2305,2116,782,2069,374,1525,2588,2603,2059,64,0,N\A
68,2007/03/06,4051,2367,2116,1044,2466,495,1952,264,2808,278,66,0,N\A
68,2007/03/22,5236,2319,2116,545,1743,280,1170,3718,1909,1878,87,0,N\A
68,2007/04/07,4800,3597,34841,1062,3023,769,1585,6186,3046,-106,104,1,N\A
68,2007/04/23,5475,2995,34841,599,2049,472,1040,5955,1339,1369,124,1,N\A
68,2007/05/09,5738,3282,34897,677,2500,357,1411,5682,2990,-340,143,1,N\A
68,2007/05/25,5733,2208,2116,410,1512,200,647,2514,2257,1303,160,0,N\A
68,2007/06/10,6288,3539,2120,578,2537,289,1074,4972,3033,-400,166,1,N\A
68,2007/06/26,5547,2388,2185,484,1690,263,693,1201,2471,1350,185,1,N\A
68,2007/07/12,5165,2148,2116,497,1559,291,725,1228,2405,1401,201,0,N\A
68,2007/07/28,6059,2352,3298,369,1504,221,690,4662,1781,1462,222,3,N\A
68,2007/08/13,5693,2462,2185,458,1669,283,496,1255,2078,1584,233,1,N\A
68,2007/08/29,7253,3347,2185,325,2042,156,577,3757,1665,1749,247,1,N\A
68,2007/09/14,7643,4946,35038,432,3234,222,918,4055,2588,130,269,3,N\A
68,2007/09/30,7391,3982,34961,365,2434,218,634,3756,1958,2152,279,1,N\A
68,2007/10/16,5960,4953,2066,849,3354,774,822,5649,3357,342,303,3,N\A
68,2007/11/01,6067,3994,2066,703,2872,1779,1032,5339,2618,2384,309,3,N\A
68,2007/11/17,6136,3198,2116,545,2276,269,875,2524,3432,2354,336,0,N\A
68,2007/12/03,5654,3076,2116,647,2331,337,1001,326,3612,514,338,0,N\A
68,2007/12/19,5052,3199,35874,822,2501,575,842,1766,3940,470,363,3,N\A
69,2007/01/01,6947,3777,2189,447,2482,226,676,5877,3270,2338,16,1,N\A
69,2007/01/17,8338,4814,2116,254,2804,145,526,957,3505,2224,29,0,N\A
69,2007/02/02,9042,6554,2185,203,4035,85,632,3538,3018,2176,43,1,N\A
69,2007/02/18,8758,6104,2116,248,3746,121,531,2358,2906,2116,52,0,N\A
69,2007/03/06,7475,6187,2120,687,4756,325,964,4258,3241,171,65,0,N\A
69,2007/03/22,5154,2372,2116,594,1858,280,729,3533,1859,1815,91,0,N\A
69,2007/04/07,4246,2292,2116,848,2100,471,1340,560,2192,-123,102,0,N\A
69,2007/04/23,6040,2750,2262,475,1924,214,494,5854,1463,1319,128,3,N\A
69,2007/05/09,4695,2339,2116,744,2061,327,716,642,2297,-361,134,0,N\A
69,2007/05/25,2885,1096,2116,709,1284,323,195,3472,2168,1278,155,0,N\A
69,2007/06/10,5411,2488,35038,574,1928,236,389,5866,1999,1189,176,3,N\A
69,2007/06/26,6553,3835,3154,560,2690,289,569,3258,2908,-422,184,3,N\A
69,2007/07/12,8355,5144,2189,281,3137,126,577,5267,1987,1296,201,1,N\A
69,2007/07/28,8515,3405,34897,134,1671,159,191,5736,3206,-298,211,1,N\A
69,2007/08/13,8492,5754,2120,295,3620,126,627,4520,1784,1479,226,1,N\A
69,2007/08/29,8206,5207,2189,307,3117,196,666,6397,1096,1737,247,1,N\A
69,2007/09/14,5426,4992,3102,985,3322,1004,576,4229,2572,7,257,3,N\A
69,2007/09/30,5976,2658,2190,470,1866,208,692,5287,1778,2214,281,3,N\A
69,2007/10/16,4647,2304,3154,713,1951,373,677,2030,2907,399,303,3,N\A
69,2007/11/01,5072,2368,34961,628,1921,272,554,3463,2865,2337,315,1,N\A
69,2007/11/17,3854,1828,2185,786,1772,401,515,893,3411,2319,333,1,N\A
69,2007/12/03,4408,2116,2120,723,1863,365,589,4297,3819,444,337,0,N\A
69,2007/12/19,3113,1571,34961,972,1851,493,500,920,3742,2300,365,1,N\A
70,2007/01/01,8218,5845,2189,365,3732,203,704,5888,3251,2333,16,1,N\A
70,2007/01/17,7393,6616,2120,769,5131,435,1208,5736,4250,349,19,1,N\A
70,2007/02/02,3803,2356,34837,1181,2631,578,837,3557,3002,2181,43,1,N\A
70,2007/02/18,3630,2145,2116,1228,2628,491,1840,983,2792,2028,61,0,N\A
70,2007/03/06,3285,2224,2116,1459,2887,746,2176,507,2708,131,70,0,N\A
70,2007/03/22,3771,2404,2116,1316,2910,564,1858,966,2129,1758,93,0,N\A
70,2007/04/07,4873,2883,2185,934,2710,389,1290,3529,1723,1614,107,1,N\A
70,2007/04/23,4908,4881,2066,1177,3446,1185,1610,5752,2909,-199,115,3,N\A
70,2007/05/09,4620,2288,2116,723,1965,365,440,616,2308,-424,134,0,N\A
70,2007/05/25,5088,2337,2261,572,1757,335,433,5866,1929,1184,160,1,N\A
70,2007/06/10,5782,3543,2066,685,2563,1904,1213,5877,2017,1185,176,3,N\A
70,2007/06/26,6403,3868,2116,608,2773,324,758,3239,2921,-420,184,0,N\A
70,2007/07/12,8286,4697,2189,270,2882,80,561,5277,2003,1288,201,1,N\A
70,2007/07/28,8474,5424,2189,271,3283,137,592,5911,1551,1416,224,1,N\A
70,2007/08/13,8233,5030,2189,297,3066,145,522,5298,1549,1529,233,1,N\A
70,2007/08/29,5499,4060,34841,943,3248,2148,1237,6409,1095,1724,247,1,N\A
70,2007/09/14,5018,2536,35878,734,2213,272,601,5052,2726,77,266,3,N\A
70,2007/09/30,4357,3285,2066,1146,2916,843,872,6255,3146,199,284,3,N\A
70,2007/10/16,3991,2343,36002,967,2252,579,774,4228,2828,275,289,3,N\A
70,2007/11/01,4558,2935,34842,897,2400,664,615,5763,3410,346,307,3,N\A
70,2007/11/17,3655,1597,34837,788,1696,295,479,911,3393,2300,333,1,N\A
70,2007/12/03,8406,5155,34965,225,2599,325,812,6373,3198,2443,343,1,N\A
70,2007/12/19,8043,5790,2116,414,3818,214,658,3249,3972,439,360,0,N\A
71,2007/01/01,7190,4751,34897,544,3328,259,619,5712,3266,2331,16,1,N\A
71,2007/01/17,6952,4803,2116,601,3343,357,848,3200,3354,2231,27,0,N\A
71,2007/02/02,4930,3304,2116,1055,3107,522,1576,985,3465,358,38,0,N\A
71,2007/02/18,4378,2736,2116,1070,2737,524,1312,976,3122,253,54,0,N\A
71,2007/03/06,4681,2819,2116,952,2628,464,1430,1965,2525,2012,68,0,N\A
71,2007/03/22,3943,2502,2116,1212,2790,573,1309,3569,2697,5,88,0,N\A
71,2007/04/07,4226,2228,2116,879,2166,400,456,2415,2365,-194,111,0,N\A
71,2007/04/23,4677,2293,36002,669,1845,405,422,4208,1638,1525,114,3,N\A
71,2007/05/09,4081,2132,2116,857,2039,443,568,397,2303,1327,141,0,N\A
71,2007/05/25,6485,4435,3102,659,3091,445,575,5342,3068,-387,154,3,N\A
71,2007/06/10,7625,5067,2116,448,3326,242,594,2424,2827,-446,175,0,N\A
71,2007/06/26,8250,5080,34837,303,3161,122,492,496,2589,1360,189,1,N\A
71,2007/07/12,8968,6461,34897,218,4008,87,669,5061,2044,1298,201,1,N\A
71,2007/07/28,6933,4428,34841,519,2866,364,740,5735,1598,1423,224,1,N\A
71,2007/08/13,7449,4293,34965,407,2785,184,533,5082,1597,1536,233,1,N\A
71,2007/08/29,7872,4908,35037,370,3109,184,608,6265,1143,1718,247,1,N\A
71,2007/09/14,4790,2450,35930,703,1996,403,791,3247,1779,1973,267,3,N\A
71,2007/09/30,3402,1707,2116,947,1924,440,854,558,2308,2112,285,0,N\A
71,2007/10/16,4285,2403,2116,936,2340,447,570,2424,2919,389,303,0,N\A
71,2007/11/01,2925,1404,2116,972,1776,439,357,1076,2987,424,310,0,N\A
71,2007/11/17,4524,2339,2116,800,2122,373,762,2433,3611,471,335,0,N\A
71,2007/12/03,6837,4484,2120,600,3194,311,883,4562,3826,439,337,1,N\A
71,2007/12/19,7171,3170,34893,320,1943,142,312,2406,3923,437,2,1,N\A
72,2007/01/01,7087,4945,2116,611,3584,296,729,2489,3881,405,15,0,N\A
72,2007/01/17,7582,5089,2120,466,3390,243,668,4169,3390,2277,18,0,N\A
72,2007/02/02,4300,2747,2116,1075,2697,585,1776,1085,3465,339,38,0,N\A
72,2007/02/18,5239,3727,2189,1148,3675,482,1696,6448,3800,156,60,1,N\A
72,2007/03/06,4785,2629,2116,797,2260,418,1041,415,2462,1885,77,0,N\A
72,2007/03/22,4223,2355,2116,949,2337,440,1201,406,2187,1814,93,0,N\A
72,2007/04/07,4808,4670,34841,1364,3891,1140,1190,6460,3135,-152,108,1,N\A
72,2007/04/23,3892,2030,34966,903,2054,440,435,5647,1538,1322,128,3,N\A
72,2007/05/09,2382,1453,2116,1509,2453,703,932,297,2320,1381,141,0,N\A
72,2007/05/25,6574,4199,35930,627,3034,329,706,3060,2242,1285,155,3,N\A
72,2007/06/10,6749,4529,2116,628,3236,348,609,2507,2844,-453,175,0,N\A
72,2007/06/26,7213,3952,34837,415,2564,195,337,398,2607,1403,189,1,N\A
72,2007/07/12,6836,4449,34897,636,3385,234,732,5010,2062,1292,201,1,N\A
72,2007/07/28,6157,5075,3102,945,3974,3422,1925,5691,1616,1417,224,3,N\A
72,2007/08/13,6541,7091,2066,997,4768,994,896,4561,2869,-247,225,3,N\A
72,2007/08/29,6814,3518,34965,463,2444,153,559,6230,1156,1710,247,1,N\A
72,2007/09/14,4956,3278,2066,990,2936,538,634,5321,2779,68,266,3,N\A
72,2007/09/30,4127,2274,2189,905,2177,483,379,5030,1785,2184,281,1,N\A
72,2007/10/16,2949,1654,34893,1266,2325,523,658,2507,2917,380,303,1,N\A
72,2007/11/01,3327,1907,2116,1143,2283,560,624,1176,2984,453,310,0,N\A
72,2007/11/17,7530,5348,2116,529,3756,246,762,2525,3608,471,335,0,N\A
72,2007/12/03,8006,6464,2120,503,4544,258,846,4621,3823,431,337,1,N\A
72,2007/12/19,8661,8182,34841,453,6317,149,1036,5969,4252,407,355,1,N\A
73,2007/01/01,5366,2796,2116,664,2202,325,620,2030,3836,403,15,0,N\A
73,2007/01/17,4924,2431,2116,673,1979,345,790,920,3471,2189,29,0,N\A
73,2007/02/02,5067,2750,2116,711,2172,421,1115,3523,2983,2167,43,0,N\A
73,2007/02/18,3353,1629,2116,865,1738,471,862,939,2781,2065,61,0,N\A
73,2007/03/06,4571,3155,2120,1073,2880,667,1988,4278,3228,157,65,0,N\A
73,2007/03/22,4620,2653,2116,812,2207,525,1414,921,2135,1798,93,0,N\A
73,2007/04/07,5859,4090,2118,793,3037,544,1577,2040,2332,-215,111,3,N\A
73,2007/04/23,6500,3417,2186,494,2329,249,892,3473,1822,1435,123,3,N\A
73,2007/05/09,5606,3023,2116,650,2309,332,936,670,2335,-418,134,0,N\A
73,2007/05/25,7019,4730,34841,599,3421,280,1010,5155,3051,-390,154,1,N\A
73,2007/06/10,6862,4072,2185,523,2811,254,572,3305,2902,-436,168,1,N\A
73,2007/06/26,6545,3431,2120,489,2342,237,416,4461,2251,1244,178,0,N\A
73,2007/07/12,6288,2939,2120,469,2058,181,531,5256,2034,1286,201,1,N\A
73,2007/07/28,4038,3291,2066,1032,2430,1067,693,4500,2046,1358,210,3,N\A
73,2007/08/13,6381,5412,2062,660,2988,826,543,3548,1834,1570,235,3,N\A
73,2007/08/29,6199,3231,2185,518,2208,299,427,525,2172,-127,246,1,N\A
73,2007/09/14,5807,4836,34842,846,3190,820,830,5073,2726,71,266,3,N\A
73,2007/09/30,3398,2164,2185,1315,2669,656,1162,976,2261,2147,285,1,N\A
73,2007/10/16,4998,2553,2116,703,2108,343,541,2058,2872,388,303,0,N\A
73,2007/11/01,4786,2167,2185,653,1852,259,583,3445,2819,2330,315,1,N\A
73,2007/11/17,5300,2841,2116,687,2237,363,665,2066,3567,470,335,0,N\A
73,2007/12/03,6706,3584,2116,446,2262,303,627,885,3605,2332,349,0,N\A
73,2007/12/19,6906,4701,34962,572,3126,397,821,3286,3950,437,360,3,N\A
74,2007/01/01,3794,2052,2116,1022,2272,424,708,2793,3919,407,15,0,N\A
74,2007/01/17,4478,2082,2116,694,1820,329,599,3932,3426,2277,18,0,N\A
74,2007/02/02,3224,1919,2116,1327,2590,547,1820,2847,3068,2161,43,0,N\A
74,2007/02/18,2982,1909,2116,1442,2668,702,2445,62,2870,2077,61,0,N\A
74,2007/03/06,3232,2373,2120,1814,3547,824,2736,4780,3319,161,65,1,N\A
74,2007/03/22,2103,1351,2116,1732,2655,796,2722,45,2222,1836,93,0,N\A
74,2007/04/07,2682,1477,34961,1255,2175,551,1191,2802,2408,-192,111,1,N\A
74,2007/04/23,3813,2196,34842,846,1889,679,594,5492,1551,1334,128,3,N\A
74,2007/05/09,4379,2469,34893,917,2346,451,725,76,2337,-251,141,1,N\A
74,2007/05/25,7015,5917,35878,688,3922,585,921,5542,3103,-383,154,3,N\A
74,2007/06/10,7235,4563,34961,464,2893,316,407,1493,2692,-475,166,1,N\A
74,2007/06/26,8331,6496,2116,382,4197,241,704,3905,2999,-411,184,0,N\A
74,2007/07/12,8211,5235,34841,331,3371,112,575,6091,1874,1240,199,1,N\A
74,2007/07/28,6113,3157,34841,539,2235,272,723,5540,1636,1431,224,1,N\A
74,2007/08/13,6192,1650,34965,234,995,116,330,4848,1639,1540,233,1,N\A
74,2007/08/29,5202,3304,35878,872,2763,492,891,6064,3035,-111,243,3,N\A
74,2007/09/14,2150,2120,2066,1721,2664,1583,706,4760,2664,-1,257,3,N\A
74,2007/09/30,3067,1706,34837,1217,2294,509,655,89,2348,2084,285,1,N\A
74,2007/10/16,2780,6959,2066,1458,2581,2306,1002,5509,3188,306,298,3,N\A
74,2007/11/01,7508,5583,2116,506,3555,392,552,3959,3263,408,312,0,N\A
74,2007/11/17,8171,5015,34893,306,3041,166,466,20,3441,361,333,1,N\A
74,2007/12/03,8307,7481,2189,493,5331,283,1019,5521,4092,419,346,1,N\A
74,2007/12/19,6403,4501,34837,821,3744,325,1056,3911,4029,438,360,1,N\A
75,2007/01/01,2670,5764,2062,2308,3990,2739,2113,895,4252,472,13,3,N\A
75,2007/01/17,6472,4159,2185,657,3068,336,558,1991,3898,2269,27,1,N\A
75,2007/02/02,6323,4649,2116,831,3689,441,811,869,3682,403,45,0,N\A
75,2007/02/18,7462,4631,2116,439,3021,229,606,603,3392,2181,52,0,N\A
75,2007/03/06,5675,4385,2116,1106,4009,546,1451,3437,2983,191,79,0,N\A
75,2007/03/22,5628,3337,2120,763,2728,345,1009,4226,1932,2020,89,0,N\A
75,2007/04/07,4051,2603,2185,1297,3064,517,1634,586,2082,1897,100,1,N\A
75,2007/04/23,4939,2684,2120,791,2335,360,1063,4187,1414,1653,121,0,N\A
75,2007/05/09,5909,3018,2120,559,2174,287,795,5641,1182,1449,135,1,N\A
75,2007/05/25,3407,1916,2116,1073,2182,554,540,950,2167,-358,157,0,N\A
75,2007/06/10,3004,2497,34841,1629,3028,1173,1227,6351,3023,-277,163,1,N\A
75,2007/06/26,5054,2497,34841,662,2015,326,295,4207,1779,1383,185,1,N\A
75,2007/07/12,7773,5629,2116,472,3767,262,824,859,2271,-244,205,0,N\A
75,2007/07/28,7280,5488,2061,566,3597,425,653,623,2098,1609,212,1,N\A
75,2007/08/13,6818,4392,2116,592,3129,299,748,2046,1868,1778,235,0,N\A
75,2007/08/29,6685,3928,2116,557,2804,246,617,648,2029,1862,244,0,N\A
75,2007/09/14,5592,4760,34842,1178,4168,738,1296,5160,2813,123,257,3,N\A
75,2007/09/30,4958,3333,36002,1113,3302,475,1436,5791,3272,298,282,3,N\A
75,2007/10/16,4778,3131,34841,1138,3221,456,1211,5176,3300,349,289,1,N\A
75,2007/11/01,4370,1747,34961,514,1312,397,589,1909,3452,2374,315,1,N\A
75,2007/11/17,1495,2955,2066,2229,3013,2634,1684,6183,3654,2466,334,3,N\A
75,2007/12/03,668,309,2189,1207,1380,622,255,4197,3941,2404,345,1,N\A
75,2007/12/19,2141,1248,34841,1385,2140,711,371,5207,4575,480,353,1,N\A
76,2007/01/01,3274,1349,35033,683,1348,417,648,856,4172,2335,4,1,N\A
76,2007/01/17,6037,3427,2185,627,2538,315,827,3221,4133,408,31,1,N\A
76,2007/02/02,6864,5064,34841,696,3744,383,1097,5704,4241,329,42,1,N\A
76,2007/02/18,7102,4597,2120,538,3175,275,900,4229,3677,294,56,0,N\A
76,2007/03/06,7612,4745,2189,406,2995,239,727,6311,1889,2175,78,1,N\A
76,2007/03/22,6862,3570,2185,422,2268,250,800,901,2409,1999,84,1,N\A
76,2007/04/07,6030,3418,2185,634,2560,304,1074,884,2046,1840,100,1,N\A
76,2007/04/23,6227,3445,2116,550,2366,332,1090,3425,1573,1716,114,0,N\A
76,2007/05/09,4289,3125,34841,1217,3045,763,1760,5747,2742,-227,138,1,N\A
76,2007/05/25,6723,1442,3102,164,837,21,417,4362,1625,1367,153,3,N\A
76,2007/06/10,5355,2884,35878,673,2225,375,867,4382,1748,1343,169,3,N\A
76,2007/06/26,6653,3532,2189,475,2364,246,623,4402,1788,1366,185,1,N\A
76,2007/07/12,5134,2514,34961,686,2134,247,843,2284,1997,1489,203,1,N\A
76,2007/07/28,6857,4317,3226,568,3047,280,807,5043,2822,-222,209,3,N\A
76,2007/08/13,8119,6179,3298,429,4134,229,881,5682,2884,-67,234,3,N\A
76,2007/08/29,7467,4364,2185,394,2718,236,840,525,2186,146,253,1,N\A
76,2007/09/14,7034,6847,34842,783,4498,751,777,5022,2775,116,257,3,N\A
76,2007/09/30,6885,4413,34965,510,2765,407,627,5204,2410,2349,288,1,N\A
76,2007/10/16,5770,3484,2116,740,2759,362,836,1984,3058,434,294,0,N\A
76,2007/11/01,5149,2269,34837,552,1724,283,657,2183,3393,2358,315,1,N\A
76,2007/11/17,5851,1968,2062,363,1387,75,500,2210,3765,2378,331,3,N\A
76,2007/12/03,3864,1817,2185,789,1783,379,485,2239,4015,2383,347,1,N\A
76,2007/12/19,5335,2992,2261,792,2604,296,762,5064,4517,471,353,1,N\A
77,2007/01/01,7105,4297,34837,478,2825,272,463,435,4178,508,13,1,N\A
77,2007/01/17,6888,4639,2189,620,3365,306,899,4132,4324,415,24,1,N\A
77,2007/02/02,5215,2482,2116,633,2013,255,686,2431,3464,2233,43,0,N\A
77,2007/02/18,6081,4485,34897,912,3743,458,1417,4123,3659,293,56,1,N\A
77,2007/03/06,6035,4599,2116,979,3960,484,1574,3090,2920,190,79,0,N\A
77,2007/03/22,5601,3261,2116,737,2614,353,1235,1064,2391,2002,84,0,N\A
77,2007/04/07,4888,2919,2116,885,2578,452,1466,2399,1774,1796,107,0,N\A
77,2007/04/23,3649,2788,2116,1655,3557,858,2455,1875,2130,-116,118,0,N\A
77,2007/05/09,4184,1585,34841,531,1295,325,433,5204,1404,1378,144,1,N\A
77,2007/05/25,3736,1864,34961,907,1989,390,718,489,2162,-350,157,1,N\A
77,2007/06/10,3477,1499,2185,752,1554,359,789,1893,2356,-360,166,1,N\A
77,2007/06/26,6730,2876,2120,341,1745,212,506,4500,1781,1367,185,0,N\A
77,2007/07/12,8708,7180,2189,318,4607,211,805,5639,2971,-246,202,1,N\A
77,2007/07/28,9008,7908,2189,270,5175,172,941,4951,2808,-226,209,1,N\A
77,2007/08/13,8597,7358,2189,383,5078,190,915,5618,2869,-73,234,1,N\A
77,2007/08/29,7237,7358,34841,808,5042,734,1024,4094,2570,43,248,1,N\A
77,2007/09/14,4456,4246,35878,1707,4452,1138,908,5617,2973,178,266,3,N\A
77,2007/09/30,4683,3680,3102,1055,2914,882,1125,5617,3204,293,282,3,N\A
77,2007/10/16,4569,2047,35874,631,1693,335,696,3595,2592,2304,290,3,N\A
77,2007/11/01,4997,1782,34965,431,1292,240,425,4191,3679,459,312,1,N\A
77,2007/11/17,3506,2580,34837,1111,2311,980,887,2357,3750,2384,331,1,N\A
77,2007/12/03,7445,3999,34965,365,2493,184,626,4480,3867,2408,345,1,N\A
77,2007/12/19,7328,3594,34893,344,2231,156,568,1028,4138,2363,356,1,N\A
78,2007/01/01,2526,1746,35878,1179,1976,1019,521,5965,3795,2393,7,3,N\A
78,2007/01/17,5092,1931,2185,466,1433,228,422,2661,3791,2285,27,1,N\A
78,2007/02/02,7575,3492,2116,290,2102,116,411,2671,3431,2233,43,0,N\A
78,2007/02/18,8190,5015,2116,304,3056,155,621,1557,3446,339,54,0,N\A
78,2007/03/06,8502,7239,2116,396,4893,232,870,3940,3201,215,72,0,N\A
78,2007/03/22,8397,5344,2116,271,3112,193,549,1345,2358,2003,84,0,N\A
78,2007/04/07,5791,3361,2116,685,2570,355,894,2643,1746,1792,107,0,N\A
78,2007/04/23,4758,2359,2116,716,2016,338,847,2615,1654,1619,123,0,N\A
78,2007/05/09,4652,2367,34961,715,1959,415,599,1255,1827,1538,132,1,N\A
78,2007/05/25,4861,1997,2116,521,1507,306,391,2597,1876,1402,155,0,N\A
78,2007/06/10,3839,1361,34837,588,1321,185,252,1629,2344,-367,166,1,N\A
78,2007/06/26,4167,1414,34897,494,1200,225,293,4658,1774,1348,185,1,N\A
78,2007/07/12,7968,5351,2189,382,3378,223,784,5521,2954,-250,202,1,N\A
78,2007/07/28,8259,5575,35878,323,3388,211,670,4810,2790,-230,209,3,N\A
78,2007/08/13,8900,7104,34841,262,4504,153,928,5500,2844,-70,234,1,N\A
78,2007/08/29,8787,6531,35037,228,3533,300,921,6000,1262,1968,247,1,N\A
78,2007/09/14,5287,4888,2066,1383,4486,2021,1228,4790,2725,112,257,3,N\A
78,2007/09/30,4898,3252,35878,971,2836,577,1367,5500,3170,293,282,3,N\A
78,2007/10/16,4512,2317,2116,726,1920,453,1242,1566,3007,434,294,0,N\A
78,2007/11/01,4576,2397,2061,710,1908,490,1065,2578,3346,2366,315,1,N\A
78,2007/11/17,3756,3396,2066,1366,3010,1214,1170,5554,4219,467,330,3,N\A
78,2007/12/03,5674,2426,2189,471,1707,240,493,4648,3838,2406,345,1,N\A
78,2007/12/19,3323,1480,34841,693,1383,519,581,4840,4468,480,353,1,N\A
79,2007/01/01,7488,4854,35037,475,3308,209,766,5539,3709,2359,16,1,N\A
79,2007/01/17,7659,4618,2116,379,2860,227,814,228,3880,2351,29,0,N\A
79,2007/02/02,7556,4889,2116,440,3162,251,856,2948,3385,2225,43,0,N\A
79,2007/02/18,5318,4069,2116,1081,3537,658,2048,1239,3401,318,54,0,N\A
79,2007/03/06,4157,3094,2116,1496,3625,720,2076,3711,3158,206,72,0,N\A
79,2007/03/22,3653,2146,2116,1122,2414,546,1833,2939,2005,1948,91,0,N\A
79,2007/04/07,4521,2922,2116,1034,2741,579,2042,2921,1713,1783,107,0,N\A
79,2007/04/23,4435,2819,2116,1087,2820,530,1881,2893,1632,1600,123,0,N\A
79,2007/05/09,5235,3528,34842,818,2616,638,1858,4807,1439,1424,137,3,N\A
79,2007/05/25,4797,3048,34894,945,2688,542,1972,3928,1660,1392,146,3,N\A
79,2007/06/10,4152,2709,34838,1138,2754,623,2032,2902,1983,1361,171,3,N\A
79,2007/06/26,4217,2389,34838,1029,2530,400,2092,1636,2138,1394,180,3,N\A
79,2007/07/12,7203,1763,34966,144,886,164,193,5550,1522,1431,208,3,N\A
79,2007/07/28,4529,3581,2062,1127,2993,897,843,2553,2414,-177,223,3,N\A
79,2007/08/13,1623,891,2185,1550,2151,612,347,270,2061,1745,237,1,N\A
79,2007/08/29,5364,3562,2261,675,2237,710,968,4888,1510,1935,249,1,N\A
79,2007/09/14,5467,4858,34842,1030,3515,921,859,5352,2899,172,266,3,N\A
79,2007/09/30,8001,5285,2189,375,3378,190,660,4887,2173,2283,281,1,N\A
79,2007/10/16,6913,4531,34837,591,3239,290,605,1240,2960,413,294,1,N\A
79,2007/11/01,7772,5353,35037,394,3143,356,715,4797,3138,2408,313,1,N\A
79,2007/11/17,5411,5533,2066,1233,4141,1120,1014,4691,3897,468,321,3,N\A
79,2007/12/03,2828,1471,2185,1094,1957,515,537,2911,3925,2382,347,1,N\A
79,2007/12/19,3786,1887,2185,855,1897,430,433,190,4156,2393,365,1,N\A
80,2007/01/01,6326,3704,35037,573,2547,355,875,5539,3706,2356,16,1,N\A
80,2007/01/17,5844,4135,2185,926,3531,445,1433,2590,4032,407,31,1,N\A
80,2007/02/02,5809,3351,2116,704,2656,309,1117,2949,3382,2221,43,0,N\A
80,2007/02/18,4118,2671,2116,1340,3217,492,1768,1239,3399,335,54,0,N\A
80,2007/03/06,5466,3923,2116,1094,3732,465,1636,3720,3158,210,72,0,N\A
80,2007/03/22,4121,2718,2116,1333,3202,535,1895,1248,2535,144,86,0,N\A
80,2007/04/07,4328,2654,2116,1054,2663,511,1904,2920,1714,1774,107,0,N\A
80,2007/04/23,4774,2747,2116,940,2658,355,1418,3976,1504,1697,114,0,N\A
80,2007/05/09,4944,3846,34841,907,2681,879,969,6068,1160,1380,135,1,N\A
80,2007/05/25,3358,1904,2116,1225,2464,473,1951,2874,1873,1391,155,0,N\A
80,2007/06/10,4356,2474,3226,1026,2610,368,1588,4827,1738,1310,169,3,N\A
80,2007/06/26,5369,3682,34842,1015,3369,464,1652,5984,3064,-309,179,3,N\A
80,2007/07/12,6126,1918,34965,295,1228,112,350,5550,1525,1430,208,1,N\A
80,2007/07/28,5263,2795,35037,715,2304,318,536,5561,1380,1594,224,1,N\A
80,2007/08/13,3711,2011,2189,1125,2453,360,729,4878,1477,1704,233,1,N\A
80,2007/08/29,4023,1981,2189,895,2100,302,675,4888,1510,1934,249,1,N\A
80,2007/09/14,6334,4096,36074,731,3257,297,644,5352,2898,171,266,3,N\A
80,2007/09/30,6892,3917,2189,497,2702,215,608,4888,2170,2284,281,1,N\A
80,2007/10/16,6737,4982,34841,546,2801,635,396,5518,2822,2409,304,1,N\A
80,2007/11/01,8155,5303,34841,347,3415,138,680,4808,3134,2413,313,1,N\A
80,2007/11/17,5546,3151,34961,745,2601,313,687,164,3835,2247,333,1,N\A
80,2007/12/03,3215,1549,2116,1002,1952,352,611,2911,3922,2375,347,0,N\A
80,2007/12/19,2376,1306,2185,1322,2146,574,578,1636,4058,2364,356,1,N\A
81,2007/01/01,2388,1833,2066,1278,2080,1175,731,5902,4648,431,3,3,N\A
81,2007/01/17,4606,1862,34965,545,1476,300,669,4977,3601,2319,25,1,N\A
81,2007/02/02,6616,3957,2185,555,2726,312,723,2378,3662,349,47,1,N\A
81,2007/02/18,7704,5525,2185,463,3571,305,898,3550,3551,289,56,1,N\A
81,2007/03/06,7289,4966,2185,551,3514,254,807,3550,3130,204,72,1,N\A
81,2007/03/22,6157,3772,2116,686,2885,324,811,1013,2508,122,86,0,N\A
81,2007/04/07,6378,3332,2116,504,2279,265,755,3116,1689,1776,107,0,N\A
81,2007/04/23,6969,3870,34897,453,2537,239,732,4135,1481,1690,114,1,N\A
81,2007/05/09,6782,4161,2116,563,2937,274,932,1809,1797,1520,132,0,N\A
81,2007/05/25,6634,4166,34893,584,2887,343,987,380,2135,1478,157,1,N\A
81,2007/06/10,5369,3324,2116,802,2662,465,1279,1076,2327,-402,166,0,N\A
81,2007/06/26,6096,3801,3102,723,2981,329,873,5901,3054,-311,179,3,N\A
81,2007/07/12,4243,1913,34893,694,1717,335,709,3144,1950,1453,203,1,N\A
81,2007/07/28,5752,3137,34841,590,2188,399,444,4493,2758,-248,209,1,N\A
81,2007/08/13,7609,5066,2261,452,3329,246,795,5248,2794,-84,234,1,N\A
81,2007/08/29,7121,5014,34841,549,3266,402,718,6194,1195,1949,247,1,N\A
81,2007/09/14,6071,5285,2062,765,3130,871,689,3172,1992,2106,267,3,N\A
81,2007/09/30,8609,5900,34965,258,3453,195,738,5009,2145,2286,281,1,N\A
81,2007/10/16,6959,4523,34837,553,3084,322,649,1014,2931,404,294,1,N\A
81,2007/11/01,6913,4448,34965,489,2680,440,1024,4928,3111,2412,313,1,N\A
81,2007/11/17,4415,2454,34837,841,2171,489,691,2443,3990,520,335,1,N\A
81,2007/12/03,4709,2051,34841,556,1546,376,455,4958,3768,2412,345,1,N\A
81,2007/12/19,2610,854,34961,586,1000,321,321,1845,4033,2346,356,1,N\A
82,2007/01/01,4937,2199,34965,591,1744,291,703,5266,3568,2337,16,1,N\A
82,2007/01/17,3436,1478,2116,720,1474,406,941,1010,3827,2256,20,0,N\A
82,2007/02/02,5561,2649,2116,547,1918,302,623,462,3455,366,45,0,N\A
82,2007/02/18,4966,1630,34837,339,1008,371,468,1894,3348,284,54,1,N\A
82,2007/03/06,6953,5020,34837,667,3712,340,1330,1893,2936,210,70,1,N\A
82,2007/03/22,5443,4116,2116,1050,3559,616,1613,1903,2559,83,86,0,N\A
82,2007/04/07,4767,2667,2065,809,2283,443,1406,5256,1323,1639,112,1,N\A
82,2007/04/23,4747,2493,36074,765,2148,383,1315,5865,1185,1520,119,3,N\A
82,2007/05/09,2692,876,34837,437,759,560,340,3510,1684,1467,130,1,N\A
82,2007/05/25,4012,1262,34837,397,929,370,456,2321,2067,1353,155,1,N\A
82,2007/06/10,2958,869,2185,488,898,272,357,1957,2525,-397,166,1,N\A
82,2007/06/26,5891,2260,36002,400,1547,168,441,4500,1973,1312,185,3,N\A
82,2007/07/12,8393,5579,2189,299,3424,162,826,4190,2830,-314,200,1,N\A
82,2007/07/28,8890,7635,2189,299,5089,160,888,4176,2745,-242,216,1,N\A
82,2007/08/13,7599,6286,34837,544,3988,474,636,2431,1870,1665,235,1,N\A
82,2007/08/29,6563,5342,2061,825,3977,557,925,1857,2276,-21,246,1,N\A
82,2007/09/14,3191,3855,2062,1957,3792,1818,852,1848,2322,125,262,3,N\A
82,2007/09/30,4203,1583,3226,544,1333,285,756,4549,2060,2238,281,3,N\A
82,2007/10/16,2712,1729,34838,888,1549,976,664,3193,3186,414,303,3,N\A
82,2007/11/01,7716,3519,35038,254,1971,173,558,4451,2983,2381,313,3,N\A
82,2007/11/17,6235,6076,2066,849,3661,958,891,5715,4072,441,330,3,N\A
82,2007/12/03,6957,5240,34837,558,3110,571,477,3519,3596,2375,338,1,N\A
82,2007/12/19,7855,5446,34837,405,3372,291,818,983,3928,2328,356,1,N\A
83,2007/01/01,4966,3160,34961,1028,3057,423,1257,2049,4110,448,6,1,N\A
83,2007/01/17,4736,2913,2116,960,2688,483,1615,597,3784,430,29,0,N\A
83,2007/02/02,5381,3487,2116,838,2791,509,1559,588,3456,343,45,0,N\A
83,2007/02/18,3980,2941,2116,1491,3463,753,2030,2004,3350,279,54,0,N\A
83,2007/03/06,4198,3356,2261,1690,4136,808,2344,5083,3464,200,65,1,N\A
83,2007/03/22,3163,2168,2116,1606,3092,746,1952,2284,2036,1877,91,0,N\A
83,2007/04/07,3152,8630,34837,505,970,1687,1530,2266,1814,1719,107,1,N\A
83,2007/04/23,3995,2384,34842,1128,2629,488,1653,5810,1207,1515,119,3,N\A
83,2007/05/09,3885,3305,2066,1038,2357,1148,1326,6300,1364,1239,142,3,N\A
83,2007/05/25,6062,4237,2066,641,2615,642,1055,6317,1568,1187,158,3,N\A
83,2007/06/10,7125,4455,34842,506,3015,263,1053,4407,1962,1285,169,3,N\A
83,2007/06/26,6355,3124,34841,501,2248,170,597,4287,2870,-362,184,1,N\A
83,2007/07/12,6340,3223,2189,490,2188,261,922,5736,3119,-291,202,1,N\A
83,2007/07/28,8425,5275,3226,279,3265,105,677,5235,1543,1524,224,3,N\A
83,2007/08/13,8306,5477,2185,318,3437,148,562,543,2173,-134,237,1,N\A
83,2007/08/29,8733,5919,34837,240,3549,135,572,3510,1700,1750,242,1,N\A
83,2007/09/14,2649,3555,2062,1956,3366,2025,1034,3212,2557,201,271,3,N\A
83,2007/09/30,5205,3885,3102,995,3156,696,1057,4239,2814,257,280,3,N\A
83,2007/10/16,3825,3259,2066,1133,2537,1142,1030,5747,3390,344,298,3,N\A
83,2007/11/01,5355,2515,3226,474,1567,473,1045,4382,2975,2380,313,3,N\A
83,2007/11/17,6491,3164,2116,447,2101,229,718,652,3701,483,333,0,N\A
83,2007/12/03,8383,5401,2189,293,3331,137,775,4411,3630,2391,345,1,N\A
83,2007/12/19,8639,6123,34841,285,3904,112,864,4421,3739,2365,361,1,N\A
84,2007/01/01,4963,4098,34837,1723,5119,632,1171,1940,4148,453,6,1,N\A
84,2007/01/17,7517,4804,34965,485,3422,140,754,5865,3433,2335,23,1,N\A
84,2007/02/02,5766,3538,2261,926,3449,157,1350,6371,2801,2289,46,1,N\A
84,2007/02/18,6594,4037,34841,605,2948,276,1099,4510,2735,2176,57,1,N\A
84,2007/03/06,5292,3909,34965,1229,3992,493,1663,5022,3475,208,65,1,N\A
84,2007/03/22,5384,3666,2066,858,2860,581,1373,6366,1275,1956,94,3,N\A
84,2007/04/07,3285,2001,2061,1226,2426,639,1902,2358,1794,1738,107,1,N\A
84,2007/04/23,5479,2438,34842,516,1767,272,1186,5855,1167,1540,119,3,N\A
84,2007/05/09,3388,1849,34841,1083,2193,491,927,4441,1597,1398,137,1,N\A
84,2007/05/25,2472,1394,34893,1350,2237,591,1071,2303,2035,1366,155,1,N\A
84,2007/06/10,3738,2131,34965,1318,2892,312,507,4471,1907,1298,169,1,N\A
84,2007/06/26,7349,5392,2120,563,3685,345,799,4210,2823,-354,184,0,N\A
84,2007/07/12,8931,8003,2189,315,5582,136,953,4190,2806,-309,200,1,N\A
84,2007/07/28,8030,7078,2185,569,5209,298,887,3137,2535,-195,223,1,N\A
84,2007/08/13,8187,5767,34965,381,3824,158,599,4529,1574,1656,233,1,N\A
84,2007/08/29,5542,4190,2116,1088,3794,557,1168,1857,2274,-13,246,0,N\A
84,2007/09/14,3686,2456,2062,1050,2276,813,726,2431,2001,2061,267,3,N\A
84,2007/09/30,5400,2710,35037,618,2069,319,901,4529,2095,2239,281,1,N\A
84,2007/10/16,2535,1362,34837,1129,1896,613,456,3567,2430,2271,290,1,N\A
84,2007/11/01,3000,1862,34842,1218,2262,741,543,5832,2869,2432,311,3,N\A
84,2007/11/17,4049,2454,34837,1083,2557,539,758,536,3744,480,333,1,N\A
84,2007/12/03,7155,4815,34965,580,3498,244,737,4470,3680,2393,345,1,N\A
84,2007/12/19,5954,3923,34837,637,2512,585,501,965,3967,2343,356,1,N\A
85,2007/01/01,4961,3052,2116,948,2815,428,1245,2461,4138,461,6,0,N\A
85,2007/01/17,5142,2495,2116,655,2042,277,981,3106,3709,2290,18,0,N\A
85,2007/02/02,4354,2340,2116,842,2141,442,1672,1873,3325,2198,43,0,N\A
85,2007/02/18,3808,2517,2116,1302,2904,641,2206,2424,3389,290,54,0,N\A
85,2007/03/06,3448,2467,2116,1521,3122,804,2981,2424,2984,193,70,0,N\A
85,2007/03/22,3238,1979,2116,1254,2455,641,2352,1864,2082,1878,91,0,N\A
85,2007/04/07,3645,2133,34966,1126,2418,538,1885,5647,1300,1772,103,3,N\A
85,2007/04/23,4173,2863,34842,980,2384,801,1261,6171,1172,1399,126,3,N\A
85,2007/05/09,4566,2619,2116,880,2359,470,1435,342,2038,1495,132,0,N\A
85,2007/05/25,6503,4275,34841,570,2690,495,884,6172,1597,1204,158,1,N\A
85,2007/06/10,4778,2319,2116,689,1950,332,434,2488,2585,-404,166,0,N\A
85,2007/06/26,6798,3878,2120,495,2597,269,708,4565,2911,-359,184,1,N\A
85,2007/07/12,6410,3304,2116,498,2277,241,589,1873,2202,1439,203,0,N\A
85,2007/07/28,7634,5806,2185,541,4033,299,824,3578,2615,-209,223,1,N\A
85,2007/08/13,6665,5178,2066,619,3094,648,601,5009,1455,1724,240,3,N\A
85,2007/08/29,5935,3992,2185,805,3156,435,925,2387,2336,-35,246,1,N\A
85,2007/09/14,5235,3989,34841,748,2392,877,540,6206,1527,2223,270,1,N\A
85,2007/09/30,4178,1864,34837,709,1727,311,549,1022,2593,365,285,1,N\A
85,2007/10/16,7122,4211,3154,444,2642,301,705,3635,3217,412,303,3,N\A
85,2007/11/01,6617,1478,35878,149,732,236,230,5614,2832,2418,311,3,N\A
85,2007/11/17,8165,4971,34841,307,3040,152,846,6171,3340,2453,334,1,N\A
85,2007/12/03,7843,4667,2116,344,2846,201,488,1095,3963,483,349,0,N\A
85,2007/12/19,8081,6796,2189,492,4638,312,951,5331,4344,449,353,1,N\A
86,2007/01/01,6055,3361,2116,580,2361,346,996,2470,4139,459,6,0,N\A
86,2007/01/17,7688,4684,2116,375,2869,241,679,3106,3709,2290,18,0,N\A
86,2007/02/02,7095,4605,2116,488,2872,381,1247,1058,3491,326,45,0,N\A
86,2007/02/18,6044,4100,2116,760,3083,464,1634,2433,3390,290,54,0,N\A
86,2007/03/06,4661,3077,2116,1046,2873,574,1900,2434,2986,191,70,0,N\A
86,2007/03/22,4451,2239,2120,764,1990,385,1479,4149,1841,1921,89,0,N\A
86,2007/04/07,4508,2427,34966,833,2201,415,1353,5636,1303,1773,103,3,N\A
86,2007/04/23,5163,3120,36002,849,2662,431,1405,4584,2565,-191,120,3,N\A
86,2007/05/09,6752,3893,2116,483,2492,332,1047,333,2038,1512,132,0,N\A
86,2007/05/25,8270,4770,35878,278,2936,90,748,4943,1823,1271,160,3,N\A
86,2007/06/10,7502,4905,2116,461,3230,251,656,2498,2586,-404,166,0,N\A
86,2007/06/26,7700,5436,2120,483,3718,232,698,4571,2912,-357,184,1,N\A
86,2007/07/12,7132,4308,2116,466,2784,284,574,1864,2203,1439,203,0,N\A
86,2007/07/28,6855,4334,34961,584,3130,260,711,3588,2616,-209,223,1,N\A
86,2007/08/13,5400,3769,2066,715,2394,740,593,5005,1455,1725,240,3,N\A
86,2007/08/29,4932,3170,2185,1017,2997,465,1257,2397,2337,-35,246,1,N\A
86,2007/09/14,5484,4460,34841,817,2802,877,540,6206,1527,2223,270,1,N\A
86,2007/09/30,7211,3923,34966,418,2580,175,554,4999,2201,2302,288,3,N\A
86,2007/10/16,7296,2298,34837,188,1203,172,531,3135,2419,2254,290,1,N\A
86,2007/11/01,8210,3561,35878,186,1893,137,368,4082,2996,2375,313,3,N\A
86,2007/11/17,7264,4562,34961,493,3111,230,684,3654,3924,488,335,1,N\A
86,2007/12/03,7664,4477,2116,366,2768,207,461,1112,3964,508,349,0,N\A
86,2007/12/19,7587,4217,2116,357,2603,191,531,380,3947,2382,356,0,N\A
87,2007/01/01,5656,4505,3102,653,2354,911,832,5152,3598,2338,16,3,N\A
87,2007/01/17,6154,3427,2116,626,2630,236,790,784,3859,2282,20,0,N\A
87,2007/02/02,5564,3103,34837,815,2860,170,1165,2202,3325,2205,43,1,N\A
87,2007/02/18,5688,3576,34841,742,2700,462,1226,5173,2416,2157,64,1,N\A
87,2007/03/06,5581,4321,34965,1146,4041,556,1864,5124,3486,206,65,1,N\A
87,2007/03/22,4571,3453,34893,1501,4029,631,2247,2103,2585,103,86,1,N\A
87,2007/04/07,4673,3311,3226,1360,3747,518,2126,4346,2598,-57,104,3,N\A
87,2007/04/23,4966,2930,34838,965,2869,322,1533,2147,1789,1561,123,3,N\A
87,2007/05/09,5309,3414,34893,961,3137,396,1515,712,1983,1487,132,1,N\A
87,2007/05/25,7035,2390,34841,236,1356,141,608,4385,2687,-345,152,1,N\A
87,2007/06/10,6315,4371,34842,619,2741,576,509,6288,1645,1196,174,3,N\A
87,2007/06/26,6489,3370,2120,513,2410,189,730,4373,1971,1324,185,0,N\A
87,2007/07/12,7865,5827,2120,478,4001,234,932,4326,2838,-312,200,0,N\A
87,2007/07/28,8160,6791,2185,476,4699,268,1003,3296,2563,-202,223,1,N\A
87,2007/08/13,7423,5771,34837,548,3706,442,796,643,2176,-136,237,1,N\A
87,2007/08/29,8401,6011,34837,319,3672,219,687,3435,1707,1764,242,1,N\A
87,2007/09/14,3454,3572,2062,1710,3515,1486,955,3287,2579,205,271,3,N\A
87,2007/09/30,6344,4054,2262,661,2955,370,1129,4411,2092,2236,281,3,N\A
87,2007/10/16,5224,5234,2066,1046,3335,1157,1087,5780,3419,345,298,3,N\A
87,2007/11/01,6815,3332,35878,455,2403,69,655,4314,3014,2384,313,3,N\A
87,2007/11/17,7616,4112,34893,328,2424,220,683,758,3737,529,333,1,N\A
87,2007/12/03,8655,5942,34837,262,3634,136,637,2156,3812,2348,347,1,N\A
87,2007/12/19,4110,3600,34837,2136,5118,964,1080,758,3959,2349,356,1,N\A
88,2007/01/01,7982,4904,2120,348,3101,154,776,5413,3525,2339,16,1,N\A
88,2007/01/17,7470,4139,2116,376,2597,192,724,1327,3782,2248,20,0,N\A
88,2007/02/02,5465,3579,2116,894,3049,448,1341,1593,3674,377,38,0,N\A
88,2007/02/18,5016,2693,2120,753,2269,362,1312,4707,2661,2171,57,1,N\A
88,2007/03/06,4203,2487,34966,955,2340,553,1481,4708,2177,2073,73,3,N\A
88,2007/03/22,2946,2039,2116,1634,2999,809,2884,1593,2522,82,86,0,N\A
88,2007/04/07,3555,1982,2185,987,2076,569,1992,2661,1770,1704,107,1,N\A
88,2007/04/23,3600,2645,2066,1164,2474,944,1694,5989,1170,1501,119,3,N\A
88,2007/05/09,3869,2651,2066,988,2235,854,1674,6444,1349,1225,142,3,N\A
88,2007/05/25,5339,3652,2066,653,2149,777,1186,6457,1557,1170,158,3,N\A
88,2007/06/10,6969,4778,34841,484,2710,529,842,6469,1660,1174,174,1,N\A
88,2007/06/26,7642,5298,2185,481,3600,236,718,2904,2707,-369,191,1,N\A
88,2007/07/12,7569,4495,2116,390,2819,220,911,2689,2132,1408,203,0,N\A
88,2007/07/28,7482,5473,2116,561,3895,271,1009,2867,2530,-222,223,0,N\A
88,2007/08/13,8528,4754,35878,215,2707,119,888,5444,1363,1718,240,3,N\A
88,2007/08/29,5276,5237,34841,1324,4282,1081,1246,6105,3006,-66,243,1,N\A
88,2007/09/14,5908,3653,2062,638,2481,493,599,2726,1937,2038,267,3,N\A
88,2007/09/30,6379,4069,2185,677,3063,329,980,3949,2767,264,280,1,N\A
88,2007/10/16,5941,2761,3222,515,2023,195,598,1584,2825,383,294,3,N\A
88,2007/11/01,5130,3949,34841,819,2545,871,704,5966,2785,2430,311,1,N\A
88,2007/11/17,7474,4495,2185,425,2941,200,800,2946,3854,489,335,1,N\A
88,2007/12/03,8837,4309,34837,150,2431,13,376,173,3900,557,349,1,N\A
88,2007/12/19,7019,5724,3102,570,3255,660,626,4683,3703,2371,361,3,N\A
89,2007/01/01,4307,2577,35878,1044,2624,475,1270,5465,3489,2339,16,3,N\A
89,2007/01/17,5231,3446,2120,963,3076,470,1345,6094,4459,361,19,1,N\A
89,2007/02/02,7016,4131,2116,453,2584,321,1039,41,3382,816,45,0,N\A
89,2007/02/18,7301,6327,2116,737,4725,452,1578,2812,3179,223,63,0,N\A
89,2007/03/06,6983,5459,2116,702,3953,437,1471,1493,2873,212,70,0,N\A
89,2007/03/22,5734,4617,2116,1078,3976,634,1883,1502,2507,74,86,0,N\A
89,2007/04/07,4889,3118,2116,950,2768,519,1621,1427,1982,1777,100,0,N\A
89,2007/04/23,3846,2933,2061,1628,3663,812,2495,3959,2484,-201,120,1,N\A
89,2007/05/09,4879,2532,2116,733,2130,365,1226,148,2193,-259,141,0,N\A
89,2007/05/25,5665,2670,2116,534,1930,275,490,2689,2083,1328,155,0,N\A
89,2007/06/10,4298,1922,2116,701,1758,296,421,2858,2707,-407,175,0,N\A
89,2007/06/26,5585,2886,2116,645,2277,268,753,3940,2856,-375,184,0,N\A
89,2007/07/12,6442,3296,2116,505,2334,199,586,1436,2318,1403,196,0,N\A
89,2007/07/28,8293,6486,2185,399,4277,230,761,2793,2535,-230,223,1,N\A
89,2007/08/13,8836,5853,36074,216,3497,104,558,6056,1288,1564,231,3,N\A
89,2007/08/29,8402,5989,2116,316,3639,222,533,3899,1649,1728,242,0,N\A
89,2007/09/14,6037,3766,34962,720,2914,356,728,2809,1914,2032,267,3,N\A
89,2007/09/30,4401,2274,2116,826,2125,374,790,3892,2743,259,280,0,N\A
89,2007/10/16,5063,2450,3102,502,1532,538,409,6045,2257,2385,295,3,N\A
89,2007/11/01,8062,4943,2116,323,3012,180,550,2680,3083,2349,315,0,N\A
89,2007/11/17,3063,2576,35037,2429,4575,1110,1765,6494,3262,2460,334,1,N\A
89,2007/12/03,8779,6679,35878,268,4122,174,882,6022,3439,2433,343,3,N\A
89,2007/12/19,7636,4961,34961,419,3127,266,471,2735,3802,2333,363,1,N\A
90,2007/01/01,5783,2545,34897,459,1718,281,1114,5433,3475,2336,16,1,N\A
90,2007/01/17,5533,3617,2120,861,2994,456,1708,6123,4451,365,19,1,N\A
90,2007/02/02,4529,2505,2116,843,2239,449,1713,1566,3636,357,38,0,N\A
90,2007/02/18,4268,1679,34965,578,1439,279,1198,5444,2304,2144,64,1,N\A
90,2007/03/06,4765,2900,2185,925,2609,486,1628,102,2566,278,77,1,N\A
90,2007/03/22,4199,2777,2116,1169,2862,618,2339,1570,2510,74,86,0,N\A
90,2007/04/07,4615,2870,34837,1104,2997,418,1137,2680,1779,1691,107,1,N\A
90,2007/04/23,5210,2524,2186,619,1966,312,1084,2653,1786,1517,123,3,N\A
90,2007/05/09,6653,5710,35878,778,3872,666,1086,5595,2868,-297,138,3,N\A
90,2007/05/25,8274,4959,35878,270,2860,190,617,4668,1856,1279,153,3,N\A
90,2007/06/10,8268,6210,2116,377,3977,233,662,2914,2727,-415,175,0,N\A
90,2007/06/26,8630,7233,2185,348,4733,222,684,3987,2876,-377,184,1,N\A
90,2007/07/12,8436,6952,2185,389,4588,243,700,91,2416,-393,205,1,N\A
90,2007/07/28,8173,7107,3222,483,4806,333,852,2858,2552,-223,223,3,N\A
90,2007/08/13,8729,7307,34838,329,4850,181,789,3842,1797,1542,226,3,N\A
90,2007/08/29,9217,6883,3298,175,4300,49,492,4748,1494,1824,249,3,N\A
90,2007/09/14,7630,5250,34838,523,3892,132,759,2754,1910,2031,267,3,N\A
90,2007/09/30,7636,6083,2185,568,4238,342,846,3940,2740,249,280,1,N\A
90,2007/10/16,6656,4703,2066,533,2655,610,434,6022,2240,2383,295,3,N\A
90,2007/11/01,7229,4929,2066,456,2836,467,598,4045,3413,428,312,3,N\A
90,2007/11/17,5313,3576,34837,1149,3754,325,1007,2643,3436,2357,331,1,N\A
90,2007/12/03,4769,4006,34837,811,2290,1057,1090,3785,3500,2375,338,1,N\A
90,2007/12/19,5666,2679,34961,546,1974,257,713,2671,3788,2319,363,1,N\A
91,2007/01/01,5335,3316,2116,912,2998,366,1368,2581,3985,414,15,0,N\A
91,2007/01/17,5878,3046,2116,591,2277,265,1286,1727,3655,2260,20,0,N\A
91,2007/02/02,4971,3016,2116,931,2772,413,1760,1203,3558,346,38,0,N\A
91,2007/02/18,3899,2188,2116,1009,2299,482,1643,301,2903,2152,61,0,N\A
91,2007/03/06,3517,1971,2116,1081,2254,515,2033,288,2507,1939,77,0,N\A
91,2007/03/22,3579,1901,2116,982,2077,476,1691,3023,1932,1842,91,0,N\A
91,2007/04/07,418,370,34837,5418,5891,2196,1790,2995,1759,1651,107,1,N\A
91,2007/04/23,4107,1988,2066,827,1980,326,1515,4053,1604,1564,114,3,N\A
91,2007/05/09,3304,1493,34893,841,1671,377,1706,1654,2008,1430,132,1,N\A
91,2007/05/25,4151,2333,34894,1003,2427,425,1745,3787,2725,-385,152,3,N\A
91,2007/06/10,3671,2996,2066,1165,2517,1097,1241,6014,3202,-365,163,3,N\A
91,2007/06/26,7336,3613,36002,312,2031,268,667,6152,1854,1197,183,3,N\A
91,2007/07/12,6000,2902,2116,529,2116,216,947,3032,2189,1386,203,0,N\A
91,2007/07/28,7449,3927,2120,360,2463,165,716,5626,1543,1463,224,1,N\A
91,2007/08/13,6558,4798,35878,749,3604,430,1541,4626,2822,-218,225,3,N\A
91,2007/08/29,6603,5906,2066,651,3182,850,627,4959,1453,1797,249,3,N\A
91,2007/09/14,7754,4552,2185,368,2909,155,671,3070,1845,2017,267,1,N\A
91,2007/09/30,5739,1676,34837,249,920,321,132,335,2398,2211,285,1,N\A
91,2007/10/16,7575,5191,3222,500,3625,210,828,2611,3019,401,303,3,N\A
91,2007/11/01,6422,5074,35874,729,3347,643,804,2939,2981,2335,315,3,N\A
91,2007/11/17,7660,5061,2116,446,3366,216,674,230,3527,2444,333,0,N\A
91,2007/12/03,7718,5153,2061,443,3440,208,789,1691,3575,2349,340,1,N\A
91,2007/12/19,5678,4517,2066,776,2815,825,1168,4918,3564,2367,361,3,N\A
92,2007/01/01,6647,2848,34841,297,1475,389,599,5898,3416,2349,16,1,N\A
92,2007/01/17,5823,3608,2120,770,2917,355,946,4190,4167,402,17,0,N\A
92,2007/02/02,5350,3608,34841,1142,3770,322,1509,4180,3968,352,33,1,N\A
92,2007/02/18,6847,3876,34965,508,2715,204,1066,5910,2216,2158,64,1,N\A
92,2007/03/06,5312,3449,3102,750,2450,617,953,6407,1884,2145,71,3,N\A
92,2007/03/22,4119,2412,2116,1052,2526,475,2158,1065,2120,1852,93,0,N\A
92,2007/04/07,4335,2410,34893,931,2356,422,1832,3590,1661,1682,107,1,N\A
92,2007/04/23,4267,4314,2066,1311,3263,1309,2312,6243,2978,-215,124,3,N\A
92,2007/05/09,5977,4040,35874,807,3205,428,1872,956,2116,1413,141,3,N\A
92,2007/05/25,8340,4984,34965,275,3039,110,663,5876,1747,1205,160,1,N\A
92,2007/06/10,6783,5358,34842,618,3225,636,816,4510,1971,1267,162,3,N\A
92,2007/06/26,4847,2340,2116,725,2089,249,500,1056,2395,1353,189,0,N\A
92,2007/07/12,6572,3171,34841,460,2224,144,613,5308,1843,1323,201,1,N\A
92,2007/07/28,5822,3748,2116,808,3060,385,1361,1829,2439,-229,223,0,N\A
92,2007/08/13,6991,4737,35878,540,3050,406,1214,4569,1686,1532,226,3,N\A
92,2007/08/29,8631,6074,35037,240,3267,300,778,6420,1082,1827,247,1,N\A
92,2007/09/14,7656,4717,35998,400,3014,208,702,3646,1807,2042,267,3,N\A
92,2007/09/30,6933,4983,34837,668,3689,339,1093,3090,2636,262,280,1,N\A
92,2007/10/16,6014,3653,34893,701,2817,339,758,1903,3018,414,303,1,N\A
92,2007/11/01,5291,3589,35878,894,2903,570,879,5063,3571,413,314,3,N\A
92,2007/11/17,5031,2478,2116,673,2036,310,822,1011,3550,2357,333,0,N\A
92,2007/12/03,4718,3480,34841,946,2636,823,928,5280,3494,2406,345,1,N\A
92,2007/12/19,4283,3311,35874,1133,2831,908,771,3156,4110,461,360,3,N\A
93,2007/01/01,4427,5391,2066,1270,3288,1540,1223,5977,3505,2361,16,3,N\A
93,2007/01/17,7914,6120,2120,489,4201,263,1027,5574,4412,384,19,1,N\A
93,2007/02/02,7961,6283,34961,486,4283,279,855,2923,3773,341,40,1,N\A
93,2007/02/18,7689,6264,2189,580,4441,335,1019,4007,3691,301,49,1,N\A
93,2007/03/06,5217,2966,2116,799,2542,353,1126,1309,2471,2011,77,0,N\A
93,2007/03/22,5350,3260,2116,809,2671,433,1300,173,2391,89,86,0,N\A
93,2007/04/07,6174,3491,2116,595,2516,311,1109,2624,1845,1802,100,0,N\A
93,2007/04/23,5982,4585,34841,945,3759,545,1551,4026,2482,-134,113,1,N\A
93,2007/05/09,6932,4113,2116,498,2749,274,842,2569,1803,1471,132,0,N\A
93,2007/05/25,6340,3042,34965,498,2224,137,680,5954,1633,1221,160,1,N\A
93,2007/06/10,5688,3599,2120,811,2951,394,1214,4055,2714,-368,161,0,N\A
93,2007/06/26,6454,4437,35878,735,3411,366,1133,5585,3071,-342,179,3,N\A
93,2007/07/12,3765,1783,2116,803,1773,399,479,2923,2658,-331,200,0,N\A
93,2007/07/28,3316,2046,35874,1039,2070,761,712,1336,2095,1549,221,3,N\A
93,2007/08/13,5221,4018,2066,803,2558,861,1048,4850,2742,-122,234,3,N\A
93,2007/08/29,6587,4490,3222,672,3266,381,820,2885,2393,-7,248,3,N\A
93,2007/09/14,7201,5181,35874,505,3104,479,697,3803,1840,2078,267,3,N\A
93,2007/09/30,7795,5812,2189,502,4053,239,846,4850,2950,269,282,1,N\A
93,2007/10/16,6975,4964,34837,673,3777,291,785,3988,2962,333,289,1,N\A
93,2007/11/01,6877,3454,2189,428,2313,165,587,5350,2934,2413,313,1,N\A
93,2007/11/17,4934,2166,34893,583,1719,281,494,3718,3470,2381,331,1,N\A
93,2007/12/03,4277,1675,34965,590,1472,247,376,5381,3590,2417,345,1,N\A
93,2007/12/19,3022,1281,2116,779,1454,394,345,1263,3953,2316,365,0,N\A
94,2007/01/01,2926,3944,2066,1593,2911,1882,1024,4622,3757,2356,2,3,N\A
94,2007/01/17,7592,5375,2120,496,3625,273,858,4045,4237,413,17,0,N\A
94,2007/02/02,7843,5900,2116,491,4063,250,720,2960,3783,353,40,0,N\A
94,2007/02/18,6755,4958,2116,752,3883,348,911,2954,3411,277,56,0,N\A
94,2007/03/06,5976,4452,2120,968,3844,467,1310,4026,3313,220,65,0,N\A
94,2007/03/22,5882,3271,2116,633,2442,322,976,1255,2112,1875,93,0,N\A
94,2007/04/07,6552,3895,2116,570,2737,300,1013,2597,1849,1812,100,0,N\A
94,2007/04/23,6435,4849,2120,824,3799,454,1371,4055,2483,-123,113,0,N\A
94,2007/05/09,6993,4942,34841,698,3945,228,1243,4951,2677,-281,138,1,N\A
94,2007/05/25,7089,3532,34893,379,2225,191,467,2514,1959,1380,148,1,N\A
94,2007/06/10,4613,2403,2120,805,2184,356,802,4084,2710,-369,161,0,N\A
94,2007/06/26,2142,919,34961,972,1502,389,109,2979,2679,-382,184,1,N\A
94,2007/07/12,5186,2812,2120,718,2265,376,478,4890,2924,-296,202,1,N\A
94,2007/07/28,6827,6106,3098,830,4403,634,1231,1630,2369,-225,223,3,N\A
94,2007/08/13,8874,7738,35878,322,5399,124,974,4870,2744,-116,234,3,N\A
94,2007/08/29,5853,4690,35037,1141,4363,538,1195,5402,1374,1886,249,1,N\A
94,2007/09/14,5758,5920,3102,1421,5279,1002,1284,4865,2756,145,266,3,N\A
94,2007/09/30,5580,3644,34837,916,3229,381,1086,2923,2680,291,280,1,N\A
94,2007/10/16,5420,3145,34893,762,2566,373,676,1711,3096,438,303,1,N\A
94,2007/11/01,5777,3152,34841,684,2556,242,755,4951,3644,428,314,1,N\A
94,2007/11/17,3148,1509,34893,951,1825,408,521,3689,3482,2384,331,1,N\A
94,2007/12/03,2689,1264,2116,980,1701,444,344,1711,4050,505,351,0,N\A
94,2007/12/19,4216,2201,2061,808,1986,461,735,1228,3964,2329,365,1,N\A
95,2007/01/01,4831,2702,2116,782,2244,455,314,1303,4041,464,15,0,N\A
95,2007/01/17,5020,2912,3102,903,2724,335,676,4681,4211,378,26,3,N\A
95,2007/02/02,6233,3730,2116,625,2694,344,546,2623,3753,354,40,0,N\A
95,2007/02/18,7470,6468,34841,400,2763,804,1115,6113,2257,2194,64,1,N\A
95,2007/03/06,7506,5381,34961,421,2956,494,790,2949,2568,2089,68,1,N\A
95,2007/03/22,7060,5763,2116,744,4318,437,1071,2627,2603,82,88,0,N\A
95,2007/04/07,8035,5853,34841,317,2911,498,1090,6102,1100,1641,112,1,N\A
95,2007/04/23,6931,4291,2189,530,2925,287,854,4848,1394,1629,114,1,N\A
95,2007/05/09,6318,3439,34893,545,2416,278,790,3937,1701,1396,139,1,N\A
95,2007/05/25,5968,2988,2120,564,2234,220,641,6091,1595,1215,160,1,N\A
95,2007/06/10,5178,3207,2116,877,2761,445,931,3806,2673,-370,161,0,N\A
95,2007/06/26,4282,2372,2116,886,2213,473,352,2645,2642,-383,184,0,N\A
95,2007/07/12,6239,3928,34965,676,2919,360,1080,4670,2885,-305,202,1,N\A
95,2007/07/28,7358,4923,2116,494,3246,298,653,1239,2328,-223,223,0,N\A
95,2007/08/13,7487,4841,2116,437,3042,295,599,1690,1936,1700,237,0,N\A
95,2007/08/29,7231,5870,2185,697,4338,402,980,2581,2356,-6,248,1,N\A
95,2007/09/14,7525,4566,36002,423,2996,193,625,4043,1817,2090,267,3,N\A
95,2007/09/30,6419,3755,34837,589,2701,290,979,1690,2425,2197,285,1,N\A
95,2007/10/16,5275,4109,35874,955,3088,779,1066,1330,3072,449,303,3,N\A
95,2007/11/01,6965,3821,2189,452,2527,222,773,5508,2934,2418,313,1,N\A
95,2007/11/17,5888,3400,34893,636,2458,384,816,1590,3628,2353,333,1,N\A
95,2007/12/03,5909,2935,2261,540,2100,274,490,5533,3590,2419,345,1,N\A
95,2007/12/19,4621,2193,34837,711,1933,303,499,1618,3945,2327,365,1,N\A
96,2007/01/01,4141,1979,2116,783,1890,348,329,1266,4034,448,15,0,N\A
96,2007/01/17,3737,3056,34841,1478,3242,1024,1571,5401,4389,386,19,1,N\A
96,2007/02/02,7798,5230,2116,411,3322,250,608,2590,3747,354,40,0,N\A
96,2007/02/18,7431,5317,34961,540,3665,295,802,1239,3069,274,63,1,N\A
96,2007/03/06,7841,4843,34837,340,2810,280,758,1690,2437,1997,77,1,N\A
96,2007/03/22,5462,2492,2116,515,1755,321,874,1682,2067,1880,93,0,N\A
96,2007/04/07,6008,3372,2061,646,2591,273,992,2958,1804,1798,100,1,N\A
96,2007/04/23,6106,4383,2185,874,3615,430,1369,3758,2440,-132,113,1,N\A
96,2007/05/09,7100,4269,34837,498,2937,219,705,3966,1701,1386,139,1,N\A
96,2007/05/25,5963,3826,2116,758,2998,388,752,2673,2474,-375,152,0,N\A
96,2007/06/10,5305,3132,34837,811,2644,384,901,3787,2674,-376,161,1,N\A
96,2007/06/26,5173,2933,34837,786,2471,377,412,2617,2644,-372,184,1,N\A
96,2007/07/12,7061,3868,2120,425,2468,242,750,4043,1934,1404,203,0,N\A
96,2007/07/28,7972,5585,2185,409,3626,224,691,1212,2327,-199,223,1,N\A
96,2007/08/13,7452,5532,3222,481,3295,462,703,1727,1934,1707,237,3,N\A
96,2007/08/29,9571,6389,2261,78,3565,-1000,550,5593,1330,1885,249,1,N\A
96,2007/09/14,7355,4657,34966,474,3111,240,740,4065,1811,2086,267,3,N\A
96,2007/09/30,5645,3769,2116,908,3262,413,1300,2553,2641,294,280,0,N\A
96,2007/10/16,5861,5376,2062,1133,4342,829,1224,3711,2933,335,289,3,N\A
96,2007/11/01,7204,3670,2189,402,2474,103,672,5524,2927,2420,313,1,N\A
96,2007/11/17,4138,2596,2062,966,2330,666,788,1627,3622,2366,333,3,N\A
96,2007/12/03,4522,2040,2261,642,1702,342,404,5550,3583,2419,345,1,N\A
96,2007/12/19,4479,2140,34893,753,1975,296,428,1645,3939,2307,365,1,N\A
97,2007/01/01,4159,2249,2116,917,2223,428,385,1221,4026,439,15,0,N\A
97,2007/01/17,6297,4085,2189,716,3152,339,711,4641,4198,377,26,1,N\A
97,2007/02/02,5741,3376,2116,754,2787,301,581,2562,3741,348,40,0,N\A
97,2007/02/18,8180,5556,34841,319,3187,293,712,5593,2566,2205,57,1,N\A
97,2007/03/06,5500,3633,2185,854,2942,493,1079,1195,2650,133,79,1,N\A
97,2007/03/22,5980,3468,2120,676,2688,299,950,4053,1817,1913,91,0,N\A
97,2007/04/07,6457,3486,34841,571,2653,153,1017,4898,1538,1845,98,1,N\A
97,2007/04/23,5147,4234,35037,1021,3187,870,1441,4888,1391,1623,114,1,N\A
97,2007/05/09,6271,3498,34837,588,2566,261,1085,2930,1763,1460,132,1,N\A
97,2007/05/25,5929,3745,2116,764,2990,362,966,2645,2475,-365,152,0,N\A
97,2007/06/10,5250,3220,34837,869,2790,412,911,3759,2675,-381,161,1,N\A
97,2007/06/26,4858,2756,2062,806,2329,447,585,2581,2644,-378,184,3,N\A
97,2007/07/12,5272,2564,2120,633,2045,277,527,4072,1935,1404,203,0,N\A
97,2007/07/28,6854,5465,2066,582,3118,668,568,6148,1306,1503,224,3,N\A
97,2007/08/13,6879,4505,2116,570,3083,341,721,1764,1931,1714,237,0,N\A
97,2007/08/29,7438,4672,34837,456,3104,223,518,326,2052,1850,246,1,N\A
97,2007/09/14,7556,4723,34966,436,3132,197,570,4091,1805,2084,267,3,N\A
97,2007/09/30,6025,4138,2116,883,3560,358,979,2516,2634,289,280,0,N\A
97,2007/10/16,3862,3514,2062,1551,3503,1190,1215,278,2734,2225,294,3,N\A
97,2007/11/01,5972,3765,34841,564,2237,602,1600,4691,3603,429,314,1,N\A
97,2007/11/17,5083,3000,34841,865,2654,392,824,4671,3945,465,330,1,N\A
97,2007/12/03,2491,898,34837,565,940,520,174,1249,4015,493,351,1,N\A
97,2007/12/19,3371,1837,2116,1097,2213,482,762,1690,3930,2314,365,0,N\A
98,2007/01/01,6764,2146,34841,238,1233,143,400,6160,3454,2360,16,1,N\A
98,2007/01/17,6257,4257,34841,617,2680,569,662,4110,3487,2275,27,1,N\A
98,2007/02/02,2830,2339,34841,2055,3678,1155,722,5625,3006,2273,41,1,N\A
98,2007/02/18,6376,4571,34841,631,2852,599,610,5631,2536,2201,57,1,N\A
98,2007/03/06,7611,5772,34837,488,3599,407,625,3078,2532,2078,68,1,N\A
98,2007/03/22,5575,3130,2116,751,2644,271,967,1791,2051,1851,93,0,N\A
98,2007/04/07,6783,3965,35037,534,2786,239,670,4949,1526,1829,98,1,N\A
98,2007/04/23,6809,3264,2189,421,2218,131,500,4072,1567,1509,123,1,N\A
98,2007/05/09,5619,3542,2065,819,2920,401,807,4651,2647,-298,138,1,N\A
98,2007/05/25,5933,3846,34893,791,3099,379,912,1727,2154,1355,157,1,N\A
98,2007/06/10,6579,4214,3222,597,2894,380,542,3019,2091,1324,164,3,N\A
98,2007/06/26,6420,3472,2116,516,2367,285,517,1791,2275,1372,189,0,N\A
98,2007/07/12,7159,4226,2120,474,2863,210,751,4120,1952,1386,203,0,N\A
98,2007/07/28,7781,4479,2190,345,2765,177,646,6183,1315,1486,224,3,N\A
98,2007/08/13,6689,4715,34842,778,3922,256,1227,4562,2697,-127,234,3,N\A
98,2007/08/29,6367,3721,2116,623,2807,250,715,416,2044,1840,246,0,N\A
98,2007/09/14,7179,5693,36002,725,4416,341,1105,4562,2692,140,266,3,N\A
98,2007/09/30,6779,5082,2116,732,3814,406,1210,2443,2609,281,280,0,N\A
98,2007/10/16,6240,5757,2066,894,3862,845,898,6439,3450,295,293,3,N\A
98,2007/11/01,7419,4246,34841,419,2829,154,704,5582,2884,2419,313,1,N\A
98,2007/11/17,4036,1940,34893,800,1883,364,684,1736,3581,2345,333,1,N\A
98,2007/12/03,3660,2647,3102,1187,2558,898,640,6460,4387,427,341,3,N\A
98,2007/12/19,4309,2099,36002,766,1926,361,378,4091,3759,2357,363,3,N\A
99,2007/01/01,3461,2630,35037,1615,3325,902,1251,6114,3433,2357,16,1,N\A
99,2007/01/17,7913,6235,2120,509,4370,259,972,5426,4347,381,19,1,N\A
99,2007/02/02,6940,5438,34841,827,4579,306,1337,4680,3897,311,42,1,N\A
99,2007/02/18,5610,3924,2261,1039,3695,401,1428,6002,3763,203,60,1,N\A
99,2007/03/06,4866,3563,2116,1296,3753,572,1907,3759,3248,214,65,0,N\A
99,2007/03/22,4448,2548,2116,1011,2631,374,1514,1645,2064,1851,93,0,N\A
99,2007/04/07,6045,3308,35037,621,2520,253,1048,4868,1540,1820,98,1,N\A
99,2007/04/23,7720,4414,35037,369,2868,124,681,6091,1241,1368,128,1,N\A
99,2007/05/09,7416,5158,2189,572,3856,183,852,6521,3073,-249,133,1,N\A
99,2007/05/25,4918,3258,2116,1139,3344,435,1637,2718,2523,-384,152,0,N\A
99,2007/06/10,4113,2422,34841,782,1875,705,456,5540,1829,1235,169,1,N\A
99,2007/06/26,5966,3926,34837,885,3503,286,1525,2655,2694,-396,184,1,N\A
99,2007/07/12,5877,3206,2120,620,2388,310,1183,4024,1986,1385,203,0,N\A
99,2007/07/28,5547,3306,2116,769,2685,375,1333,1248,2359,-240,223,0,N\A
99,2007/08/13,7360,3983,36002,396,2605,149,701,5583,1384,1611,233,3,N\A
99,2007/08/29,5480,3230,2116,772,2644,372,1501,243,2062,1724,246,0,N\A
99,2007/09/14,7088,6548,34841,625,3669,773,834,5582,1507,2104,265,1,N\A
99,2007/09/30,6272,4265,34837,694,3030,467,928,2590,2609,286,280,1,N\A
99,2007/10/16,6732,4281,2061,601,3078,296,921,3749,2897,327,289,1,N\A
99,2007/11/01,6644,3768,34841,458,2272,398,686,5518,2862,2415,313,1,N\A
99,2007/11/17,6157,3320,2189,557,2342,299,675,4721,3903,458,330,1,N\A
99,2007/12/03,4621,1890,34961,579,1574,252,357,2902,3618,2365,340,1,N\A
99,2007/12/19,5940,1887,34837,299,1174,184,390,3985,3740,2344,363,1,N\A
100,2007/01/01,4279,1966,2189,711,1775,335,409,5966,3248,2336,16,1,N\A
100,2007/01/17,2584,1146,2116,941,1597,392,737,1200,3480,2216,29,0,N\A
100,2007/02/02,5639,2877,2189,595,2134,311,656,5381,2843,2226,41,1,N\A
100,2007/02/18,6948,4238,2116,516,2866,280,679,1738,2987,197,63,0,N\A
100,2007/03/06,6864,4047,2116,513,2759,262,714,282,2689,234,70,0,N\A
100,2007/03/22,8017,5189,2116,360,3272,187,611,3709,1834,1813,91,0,N\A
100,2007/04/07,6687,3981,2116,554,2791,276,687,1173,1993,1609,109,0,N\A
100,2007/04/23,6554,3807,2116,578,2777,241,613,2523,1860,1534,116,0,N\A
100,2007/05/09,5291,2976,2116,754,2449,365,1194,389,2283,-359,134,0,N\A
100,2007/05/25,6834,3944,2116,508,2702,246,892,2468,2195,1317,148,0,N\A
100,2007/06/10,6519,4012,35874,577,2739,364,728,3671,2283,1260,171,3,N\A
100,2007/06/26,3966,3128,35037,1449,3354,910,1208,5660,3273,-388,179,1,N\A
100,2007/07/12,2422,986,2116,860,1410,350,380,3719,2194,1343,203,0,N\A
100,2007/07/28,3859,1929,2185,821,1853,454,474,1237,2252,1484,221,1,N\A
100,2007/08/13,6538,3169,2189,455,2174,179,427,5403,1523,1527,233,1,N\A
100,2007/08/29,7146,3864,2116,419,2518,194,511,246,2136,-19,246,0,N\A
100,2007/09/14,8353,6568,2189,393,4381,208,737,4931,2704,79,266,1,N\A
100,2007/09/30,7846,5417,2116,419,3472,253,693,1246,2264,2129,285,0,N\A
100,2007/10/16,5464,3476,2116,887,3024,397,1024,1802,2882,401,303,0,N\A
100,2007/11/01,4821,2496,2116,733,2098,377,934,381,2956,405,310,0,N\A
100,2007/11/17,4768,3059,35878,892,2518,611,1162,4992,3764,429,330,3,N\A
100,2007/12/03,5304,3344,2120,874,2849,444,1248,4142,3794,446,337,0,N\A
100,2007/12/19,2257,968,2116,943,1493,393,318,1164,3718,2294,365,0,N\A
101,2007/01/01,4661,2180,2189,674,1851,320,585,5989,3245,2337,16,1,N\A
101,2007/01/17,5987,2769,2189,496,1976,212,456,6469,3072,2338,23,1,N\A
101,2007/02/02,7976,6593,2261,507,4503,319,1132,4931,3814,279,42,1,N\A
101,2007/02/18,8255,4733,2116,266,2784,144,469,1255,2771,2047,61,0,N\A
101,2007/03/06,7350,4723,2116,479,3137,259,661,237,2685,246,70,0,N\A
101,2007/03/22,5507,2854,2116,646,2230,298,715,3742,1828,1814,91,0,N\A
101,2007/04/07,4165,2255,2116,900,2185,446,902,1738,2285,-191,111,0,N\A
101,2007/04/23,5316,4508,2066,1020,3336,882,1286,6197,3042,-249,124,3,N\A
101,2007/05/09,5469,3006,2116,707,2414,328,1029,344,2279,-357,134,0,N\A
101,2007/05/25,6269,4113,36002,726,3166,359,1100,4981,2993,-390,154,3,N\A
101,2007/06/10,5395,2419,3222,556,1859,231,287,1756,2755,-453,175,3,N\A
101,2007/06/26,4912,2062,35037,552,1618,268,401,6470,1898,1155,183,1,N\A
101,2007/07/12,4167,1754,2116,660,1603,283,484,3757,2189,1344,203,0,N\A
101,2007/07/28,7965,4229,3298,295,2605,96,588,6000,1524,1413,224,3,N\A
101,2007/08/13,8219,5076,2120,294,3009,187,571,4688,1763,1480,226,1,N\A
101,2007/08/29,7578,4537,2185,405,2940,187,660,193,2131,0,246,1,N\A
101,2007/09/14,7988,5380,34893,389,3479,194,582,3785,1717,1990,267,1,N\A
101,2007/09/30,7188,4381,34965,478,2922,246,733,5423,1749,2218,281,1,N\A
101,2007/10/16,4897,2621,2116,786,2295,349,869,1756,2878,401,303,0,N\A
101,2007/11/01,5577,2547,34837,549,1934,218,679,3675,2839,2340,315,1,N\A
101,2007/11/17,3572,2461,34837,994,2099,912,595,3699,3207,2356,331,1,N\A
101,2007/12/03,3697,1584,2189,709,1541,356,964,4113,3791,447,337,1,N\A
101,2007/12/19,2659,1194,2116,915,1578,426,435,1210,3715,2294,365,0,N\A
102,2007/01/01,5004,3501,3102,791,2376,774,870,6125,3239,2343,16,3,N\A
102,2007/01/17,5455,5006,3098,815,2772,1052,1014,1627,3459,2199,29,3,N\A
102,2007/02/02,5452,2727,34837,610,2073,310,563,170,3397,2141,38,1,N\A
102,2007/02/18,7056,4745,2120,575,3332,301,800,5445,3741,233,51,1,N\A
102,2007/03/06,5882,2878,2116,533,2056,270,650,2939,2436,2017,68,0,N\A
102,2007/03/22,6891,4706,34965,651,3538,281,986,6520,3378,17,85,1,N\A
102,2007/04/07,4449,2528,34961,840,2187,521,918,149,2121,1850,102,1,N\A
102,2007/04/23,6962,3922,2116,457,2552,259,707,1393,2304,-311,127,0,N\A
102,2007/05/09,7022,3333,34961,346,1978,242,658,73,2234,1529,134,1,N\A
102,2007/05/25,7706,5213,2116,433,3343,265,697,2756,2676,-424,152,0,N\A
102,2007/06/10,7058,4424,2116,521,3022,269,691,1366,2711,-469,175,0,N\A
102,2007/06/26,7008,4103,34961,486,2763,241,666,1618,2475,1349,189,1,N\A
102,2007/07/12,7208,4873,2120,554,3415,275,771,6036,3321,-317,204,1,N\A
102,2007/07/28,7463,3829,36074,343,2361,166,638,6143,1479,1407,224,3,N\A
102,2007/08/13,7892,3373,35878,222,1885,119,525,5593,1473,1530,233,3,N\A
102,2007/08/29,6309,3381,34961,524,2316,295,551,2977,1799,1697,244,1,N\A
102,2007/09/14,6541,4280,35934,661,3162,336,958,4694,2662,85,266,3,N\A
102,2007/09/30,6035,3640,2185,692,2799,331,885,2636,2512,237,280,1,N\A
102,2007/10/16,6569,4173,2185,627,3028,321,849,2682,2805,343,296,1,N\A
102,2007/11/01,5837,5363,2062,620,2359,1063,1465,78,2939,2025,310,3,N\A
102,2007/11/17,6806,4358,3102,550,2894,1454,1116,4760,3745,432,330,3,N\A
102,2007/12/03,7329,4313,34893,429,2784,228,566,2893,3426,2349,340,1,N\A
102,2007/12/19,7801,4377,34837,300,2429,276,1013,1600,3704,2308,365,1,N\A
103,2007/01/01,4547,4570,35033,1569,4186,1238,2260,931,3812,447,15,1,N\A
103,2007/01/17,5961,3645,2116,729,2881,333,1157,2323,3820,386,24,0,N\A
103,2007/02/02,5973,3032,2116,545,2162,280,871,595,3377,2132,38,0,N\A
103,2007/02/18,5410,3461,2120,915,3072,398,1350,5258,3712,233,51,1,N\A
103,2007/03/06,3386,1701,2116,995,2014,401,1368,595,2620,1954,70,0,N\A
103,2007/03/22,4299,1636,2120,574,1440,221,882,5091,1786,1946,82,1,N\A
103,2007/04/07,2865,1502,2120,1189,2144,451,1362,4502,2656,-136,106,1,N\A
103,2007/04/23,2871,2128,2062,1477,2667,1007,1574,977,2255,-345,127,3,N\A
103,2007/05/09,3187,1386,34897,779,1508,405,1006,4541,2758,-344,138,1,N\A
103,2007/05/25,4857,2191,2116,604,1745,314,825,2396,2628,-421,152,0,N\A
103,2007/06/10,8497,5878,2116,288,3546,189,505,958,2664,-463,175,0,N\A
103,2007/06/26,8868,6363,2116,233,3887,124,445,2010,2428,1337,189,0,N\A
103,2007/07/12,8930,6651,2116,229,4052,141,443,3266,2276,1337,196,0,N\A
103,2007/07/28,8146,5426,34961,352,3446,174,609,2055,2153,1485,221,1,N\A
103,2007/08/13,8075,6126,2116,445,4179,215,771,3483,2680,-240,225,0,N\A
103,2007/08/29,6632,4736,2116,765,3779,328,1074,3473,2532,-126,241,0,N\A
103,2007/09/14,4685,2288,3158,740,2045,297,1043,4314,1656,2014,267,3,N\A
103,2007/09/30,4096,1924,2116,776,1853,336,1017,2064,2217,2153,285,0,N\A
103,2007/10/16,4853,2590,3226,832,2401,300,916,5257,3039,277,291,3,N\A
103,2007/11/01,5520,2907,34893,648,2245,320,872,2406,3157,425,312,1,N\A
103,2007/11/17,6563,4666,3102,595,2868,568,520,4236,3200,2373,331,3,N\A
103,2007/12/03,8601,5648,34893,249,3313,166,526,3219,3423,2354,340,1,N\A
103,2007/12/19,8086,6037,2116,427,4037,220,632,2350,3935,464,360,0,N\A
104,2007/01/01,3039,3297,35878,1700,3185,1617,1470,6420,3191,2359,16,3,N\A
104,2007/01/17,5703,2719,2116,556,2032,240,722,2459,3391,2217,29,0,N\A
104,2007/02/02,7596,6294,34841,564,4129,447,1209,4180,3707,286,42,1,N\A
104,2007/02/18,7627,4614,34965,397,2950,200,852,6432,1991,2155,64,1,N\A
104,2007/03/06,5401,3914,2116,1086,3637,515,1500,3137,3090,177,65,0,N\A
104,2007/03/22,7165,6015,2120,758,4591,428,1298,4190,2761,-13,90,0,N\A
104,2007/04/07,6054,3643,2116,624,2539,419,1346,1056,2030,1674,102,0,N\A
104,2007/04/23,5613,3590,2120,847,3015,400,1208,5719,2912,-254,124,1,N\A
104,2007/05/09,5104,2296,2116,585,1805,271,549,3567,1881,1376,132,0,N\A
104,2007/05/25,4488,1963,2116,644,1693,293,481,1959,2607,-439,152,0,N\A
104,2007/06/10,5626,2873,2116,599,2140,310,757,1929,2734,-448,168,0,N\A
104,2007/06/26,7114,4161,34965,463,2746,241,619,5042,3152,-400,179,1,N\A
104,2007/07/12,8300,6557,2189,398,4285,247,820,5692,3243,-330,204,1,N\A
104,2007/07/28,8638,5141,36074,218,2985,112,557,6432,1406,1389,224,3,N\A
104,2007/08/13,4897,2239,34837,612,1787,312,436,371,2205,-152,239,1,N\A
104,2007/08/29,6359,3685,2116,581,2611,310,623,1137,1996,1724,246,0,N\A
104,2007/09/14,6509,3613,2262,543,2568,242,854,4598,1602,2010,267,3,N\A
104,2007/09/30,5436,2638,2116,590,1996,295,693,2500,2163,2157,285,0,N\A
104,2007/10/16,5444,2671,2116,600,2034,295,512,465,2793,381,303,0,N\A
104,2007/11/01,5969,3150,2120,578,2290,290,601,4248,3346,404,314,0,N\A
104,2007/11/17,5068,2359,2116,614,1876,292,588,479,3511,482,335,0,N\A
104,2007/12/03,6745,3687,34893,479,2465,250,536,1911,3734,488,344,1,N\A
104,2007/12/19,7200,4105,2185,429,2636,236,606,2431,3646,2300,365,1,N\A
105,2007/01/01,5571,5368,2066,1022,3594,1033,1030,6420,3179,2354,16,3,N\A
105,2007/01/17,7042,3575,2116,395,2276,199,606,2468,3381,2224,29,0,N\A
105,2007/02/02,6943,5565,2120,777,4307,415,1218,4181,3700,280,42,0,N\A
105,2007/02/18,5973,4857,2189,1110,4404,548,1607,5692,3604,175,60,1,N\A
105,2007/03/06,6300,5364,2116,974,4292,623,1830,3127,3084,176,65,0,N\A
105,2007/03/22,6221,5061,2116,857,3679,651,2098,1865,2489,18,88,0,N\A
105,2007/04/07,4413,2716,2116,1009,2603,532,1795,1074,2031,1689,102,0,N\A
105,2007/04/23,5234,2705,34842,604,1931,439,866,6408,1357,1271,128,3,N\A
105,2007/05/09,2617,1127,2116,883,1509,390,381,534,2399,-456,143,0,N\A
105,2007/05/25,2595,1112,2116,853,1451,418,520,1948,2616,-431,152,0,N\A
105,2007/06/10,7686,4423,2116,348,2660,224,627,451,2655,-484,175,0,N\A
105,2007/06/26,8444,6309,2189,329,3902,229,791,5042,3161,-400,179,1,N\A
105,2007/07/12,9121,6516,34841,176,3832,115,720,4589,2090,1322,203,1,N\A
105,2007/07/28,8571,5875,34961,280,3641,136,516,2496,2130,1470,221,1,N\A
105,2007/08/13,8269,6797,2116,448,4729,223,845,3103,2650,-258,225,0,N\A
105,2007/08/29,6019,3708,2116,742,2986,308,741,1137,1998,1693,246,0,N\A
105,2007/09/14,4738,3854,2066,1237,3465,858,1078,6220,3006,23,261,3,N\A
105,2007/09/30,3062,1460,2116,915,1723,451,716,371,2421,285,287,0,N\A
105,2007/10/16,5316,2407,2116,526,1720,330,467,452,2782,426,303,0,N\A
105,2007/11/01,7428,3772,2116,324,2196,231,385,1002,2866,2290,310,0,N\A
105,2007/11/17,7629,4760,2116,399,2967,250,652,473,3499,437,335,0,N\A
105,2007/12/03,8978,6687,34837,219,4069,132,676,3595,3364,2356,340,1,N\A
105,2007/12/19,7706,5109,2116,453,3497,176,617,2440,3635,2307,365,0,N\A
106,2007/01/01,7518,7164,35874,631,4455,653,884,3579,4001,401,10,3,N\A
106,2007/01/17,7421,7521,3102,879,5939,1272,1443,5300,4073,324,28,3,N\A
106,2007/02/02,8836,8113,34961,346,5604,197,942,3559,3616,292,42,1,N\A
106,2007/02/18,7619,6952,2120,777,5751,337,1043,6410,3750,151,62,1,N\A
106,2007/03/06,6667,5360,2185,966,4831,347,1293,2369,2995,180,65,1,N\A
106,2007/03/22,4515,3046,2185,1157,3062,583,1412,977,2395,-5,88,1,N\A
106,2007/04/07,5430,3458,34961,874,2951,424,1116,3578,2527,-144,106,1,N\A
106,2007/04/23,4745,2881,34837,964,2705,451,1113,1030,2245,-283,120,1,N\A
106,2007/05/09,3285,1358,2116,742,1468,341,390,397,2335,1343,143,0,N\A
106,2007/05/25,1504,605,2061,954,1292,407,327,443,2499,1373,159,1,N\A
106,2007/06/10,3671,2320,2066,842,1819,846,661,5321,3197,-403,172,3,N\A
106,2007/06/26,7062,3426,2116,371,2155,182,557,3201,2363,1298,189,0,N\A
106,2007/07/12,9104,6046,2185,160,3413,123,623,1965,2433,1345,198,1,N\A
106,2007/07/28,4359,3435,2257,1899,4834,649,1246,3238,2056,1449,221,1,N\A
106,2007/08/13,9311,6260,2189,130,3647,51,567,6265,1318,1487,233,1,N\A
106,2007/08/29,7295,5208,2116,599,3831,255,623,931,2198,-70,248,0,N\A
106,2007/09/14,6510,3609,2190,548,2593,229,729,6268,1226,2055,265,3,N\A
106,2007/09/30,4450,2948,2116,1143,2976,572,1730,922,2335,247,280,0,N\A
106,2007/10/16,5033,2968,34842,733,2219,547,962,4250,2153,2249,292,3,N\A
106,2007/11/01,4207,2597,2116,1109,2720,516,1658,3635,3263,412,314,0,N\A
106,2007/11/17,2600,1168,2116,939,1599,415,670,459,3437,2313,335,0,N\A
106,2007/12/03,3520,2193,34841,914,1907,810,818,6427,4296,394,350,1,N\A
106,2007/12/19,5105,4050,2066,948,2926,854,888,5310,4199,403,364,3,N\A
107,2007/01/01,1285,4071,2066,3624,4693,3983,1829,5604,3355,2361,2,3,N\A
107,2007/01/17,5480,2691,34965,614,2103,261,576,4929,3163,2259,27,1,N\A
107,2007/02/02,4508,2285,34837,617,1630,567,365,1229,3425,330,40,1,N\A
107,2007/02/18,5871,3625,2185,745,2864,363,663,2589,3362,266,49,1,N\A
107,2007/03/06,6082,3273,2116,598,2455,248,690,1736,2486,1980,70,0,N\A
107,2007/03/22,7062,5963,2065,738,4286,512,1300,6497,3255,-55,94,1,N\A
107,2007/04/07,7481,6633,35037,614,4261,560,1301,6508,3151,-164,110,1,N\A
107,2007/04/23,3678,1211,2116,506,1095,263,270,190,2196,1380,127,0,N\A
107,2007/05/09,4659,1906,2116,537,1474,321,368,138,2373,1230,143,0,N\A
107,2007/05/25,4302,2073,34897,739,1855,378,261,4888,2059,1232,155,1,N\A
107,2007/06/10,-229,-61,2185,692,661,305,292,1293,2721,-451,168,1,N\A
107,2007/06/26,-1106,-341,2185,888,711,410,312,3008,2401,1301,189,1,N\A
107,2007/07/12,4458,2127,2185,775,2022,269,718,3738,2957,-370,202,1,N\A
107,2007/07/28,4942,3702,2066,851,2514,852,567,4948,1856,1398,219,3,N\A
107,2007/08/13,6379,3905,2116,659,2981,276,637,3710,2653,-200,234,0,N\A
107,2007/08/29,7146,5160,2116,606,3641,343,768,3706,2518,-67,250,0,N\A
107,2007/09/14,7773,4463,2190,346,2762,174,562,6187,1236,2037,265,3,N\A
107,2007/09/30,7128,4275,2116,474,2827,255,590,3060,2080,2161,285,0,N\A
107,2007/10/16,6041,3672,2116,673,2727,371,753,2571,2621,293,289,0,N\A
107,2007/11/01,3379,656,2116,286,578,157,121,1329,3024,449,312,0,N\A
107,2007/11/17,4055,1926,2185,788,1863,352,552,3796,3597,445,330,1,N\A
107,2007/12/03,3341,1423,2185,776,1555,337,299,2645,3633,457,337,1,N\A
107,2007/12/19,3752,1818,34837,895,1970,341,656,2995,3566,2316,365,1,N\A
108,2007/01/01,4753,1501,3222,394,1108,211,373,3512,3948,399,10,3,N\A
108,2007/01/17,7324,3195,2185,292,1891,151,605,3294,3254,2219,29,1,N\A
108,2007/02/02,8081,3761,2185,227,2140,105,540,2065,3187,2171,38,1,N\A
108,2007/02/18,8522,5591,2185,270,3386,143,660,2277,3310,257,49,1,N\A
108,2007/03/06,8168,4804,2116,290,2877,154,506,2065,2439,1981,70,0,N\A
108,2007/03/22,6041,3447,2116,611,2476,349,870,878,2385,-29,88,0,N\A
108,2007/04/07,5735,2956,2116,581,2144,322,1205,2038,1948,1651,102,0,N\A
108,2007/04/23,6403,3300,2116,488,2226,265,634,550,2192,1439,127,0,N\A
108,2007/05/09,6924,4006,2116,482,2652,267,786,505,2377,1343,143,0,N\A
108,2007/05/25,7334,4300,34965,436,2836,200,721,5071,2076,1212,155,1,N\A
108,2007/06/10,5649,2854,2116,606,2180,271,586,940,2727,-473,168,0,N\A
108,2007/06/26,4237,1150,34961,361,892,203,266,903,2770,-452,184,1,N\A
108,2007/07/12,4332,1748,3298,516,1305,416,422,4472,3121,-391,195,3,N\A
108,2007/07/28,8554,4682,2116,206,2644,115,572,658,2335,1472,223,0,N\A
108,2007/08/13,8337,5393,34837,297,3275,167,836,2250,2592,-283,225,1,N\A
108,2007/08/29,8569,6795,2189,339,4400,199,818,4443,2695,-138,243,1,N\A
108,2007/09/14,7988,5251,2189,375,3353,190,709,6313,1184,2030,265,1,N\A
108,2007/09/30,5640,2905,2116,616,2210,292,821,3331,2027,2149,285,0,N\A
108,2007/10/16,6110,3144,2116,530,2195,285,977,577,2656,2191,303,0,N\A
108,2007/11/01,5680,4173,34841,876,3180,618,1147,5300,3459,377,316,1,N\A
108,2007/11/17,5121,2325,34961,583,1807,286,761,559,3375,2315,335,1,N\A
108,2007/12/03,4465,1843,34961,580,1516,307,693,2341,3577,472,337,1,N\A
108,2007/12/19,4598,1728,34842,464,1254,348,444,6277,3247,2398,361,3,N\A
109,2007/01/01,6220,3127,34961,493,2116,280,664,56,3647,-181,15,1,N\A
109,2007/01/17,8112,4486,34837,276,2648,145,462,2801,3279,2213,29,1,N\A
109,2007/02/02,8213,4784,2185,276,2814,161,525,1474,3218,2144,38,1,N\A
109,2007/02/18,6267,3440,2116,578,2519,251,687,13,2786,2937,63,0,N\A
109,2007/03/06,7374,4605,2116,431,2852,306,958,2810,2196,1924,77,0,N\A
109,2007/03/22,5173,3426,2116,932,2930,526,1499,1501,2449,-4,88,0,N\A
109,2007/04/07,4898,2712,2116,816,2383,378,1130,48,2160,-64,111,0,N\A
109,2007/04/23,6545,4583,2185,730,3496,372,1249,1547,2343,-311,120,1,N\A
109,2007/05/09,6735,3754,34893,488,2502,269,819,1382,2211,1369,134,1,N\A
109,2007/05/25,8845,5066,2062,180,2939,54,998,3833,2160,1267,148,3,N\A
109,2007/06/10,6479,2985,34961,442,2069,146,336,1410,2552,1305,166,1,N\A
109,2007/06/26,1951,731,34893,761,1130,412,126,1519,2838,-461,184,1,N\A
109,2007/07/12,3130,1100,34837,620,1185,276,195,1473,2544,1349,198,1,N\A
109,2007/07/28,5689,4897,2066,865,3148,891,878,6099,3352,-305,213,3,N\A
109,2007/08/13,8332,5848,34893,331,3639,198,666,2838,1931,1572,237,1,N\A
109,2007/08/29,8091,4607,2116,290,2749,153,535,1519,1980,1660,246,0,N\A
109,2007/09/14,8598,5537,3226,247,3277,144,476,6103,1231,2005,265,3,N\A
109,2007/09/30,6414,3596,2116,556,2545,274,810,2837,2061,2136,285,0,N\A
109,2007/10/16,4254,2408,2116,950,2357,460,1450,64,2681,454,303,0,N\A
109,2007/11/01,5218,2683,3222,688,2190,310,824,114,3062,632,319,3,N\A
109,2007/11/17,3793,1645,2185,702,1560,365,615,1565,3342,468,328,1,N\A
109,2007/12/03,3750,1241,2185,520,1144,226,269,3871,3252,2352,340,1,N\A
109,2007/12/19,4287,1781,3222,575,1438,370,406,3959,3964,424,362,3,N\A
110,2007/01/01,6231,5637,34838,811,3493,862,1428,947,3660,2269,6,3,N\A
110,2007/01/17,3830,2386,2116,1233,2764,550,1619,1966,3716,377,24,0,N\A
110,2007/02/02,3764,2091,2116,1046,2309,465,1456,983,3277,2137,38,0,N\A
110,2007/02/18,3804,1998,2116,912,2032,466,915,507,2843,174,63,0,N\A
110,2007/03/06,3262,1662,2116,982,1933,470,882,3570,2324,2009,68,0,N\A
110,2007/03/22,1614,829,2116,1257,1741,625,493,524,2263,-50,95,0,N\A
110,2007/04/07,1699,1603,34961,2181,3074,1632,1694,965,2060,1675,102,1,N\A
110,2007/04/23,6045,3403,2185,588,2386,361,678,2012,2373,-285,120,1,N\A
110,2007/05/09,8300,5074,2116,281,3025,159,520,3501,1953,1358,132,0,N\A
110,2007/05/25,8271,5723,2116,349,3689,159,567,2057,2680,-444,152,0,N\A
110,2007/06/10,7105,4057,2116,458,2707,213,560,561,2721,-499,175,0,N\A
110,2007/06/26,8185,6734,35878,524,5251,113,903,5093,3221,-409,179,3,N\A
110,2007/07/12,6374,4246,2120,743,3356,324,766,5083,3213,-381,195,1,N\A
110,2007/07/28,3264,2706,2066,1467,2889,1141,828,4231,2913,-300,218,3,N\A
110,2007/08/13,3031,2852,2066,1526,2854,1383,803,5057,2963,-239,227,3,N\A
110,2007/08/29,1939,1024,2185,1226,1816,637,590,1038,2023,1676,246,1,N\A
110,2007/09/14,5504,2804,2190,611,2107,325,456,5922,1288,2008,265,3,N\A
110,2007/09/30,6460,3631,2185,557,2590,258,567,1920,2400,234,280,1,N\A
110,2007/10/16,7304,4043,2116,399,2562,211,541,569,2738,403,303,0,N\A
110,2007/11/01,8371,5616,34965,308,3474,164,650,4461,2711,2349,315,1,N\A
110,2007/11/17,5042,2858,2116,812,2464,385,791,580,3445,480,335,0,N\A
110,2007/12/03,5472,2826,2116,670,2290,264,624,3520,3304,2349,340,0,N\A
110,2007/12/19,4785,2944,35034,844,2393,574,1003,3529,3476,2330,356,3,N\A
111,2007/01/01,7238,6657,2066,624,3895,714,1175,5704,4203,358,12,3,N\A
111,2007/01/17,8762,6024,2189,242,3669,120,811,4599,3137,2252,27,1,N\A
111,2007/02/02,8396,5116,2185,262,3006,156,513,389,3171,267,47,1,N\A
111,2007/02/18,8635,6346,2185,289,3946,170,652,3662,2697,2106,52,1,N\A
111,2007/03/06,6850,4259,2116,559,2991,276,669,1119,2521,1966,70,0,N\A
111,2007/03/22,3611,2311,2116,1356,2889,593,1760,399,2256,-122,95,0,N\A
111,2007/04/07,3978,2426,34961,1148,2665,523,1679,1083,2060,1636,102,1,N\A
111,2007/04/23,4594,3077,34961,1274,3440,465,1517,3165,2502,-227,113,1,N\A
111,2007/05/09,3197,1156,2120,633,1228,288,366,4244,2815,-375,138,0,N\A
111,2007/05/25,3824,1601,2185,683,1529,323,651,3577,2199,1279,148,1,N\A
111,2007/06/10,8268,5523,2116,315,3323,213,646,443,2750,-454,175,0,N\A
111,2007/06/26,8815,7140,2189,286,4542,181,712,5042,3246,-421,179,1,N\A
111,2007/07/12,8769,7563,2120,329,5018,199,847,5022,3234,-388,195,1,N\A
111,2007/07/28,7918,6508,34837,469,4038,419,634,2515,2202,1435,221,1,N\A
111,2007/08/13,6247,4203,2185,793,3433,332,817,2533,1974,1581,237,1,N\A
111,2007/08/29,5203,2960,34893,836,2650,313,770,3690,1739,1637,244,1,N\A
111,2007/09/14,5925,3125,2190,602,2353,261,690,5966,1260,1987,265,3,N\A
111,2007/09/30,3894,1414,2116,569,1295,250,458,2524,2080,2125,285,0,N\A
111,2007/10/16,3679,1423,2116,621,1344,316,529,445,2696,338,303,0,N\A
111,2007/11/01,7699,4117,35038,335,2578,129,690,5911,2488,2400,313,3,N\A
111,2007/11/17,8059,4876,2185,322,2997,162,570,452,3399,480,335,1,N\A
111,2007/12/03,9083,6755,2116,198,4125,104,634,2450,3444,2330,349,0,N\A
111,2007/12/19,8664,7787,2189,386,5393,218,876,4200,3978,422,362,1,N\A
112,2007/01/01,6936,4693,34841,597,3300,331,766,6372,3078,2341,16,1,N\A
112,2007/01/17,4193,2945,3098,954,2332,848,1350,2307,3307,2199,29,3,N\A
112,2007/02/02,4302,2826,2116,1219,3060,545,1747,588,3186,307,47,0,N\A
112,2007/02/18,4951,3049,2116,938,2778,443,1514,920,2908,2074,54,0,N\A
112,2007/03/06,6850,4608,2116,640,3424,288,1133,3520,2312,2006,68,0,N\A
112,2007/03/22,5927,4410,2116,944,3692,504,1700,605,2278,-65,95,0,N\A
112,2007/04/07,6407,4284,34961,752,3434,306,926,2285,1925,1570,109,1,N\A
112,2007/04/23,6224,5075,34837,978,4203,558,2114,3315,2521,-234,113,1,N\A
112,2007/05/09,4181,1909,2116,732,1784,320,982,3342,2614,-342,129,0,N\A
112,2007/05/25,5786,2669,34966,509,1907,249,704,6360,1965,1130,160,3,N\A
112,2007/06/10,7232,3565,2116,347,2161,203,541,642,2767,-502,175,0,N\A
112,2007/06/26,8868,5700,2116,196,3267,130,606,2303,2533,1309,189,0,N\A
112,2007/07/12,8707,5750,2120,237,3431,129,721,5124,3253,-380,195,1,N\A
112,2007/07/28,8698,6246,2185,271,3894,136,496,2340,2221,1448,221,1,N\A
112,2007/08/13,7045,4987,2116,646,3727,288,641,552,2267,-233,239,0,N\A
112,2007/08/29,6993,5181,34837,731,4132,281,798,3548,1760,1643,244,1,N\A
112,2007/09/14,4833,3269,34842,867,2489,705,1353,4510,1569,1965,267,3,N\A
112,2007/09/30,2413,999,2185,855,1399,390,617,2349,2095,2124,285,1,N\A
112,2007/10/16,4288,1662,2116,568,1421,267,559,651,2710,387,303,0,N\A
112,2007/11/01,8127,5601,34842,325,3146,334,734,5833,2495,2394,313,3,N\A
112,2007/11/17,7951,4779,2185,339,2971,165,611,660,3410,510,335,1,N\A
112,2007/12/03,8848,6147,2116,222,3635,145,604,2275,3453,2316,349,0,N\A
112,2007/12/19,8293,5953,34842,355,3805,193,784,5866,3256,2376,361,3,N\A
113,2007/01/01,8803,6586,34965,272,4275,95,638,6184,3113,2331,16,1,N\A
113,2007/01/17,7346,5457,2116,614,4014,283,856,2562,3740,360,24,0,N\A
113,2007/02/02,5093,2391,2116,526,1618,448,1172,315,3304,2146,38,0,N\A
113,2007/02/18,4590,2907,2116,1048,2827,509,1673,1170,2889,180,63,0,N\A
113,2007/03/06,4930,2949,2116,870,2562,459,1643,324,2598,1957,70,0,N\A
113,2007/03/22,4618,2950,2116,1100,2988,479,1817,1193,2336,-82,95,0,N\A
113,2007/04/07,6243,3624,2120,615,2659,300,1138,4101,1682,1572,107,0,N\A
113,2007/04/23,6487,5295,34841,733,3441,674,917,5616,1517,1363,121,1,N\A
113,2007/05/09,5543,3471,2116,829,2891,402,1340,226,2314,1446,134,0,N\A
113,2007/05/25,6892,4239,34893,538,2925,277,943,1691,2460,1282,157,1,N\A
113,2007/06/10,2972,1072,2116,649,1198,306,219,1230,2805,-496,175,0,N\A
113,2007/06/26,4180,1715,2189,630,1535,284,465,5415,3307,-408,179,1,N\A
113,2007/07/12,5933,2755,2189,502,1967,225,516,5393,3297,-383,195,1,N\A
113,2007/07/28,7619,4099,2116,330,2443,205,629,1810,2268,1463,221,0,N\A
113,2007/08/13,7754,4595,2116,360,2847,197,557,1139,2322,-174,239,0,N\A
113,2007/08/29,8106,4489,2116,274,2620,160,482,369,2100,1680,246,0,N\A
113,2007/09/14,7904,4895,2189,363,3101,173,506,4159,1626,1962,267,1,N\A
113,2007/09/30,5360,3421,2116,942,3119,382,1076,2516,2444,209,280,0,N\A
113,2007/10/16,4546,2229,2116,727,1939,361,542,1230,2756,377,303,0,N\A
113,2007/11/01,3229,1233,2189,672,1313,314,360,4710,3316,379,314,1,N\A
113,2007/11/17,3721,1490,2116,663,1449,299,565,1247,3453,478,335,0,N\A
113,2007/12/03,6976,3095,2116,332,1864,198,474,1736,3492,2316,349,0,N\A
113,2007/12/19,7968,5575,34837,371,3281,328,642,1746,3586,2272,365,1,N\A
114,2007/01/01,7915,4391,34961,310,2665,149,522,72,3822,2149,15,1,N\A
114,2007/01/17,8182,5904,34837,386,3861,195,995,2738,3994,406,17,1,N\A
114,2007/02/02,9405,7271,35037,133,4344,673,1093,4838,2956,2216,43,1,N\A
114,2007/02/18,8705,5835,2189,247,3569,109,587,5540,2670,2211,50,1,N\A
114,2007/03/06,6148,2978,2185,514,2155,195,889,3966,2366,2061,68,1,N\A
114,2007/03/22,5430,2658,2185,581,1962,328,707,3957,1951,1932,84,1,N\A
114,2007/04/07,4923,2551,34893,727,2137,358,1093,1545,1957,1734,102,1,N\A
114,2007/04/23,5604,4385,2066,942,3344,707,1109,5500,2807,-234,124,3,N\A
114,2007/05/09,5756,2488,2116,456,1693,267,718,50,2260,-964,143,0,N\A
114,2007/05/25,2947,1148,2116,713,1309,349,481,1483,2475,-420,152,0,N\A
114,2007/06/10,3729,1440,2189,643,1408,265,616,4808,2038,1251,171,1,N\A
114,2007/06/26,7620,4978,35037,450,3332,208,817,6533,3432,-331,190,1,N\A
114,2007/07/12,7261,4398,2116,418,2635,339,664,1375,2602,-388,200,0,N\A
114,2007/07/28,7789,4302,2116,323,2599,175,540,138,2270,1675,223,0,N\A
114,2007/08/13,8176,5877,2116,379,3777,213,794,2691,2540,-226,225,0,N\A
114,2007/08/29,7676,6257,2116,576,4382,351,1016,3806,2518,-30,250,0,N\A
114,2007/09/14,6190,4305,34841,624,2652,616,964,4868,1614,2068,267,1,N\A
114,2007/09/30,4655,2674,2116,893,2449,435,1397,1339,2444,287,280,0,N\A
114,2007/10/16,5125,3397,34966,998,3097,485,1449,4740,3005,304,291,3,N\A
114,2007/11/01,6539,3447,2189,490,2342,247,940,4778,2877,2382,315,1,N\A
114,2007/11/17,5207,1155,34841,243,771,108,194,4798,3251,2398,331,1,N\A
114,2007/12/03,3056,1088,34961,627,1179,302,372,2837,3645,2351,349,1,N\A
114,2007/12/19,4098,1442,2185,486,1161,317,357,3938,3633,2358,356,1,N\A
115,2007/01/01,4222,1495,2116,520,1280,226,427,247,3825,514,15,0,N\A
115,2007/01/17,5439,2523,2189,547,1852,294,668,4921,4189,375,19,1,N\A
115,2007/02/02,8376,5962,2261,332,3757,185,794,6162,4195,292,37,1,N\A
115,2007/02/18,7776,5201,2189,429,3429,211,773,4046,3401,227,58,1,N\A
115,2007/03/06,8159,4660,2116,284,2802,133,543,3756,2382,2050,68,0,N\A
115,2007/03/22,6153,2793,2116,447,1877,235,695,2616,1948,1819,93,0,N\A
115,2007/04/07,4717,2366,2116,715,1992,372,841,1246,1992,1721,102,0,N\A
115,2007/04/23,6747,3352,34965,431,2219,196,699,6445,1249,1294,128,1,N\A
115,2007/05/09,6613,3207,2116,427,2095,221,754,2523,2027,1360,141,0,N\A
115,2007/05/25,7054,3757,34893,415,2403,222,639,2551,2199,1320,157,1,N\A
115,2007/06/10,5552,1606,34965,278,972,245,323,6457,1802,1159,176,1,N\A
115,2007/06/26,4414,1692,2186,534,1378,282,424,2606,2315,1338,189,3,N\A
115,2007/07/12,4443,2046,34841,651,1692,384,803,4678,1986,1343,203,1,N\A
115,2007/07/28,5046,2607,2062,581,1765,520,472,2643,2049,1495,221,3,N\A
115,2007/08/13,7571,3576,2116,295,2134,140,409,2652,1875,1640,237,0,N\A
115,2007/08/29,7222,3331,2116,328,2034,160,482,1319,1962,1729,246,0,N\A
115,2007/09/14,7335,4503,2185,456,2967,235,571,1629,2273,113,264,1,N\A
115,2007/09/30,6502,3890,2116,586,2765,304,772,1634,2458,266,280,0,N\A
115,2007/10/16,7152,3818,36002,405,2440,206,666,5412,2080,2307,290,3,N\A
115,2007/11/01,3541,3325,34841,516,1082,1323,761,4609,2868,2373,315,1,N\A
115,2007/11/17,5961,3133,3222,531,2099,370,1000,2560,3404,2351,333,3,N\A
115,2007/12/03,5202,3020,2065,665,2107,555,958,6186,4219,417,341,1,N\A
115,2007/12/19,5236,1029,34837,206,659,119,210,3728,3627,2351,356,1,N\A
116,2007/01/01,1137,2870,2062,3538,4446,3702,1702,1312,3924,427,8,3,N\A
116,2007/01/17,6567,3263,2185,444,2143,239,524,2954,3417,2236,29,1,N\A
116,2007/02/02,7149,4706,35037,558,3357,245,770,6025,4156,292,37,1,N\A
116,2007/02/18,5553,2787,2185,607,2123,289,781,3768,3359,220,58,1,N\A
116,2007/03/06,6315,3062,2120,458,2028,261,509,4034,2341,2055,68,0,N\A
116,2007/03/22,6061,3316,34965,591,2410,299,638,6025,3228,33,85,1,N\A
116,2007/04/07,6049,2996,34965,507,2060,286,641,4710,2737,-63,99,1,N\A
116,2007/04/23,6280,5545,2066,819,3585,804,828,5456,2812,-242,124,3,N\A
116,2007/05/09,8227,4511,2116,256,2633,133,488,2865,2003,1353,141,0,N\A
116,2007/05/25,7963,4373,2116,293,2584,166,544,116,2432,1371,159,0,N\A
116,2007/06/10,8239,4499,2116,251,2601,140,531,1600,2366,1307,166,0,N\A
116,2007/06/26,7678,5068,2116,428,3260,248,733,1312,2664,-442,184,0,N\A
116,2007/07/12,6403,3677,2116,581,2650,276,759,1284,2617,-392,200,0,N\A
116,2007/07/28,5705,4972,2066,1014,3708,833,1043,6496,3302,-218,222,3,N\A
116,2007/08/13,6193,3389,2116,567,2412,294,559,246,2120,1760,239,0,N\A
116,2007/08/29,5025,2551,2116,681,2057,355,782,3739,2510,-38,250,0,N\A
116,2007/09/14,5389,2789,35998,627,2093,362,642,1239,2231,111,264,3,N\A
116,2007/09/30,6837,3212,2116,373,1986,223,463,237,2437,2250,287,0,N\A
116,2007/10/16,7553,5155,34842,346,2482,560,488,6130,2201,2388,297,3,N\A
116,2007/11/01,8067,4984,2116,317,2964,212,538,1394,3135,440,312,0,N\A
116,2007/11/17,6705,4254,34841,570,2890,357,562,4848,3216,2397,331,1,N\A
116,2007/12/03,8991,5158,34837,155,2918,61,567,3995,3430,2375,340,1,N\A
116,2007/12/19,8077,4362,34965,273,2567,141,484,4005,3597,2356,356,1,N\A
117,2007/01/01,3318,1377,2116,745,1485,336,293,154,3765,2160,15,0,N\A
117,2007/01/17,2801,1186,34837,478,850,784,477,1637,3596,2251,22,1,N\A
117,2007/02/02,7353,5606,34841,553,3626,432,786,6029,4139,287,37,1,N\A
117,2007/02/18,8041,6847,2261,550,5067,250,987,6508,3806,164,62,1,N\A
117,2007/03/06,8037,6832,2065,547,5028,255,876,4710,3285,157,67,1,N\A
117,2007/03/22,7345,4293,34965,461,3012,123,461,4878,1645,1846,91,1,N\A
117,2007/04/07,6058,1264,34837,163,664,231,156,2921,1778,1621,109,1,N\A
117,2007/04/23,6249,3425,34837,526,2279,352,683,1364,2237,-251,120,1,N\A
117,2007/05/09,6330,4010,2116,681,3031,329,996,3863,2643,-349,138,0,N\A
117,2007/05/25,6333,3777,34893,607,2704,329,870,1402,2517,-430,152,1,N\A
117,2007/06/10,6054,3091,34842,595,2421,163,664,6059,3259,-373,165,3,N\A
117,2007/06/26,2606,1001,2116,729,1243,371,350,2930,2321,1326,189,0,N\A
117,2007/07/12,6612,3653,34841,439,2153,408,657,4888,1991,1328,203,1,N\A
117,2007/07/28,7056,7147,2062,635,3680,912,1039,218,2295,1607,223,3,N\A
117,2007/08/13,8294,6121,2116,366,3926,211,723,2636,2564,-239,225,0,N\A
117,2007/08/29,8057,5338,2116,360,3346,203,599,1691,1929,1720,246,0,N\A
117,2007/09/14,8438,5429,36074,296,3495,72,610,4908,1575,2041,267,3,N\A
117,2007/09/30,5584,3457,2116,821,2898,374,1022,1266,2404,278,280,0,N\A
117,2007/10/16,6723,3794,35038,453,2312,371,586,6125,2170,2384,297,3,N\A
117,2007/11/01,5488,2975,2116,693,2379,316,823,1412,3111,436,312,0,N\A
117,2007/11/17,6176,2919,34893,481,2035,215,593,3844,3684,457,330,1,N\A
117,2007/12/03,5659,2724,34961,571,2060,243,505,3986,3401,2372,340,1,N\A
117,2007/12/19,2931,1327,35033,886,1621,412,331,3995,3568,2353,356,1,N\A
118,2007/01/01,2865,1817,34837,1464,2640,700,496,407,3714,2298,15,1,N\A
118,2007/01/17,3606,2580,34841,1060,2256,937,719,4591,4083,373,19,1,N\A
118,2007/02/02,3242,3313,2066,1777,3482,1504,1017,6218,2721,2262,41,3,N\A
118,2007/02/18,8213,7052,34841,482,4915,279,1060,6441,3771,155,62,1,N\A
118,2007/03/06,8319,5885,34961,329,3586,230,643,1883,2493,2008,70,1,N\A
118,2007/03/22,8091,5139,34961,338,3204,172,638,3135,1883,1791,93,1,N\A
118,2007/04/07,7120,4356,2116,472,2806,299,702,387,2067,1579,111,0,N\A
118,2007/04/23,6984,3945,2116,450,2535,270,659,352,2145,1498,127,0,N\A
118,2007/05/09,6543,4138,2116,640,3063,302,742,3710,2652,-356,138,0,N\A
118,2007/05/25,6899,2232,34841,240,1308,105,99,5991,3150,-357,149,1,N\A
118,2007/06/10,6378,4600,34842,731,3306,493,1124,5968,3268,-385,165,3,N\A
118,2007/06/26,5294,3325,35874,818,2659,497,500,1102,2706,-445,184,3,N\A
118,2007/07/12,5875,3589,2116,698,2687,403,584,3625,2903,-365,202,0,N\A
118,2007/07/28,6515,4400,3098,645,3057,2045,1732,3163,2042,1464,221,3,N\A
118,2007/08/13,7484,4562,34837,421,2926,230,584,469,2119,1669,239,1,N\A
118,2007/08/29,7402,4489,2116,441,2954,214,707,1919,1911,1700,246,0,N\A
118,2007/09/14,8269,5099,36002,292,3082,154,525,5040,1532,2032,267,3,N\A
118,2007/09/30,7180,4798,2116,528,3218,316,841,1022,2361,234,280,0,N\A
118,2007/10/16,6993,4738,3154,587,3318,324,767,3644,2938,349,298,3,N\A
118,2007/11/01,7120,4283,3222,468,2782,278,627,1782,2838,2294,310,3,N\A
118,2007/11/17,5967,4180,2061,821,3251,486,1154,3683,3633,447,330,1,N\A
118,2007/12/03,6508,4008,34837,610,2884,315,753,1121,3695,488,344,1,N\A
118,2007/12/19,4819,3076,2062,840,2403,632,493,1113,3841,447,360,3,N\A