1,38.4316,-120.966,8,5,628,188
2,38.4133,-120.9507,8,5,627,190
id,Date,8-day daytime 1km grid Land-surface Temperature,Quality control for daytime LST and emissivity,Average time of daytime Land-surface Temperature observation,Average view zenith angle of daytime Land-surface Temperature,8-day nighttime 1km grid Land-surface Temperature,Quality control for nighttime LST and emissivity,Average time of nighttime Land-surface Temperature observation,Average view zenith angle of nighttime Land-surface Temperature,Band 31 emissivity,Band 32 emissivity,the days in clear-sky conditions and with validate LSTs,the nights in clear-sky conditions and with validate LSTs,actual_date
1,2000/03/05,14758,0,111,58,13928,0,216,7,246,248,128,160,N\A
1,2000/03/13,14544,0,111,61,14115,0,223,61,246,248,183,254,N\A
1,2000/03/21,14771,0,112,65,13972,0,220,42,246,248,63,39,N\A
1,2000/03/29,15001,0,111,58,14167,0,223,61,246,248,255,255,N\A
1,2000/04/06,14982,0,112,61,14141,0,221,48,246,248,159,63,N\A
1,2000/04/14,14740,0,112,64,14037,0,229,118,247,248,193,2,N\A
1,2000/04/22,14989,0,113,68,14091,0,219,37,246,248,22,31,N\A
1,2000/04/30,15164,0,114,76,14221,0,222,56,246,248,31,94,N\A
1,2000/05/08,14896,0,117,108,14124,0,223,60,246,248,10,126,N\A
1,2000/05/16,15313,0,111,56,14510,0,221,49,246,248,126,124,N\A
1,2000/05/24,15429,0,111,58,14346,0,223,66,246,248,254,214,N\A
1,2000/06/01,15568,0,112,66,14366,0,223,67,246,248,127,111,N\A
1,2000/06/09,15577,0,110,49,14572,0,221,49,246,248,119,247,N\A
1,2000/06/17,15694,0,110,53,14614,0,222,60,246,248,239,127,N\A
1,2000/06/25,15760,0,111,61,14551,0,219,36,246,248,251,251,N\A
1,2000/07/03,15547,0,111,58,14384,0,223,61,247,248,255,255,N\A
1,2000/07/11,15707,0,111,57,14419,0,221,51,246,248,255,223,N\A
1,2000/07/19,15838,0,111,58,14580,0,223,60,246,248,255,255,N\A
1,2000/07/27,15835,0,112,70,14663,0,223,61,246,248,223,255,N\A
1,2000/08/04,15649,0,118,120,14642,0,226,85,246,248,1,3,N\A
1,2000/08/12,15818,0,111,60,14372,0,215,3,246,248,2,2,N\A
1,2000/08/20,15666,0,110,56,14511,0,223,61,246,248,191,255,N\A
1,2000/08/28,15333,0,114,81,14350,65,216,9,246,248,225,137,N\A
1,2000/09/05,15599,0,111,59,14427,0,223,61,246,248,255,255,N\A
1,2000/09/13,15680,0,111,59,14577,0,221,53,246,248,254,254,N\A
1,2000/09/21,15371,0,111,61,14456,0,221,51,246,248,253,125,N\A
1,2000/09/29,15419,0,111,57,14397,0,221,46,246,248,255,255,N\A
1,2000/10/07,15049,0,111,58,14242,0,222,52,246,248,195,71,N\A
1,2000/10/15,14911,0,110,50,14150,0,221,49,246,248,247,247,N\A
1,2000/10/23,14914,0,114,84,14102,0,226,85,246,248,19,3,N\A
1,2000/10/31,14579,0,110,48,14014,0,225,76,246,248,253,185,N\A
1,2000/11/08,14379,0,108,38,13828,0,223,65,246,248,154,185,N\A
1,2000/11/16,14464,0,111,61,13729,0,220,41,246,248,31,231,N\A
1,2000/11/24,14216,0,108,36,13852,0,223,63,247,248,192,66,N\A
1,2000/12/02,14376,0,115,88,13865,0,227,97,246,248,65,147,N\A
1,2000/12/10,14320,0,108,36,0,2,255,255,247,248,192,0,N\A
1,2000/12/18,14363,0,111,61,13742,0,221,50,246,248,31,151,N\A
1,2000/12/26,14229,0,112,74,13740,0,224,69,246,248,55,63,N\A
1,2001/01/01,14370,0,112,73,13788,0,220,37,246,248,61,61,N\A
1,2001/01/09,14216,0,110,53,13690,0,219,35,246,248,248,210,N\A
1,2001/01/17,14350,0,112,67,13715,0,223,64,246,248,49,89,N\A
1,2001/01/25,14211,0,114,84,13640,0,226,91,246,248,76,234,N\A
1,2001/02/02,14331,0,110,51,13908,65,221,54,246,248,126,95,N\A
1,2001/02/10,14475,0,112,74,13814,0,227,105,246,248,112,32,N\A
1,2001/02/18,14340,65,114,93,13912,65,226,88,246,248,160,18,N\A
1,2001/02/26,14568,0,115,90,13789,0,223,70,246,248,6,46,N\A
1,2001/03/06,14655,0,109,45,13971,0,221,57,246,248,242,248,N\A
1,2001/03/14,14732,0,110,56,14109,0,222,69,246,248,253,187,N\A
1,2001/03/22,14828,0,109,49,14145,0,221,53,246,248,247,178,N\A
1,2001/03/30,14868,0,111,66,14090,0,223,73,246,248,83,175,N\A
1,2001/04/07,14658,0,114,87,13881,0,220,43,246,248,172,232,N\A
1,2001/04/15,14760,0,109,43,14066,0,222,67,247,248,141,143,N\A
1,2001/04/23,14998,0,108,41,14244,0,219,37,246,248,215,183,N\A
1,2001/05/01,15297,0,110,57,14345,0,222,61,246,248,255,255,N\A
1,2001/05/09,15576,0,109,51,14399,0,220,46,246,248,135,167,N\A
1,2001/05/17,15632,0,109,52,14527,0,221,55,246,248,191,223,N\A
1,2001/05/25,15599,0,110,58,14439,0,222,60,246,248,255,255,N\A
1,2001/06/02,15677,0,110,57,14375,0,221,59,246,248,255,254,N\A
1,2001/06/10,15646,0,109,48,14417,0,219,45,246,248,30,31,N\A
1,2001/06/26,0,2,255,255,0,2,255,255,0,0,0,0,N\A
1,2001/07/04,15689,0,110,58,14650,0,219,34,246,248,242,84,N\A
1,2001/07/12,15682,0,110,58,14452,0,220,45,246,248,255,255,N\A
1,2001/07/20,15747,0,109,56,14537,0,222,61,246,248,253,255,N\A
1,2001/07/28,15665,0,110,58,14540,0,220,45,246,248,255,255,N\A
1,2001/08/05,15773,0,110,57,14561,0,222,62,246,248,255,255,N\A
1,2001/08/13,15792,0,110,59,14552,0,220,45,246,248,255,255,N\A
1,2001/08/21,15744,0,108,48,14596,0,220,50,246,248,251,246,N\A
1,2001/08/29,15791,0,111,66,14578,0,220,45,246,248,253,255,N\A
1,2001/09/06,15487,0,110,62,14405,0,221,61,246,248,223,255,N\A
1,2001/09/14,15515,0,110,58,14436,0,221,60,246,248,255,255,N\A
1,2001/09/22,15240,0,108,46,14371,0,220,53,246,248,249,247,N\A
1,2001/09/30,15372,0,110,58,14403,0,222,65,246,248,255,221,N\A
1,2001/10/08,15264,0,113,89,14282,0,223,77,246,248,119,255,N\A
1,2001/10/16,15138,0,112,74,14209,0,217,30,246,248,231,237,N\A
1,2001/10/24,15056,0,114,87,14117,0,223,82,247,248,15,13,N\A
1,2001/11/01,14832,0,112,80,14077,0,221,65,246,248,239,223,N\A
1,2001/11/09,14676,65,108,41,14142,0,220,61,246,248,34,35,N\A
1,2001/11/17,14584,65,118,125,14162,0,218,37,247,248,2,11,N\A
1,2001/11/25,14343,0,114,90,13678,0,217,28,247,248,6,6,N\A
1,2001/12/03,14200,0,112,79,13936,0,222,71,246,248,146,210,N\A
1,2001/12/11,14094,0,113,86,13785,0,223,89,246,248,15,161,N\A
1,2001/12/19,14214,65,106,28,13787,0,221,60,246,248,16,96,N\A
1,2001/12/27,0,2,255,255,13757,65,227,118,246,248,0,8,N\A
1,2002/01/01,0,2,255,255,13952,0,218,36,247,248,0,24,N\A
1,2002/01/09,14208,0,109,61,13781,0,220,53,246,248,198,228,N\A
1,2002/01/17,14181,0,108,53,13699,0,222,69,246,248,231,255,N\A
1,2002/01/25,14184,0,112,82,13625,0,222,70,246,248,240,232,N\A
1,2002/02/02,14417,0,110,66,13790,0,221,65,246,248,223,159,N\A
1,2002/02/10,14547,0,109,64,13951,0,219,41,246,248,23,45,N\A
1,2002/02/18,14517,0,108,50,14095,0,222,69,246,248,228,248,N\A
1,2002/02/26,14633,0,110,69,14028,0,220,55,246,248,252,127,N\A
1,2002/03/06,14421,0,105,19,13827,0,219,47,247,248,132,12,N\A
1,2002/03/14,14562,0,111,80,13801,0,218,41,246,248,17,19,N\A
1,2002/03/22,14961,0,106,28,14214,0,226,112,246,248,1,1,N\A
1,2002/03/30,14942,0,109,62,14316,0,218,42,246,248,143,31,N\A
1,2002/04/07,14915,0,109,57,14258,0,221,65,246,248,123,225,N\A
1,2002/04/15,14810,0,110,69,14015,0,220,60,246,248,126,121,N\A
1,2002/04/23,14989,0,106,25,14173,0,222,78,246,248,129,131,N\A
1,2002/05/01,15066,0,110,66,14178,0,220,56,246,248,255,254,N\A
1,2002/05/09,15268,0,107,45,14230,0,219,53,246,248,247,239,N\A
1,2002/05/17,15270,0,111,76,14231,0,220,56,246,248,227,231,N\A
1,2002/05/25,15582,0,108,54,14448,0,220,55,246,248,112,255,N\A
1,2002/06/02,15552,0,110,66,14498,0,220,52,246,248,255,255,N\A
1,2002/06/10,15641,0,108,48,14442,0,220,54,246,248,255,255,N\A
1,2002/06/18,15665,0,110,66,14502,0,220,52,246,248,255,255,N\A
1,2002/06/26,15755,0,108,51,14614,0,220,54,246,248,127,255,N\A
1,2002/07/04,15896,0,110,66,14642,0,220,52,246,248,255,255,N\A
1,2002/07/12,15802,0,108,53,14568,0,219,52,247,248,231,252,N\A
1,2002/07/20,15781,0,110,74,14541,0,220,52,246,248,253,255,N\A
1,2002/07/28,15558,0,108,48,14559,0,220,61,246,248,255,247,N\A
1,2002/08/05,15858,0,110,66,14569,0,220,52,246,248,255,255,N\A
1,2002/08/13,15682,0,108,55,14557,0,220,54,246,248,239,255,N\A
1,2002/08/21,15627,0,110,66,14428,0,220,52,246,248,255,255,N\A
1,2002/08/29,15709,0,106,39,14567,0,220,54,246,248,191,255,N\A
1,2002/09/06,15604,0,110,66,14425,0,220,52,246,248,255,255,N\A
1,2002/09/14,15562,0,107,45,14459,0,220,54,246,248,247,255,N\A
1,2002/09/22,15625,0,109,62,14479,0,220,55,246,248,159,127,N\A
1,2002/09/30,15305,0,108,48,14310,0,219,53,246,248,255,239,N\A
1,2002/10/08,15364,0,111,73,14328,0,219,47,246,248,243,187,N\A
1,2002/10/16,15050,0,111,79,14148,0,219,51,246,248,123,125,N\A
1,2002/10/24,14914,0,113,91,14037,0,221,63,246,248,253,253,N\A
1,2002/11/01,14763,65,109,60,13935,0,218,39,246,248,91,59,N\A
1,2002/11/09,14387,0,110,71,14053,0,218,32,246,248,20,36,N\A
1,2002/11/17,14524,65,106,33,14002,0,220,54,246,248,13,95,N\A
1,2002/11/25,14494,0,109,58,13919,0,219,46,246,248,223,190,N\A
1,2002/12/03,14503,0,111,80,13920,0,220,59,246,248,19,163,N\A
1,2002/12/11,14207,65,109,58,13811,65,218,33,246,248,3,128,N\A
1,2002/12/19,14077,65,106,36,13778,0,220,59,246,248,24,25,N\A
1,2002/12/27,0,2,255,255,0,2,255,255,0,0,0,0,N\A
1,2003/01/01,14255,65,112,83,13865,0,221,60,246,248,13,231,N\A
1,2003/01/09,14332,0,114,94,13870,0,220,58,246,248,192,132,N\A
1,2003/01/17,0,2,255,255,13841,65,222,67,246,248,0,7,N\A
1,2003/01/25,14329,0,104,14,13929,0,215,12,246,248,16,41,N\A
1,2003/02/02,14385,0,109,58,13789,0,220,57,246,248,255,223,N\A
1,2003/02/10,14367,0,108,48,13750,0,219,56,246,248,1,5,N\A
1,2003/02/18,14480,0,110,70,13929,0,220,52,246,248,61,29,N\A
1,2003/02/26,14500,0,110,66,13871,0,219,50,246,248,220,245,N\A
1,2003/03/06,14641,0,112,80,14045,0,220,54,246,248,207,247,N\A
1,2003/03/14,14485,0,112,83,13946,0,220,56,246,248,250,180,N\A
1,2003/03/22,14638,0,107,42,14078,0,219,49,246,248,236,77,N\A
1,2003/03/30,14661,0,105,26,14041,0,219,48,246,248,65,91,N\A
1,2003/04/07,14822,0,109,59,14184,0,223,85,246,248,11,14,N\A
1,2003/04/15,14660,0,109,58,13970,0,219,52,246,248,24,185,N\A
1,2003/04/23,14530,0,105,30,14146,65,220,52,246,248,184,1,N\A
1,2003/05/01,14587,0,108,48,14107,0,224,96,247,248,48,16,N\A
1,2003/05/09,14869,0,110,66,14161,0,221,61,246,248,127,254,N\A
1,2003/05/17,15255,0,109,57,14339,0,218,46,246,248,255,255,N\A
1,2003/05/25,15370,0,107,49,14399,0,221,61,246,248,254,254,N\A
1,2003/06/02,15455,0,109,57,14464,0,218,46,246,248,255,255,N\A
1,2003/06/10,15383,0,109,58,14347,0,220,60,247,248,255,255,N\A
1,2003/06/18,15526,0,109,58,14418,0,218,46,246,248,254,255,N\A
1,2003/06/26,15822,0,109,58,14590,0,220,60,246,248,255,255,N\A
1,2003/07/04,15819,0,109,56,14541,0,218,45,246,248,255,255,N\A
1,2003/07/12,15823,0,109,57,14688,0,220,59,246,248,255,127,N\A
1,2003/07/20,15807,0,108,49,14717,0,218,50,246,248,247,228,N\A
1,2003/07/28,15505,65,109,67,14692,0,222,77,247,248,199,131,N\A
1,2003/08/05,15616,0,109,56,14448,0,220,61,246,248,255,255,N\A
1,2003/08/13,15662,0,107,48,14537,0,220,60,246,248,254,255,N\A
1,2003/08/21,15685,0,108,48,14519,0,220,62,246,248,252,220,N\A
1,2003/08/29,15658,0,109,64,14606,0,220,60,246,248,223,255,N\A
1,2003/09/06,15649,0,107,41,14486,0,218,46,246,248,241,235,N\A
1,2003/09/14,15553,0,109,57,14484,0,220,60,246,248,255,255,N\A
1,2003/09/22,15430,0,109,56,14455,0,220,61,246,248,255,255,N\A
1,2003/09/30,15273,0,108,50,14350,0,221,66,246,248,251,239,N\A
1,2003/10/08,15281,0,109,62,14163,0,218,46,246,248,239,255,N\A
1,2003/10/16,15269,0,109,63,14360,0,220,61,246,248,247,126,N\A
1,2003/10/24,15352,0,110,65,14354,0,219,51,246,248,63,127,N\A
1,2003/11/01,0,2,255,255,13913,65,223,81,246,248,0,41,N\A
1,2003/11/09,14587,0,109,64,13990,0,221,63,246,248,158,174,N\A
1,2003/11/17,14364,0,109,64,13845,0,220,53,246,248,118,118,N\A
1,2003/11/25,14435,0,111,75,13762,0,226,102,246,248,131,135,N\A
1,2003/12/03,14311,0,110,65,13828,0,219,48,247,248,33,96,N\A
1,2003/12/11,14234,0,109,59,13749,65,219,51,246,248,24,50,N\A
1,2003/12/19,13916,65,101,1,13822,65,221,66,247,248,2,2,N\A
1,2003/12/27,14183,0,108,49,13638,0,216,22,246,248,1,3,N\A
1,2004/01/01,14114,0,109,60,13697,65,217,29,246,248,92,12,N\A
1,2004/01/09,14226,65,106,37,13988,65,216,32,246,248,6,11,N\A
1,2004/01/17,14143,0,110,65,13795,0,221,65,246,248,96,116,N\A
1,2004/01/25,14200,0,108,56,13574,65,213,4,247,248,65,10,N\A
1,2004/02/02,14251,0,111,81,13721,0,223,84,246,248,236,220,N\A
1,2004/02/10,14448,0,107,49,13876,0,218,40,247,248,23,15,N\A
1,2004/02/18,14254,65,102,4,0,2,255,255,247,248,2,0,N\A
1,2004/02/26,14356,0,104,14,13782,0,220,61,246,248,36,230,N\A
1,2004/03/05,14811,0,109,63,14191,0,220,58,246,248,254,254,N\A
1,2004/03/13,14942,0,108,48,14290,0,220,54,246,248,255,255,N\A
1,2004/03/21,14830,0,109,63,14120,0,219,44,246,248,207,188,N\A
1,2004/03/29,14734,0,108,51,14142,0,221,69,246,248,252,251,N\A
1,2004/04/06,14983,0,110,65,14120,0,218,38,246,248,255,189,N\A
1,2004/04/14,14709,65,113,86,0,2,255,255,247,248,12,0,N\A
1,2004/04/22,15341,0,110,65,14373,0,219,52,246,248,255,255,N\A
1,2004/04/30,15439,0,107,41,14345,0,220,58,246,248,191,191,N\A
1,2004/05/08,15392,0,110,74,14262,0,219,52,246,248,187,255,N\A
1,2004/05/16,15361,0,110,64,14199,0,219,53,246,248,255,251,N\A
1,2004/05/24,15492,0,108,55,14338,0,218,42,246,248,103,239,N\A
1,2004/06/01,15651,0,110,66,14456,0,219,54,246,248,247,255,N\A
1,2004/06/09,15677,0,108,54,14490,0,219,50,246,248,95,190,N\A
1,2004/06/17,15622,0,108,53,14458,0,219,54,246,248,127,255,N\A
1,2004/06/25,15685,0,110,66,14478,0,219,55,246,248,255,215,N\A
1,2004/07/03,15637,0,108,48,14524,0,218,51,246,248,255,238,N\A
1,2004/07/11,15860,0,110,66,14531,0,219,49,246,248,255,63,N\A
1,2004/07/19,15796,0,108,48,14691,0,219,54,246,248,255,255,N\A
1,2004/07/27,15660,0,110,66,14492,0,219,52,246,248,255,255,N\A
1,2004/08/04,15769,0,108,48,14605,0,221,70,246,248,255,251,N\A
1,2004/08/12,15727,0,109,58,14610,0,218,42,246,248,243,239,N\A
1,2004/08/20,15584,0,109,56,14502,0,218,49,246,248,243,254,N\A
1,2004/08/28,15774,0,110,66,14584,0,219,57,246,248,255,127,N\A
1,2004/09/05,15815,0,108,48,14601,0,221,70,246,248,255,255,N\A
1,2004/09/13,15600,0,109,61,14412,0,220,61,246,248,31,95,N\A
1,2004/09/21,15455,0,108,49,14377,0,219,54,246,248,255,255,N\A
1,2004/09/29,15292,0,112,82,14321,0,219,52,246,248,255,247,N\A
1,2004/10/07,15320,0,110,71,14305,0,218,53,247,248,127,251,N\A
1,2004/10/15,14788,0,109,66,14156,0,220,60,246,248,193,239,N\A
1,2004/10/23,14627,65,111,77,14028,0,222,80,246,248,208,225,N\A
1,2004/10/31,14603,0,109,58,14023,0,217,41,246,248,247,231,N\A
1,2004/11/08,14375,65,115,115,14176,0,216,24,246,248,16,64,N\A
1,2004/11/16,14501,0,112,94,13901,0,222,83,246,248,161,114,N\A
1,2004/11/24,14273,0,107,41,13780,0,222,84,247,248,177,177,N\A
1,2004/12/02,14319,0,110,75,13683,0,216,30,247,248,139,7,N\A
1,2004/12/10,14390,0,105,23,13868,0,216,32,246,248,137,202,N\A
1,2004/12/18,14196,0,112,94,13771,0,217,41,246,248,161,231,N\A
1,2004/12/26,14150,65,106,28,0,2,255,255,246,248,32,0,N\A
1,2005/01/01,14267,0,115,111,0,2,255,255,247,248,33,0,N\A
1,2005/01/09,14214,0,110,71,13766,0,217,36,246,248,8,24,N\A
1,2005/01/17,0,2,255,255,13828,65,220,62,246,248,0,120,N\A
1,2005/01/25,14297,0,108,48,13861,0,219,59,246,248,240,176,N\A
1,2005/02/02,14318,0,108,57,13922,0,219,46,246,248,139,197,N\A
1,2005/02/10,14504,0,104,14,13856,65,225,105,246,248,5,1,N\A
1,2005/02/18,14588,0,113,89,14052,0,221,74,247,248,48,34,N\A
1,2005/02/26,14468,0,108,45,13946,0,223,87,247,248,149,169,N\A
1,2005/03/06,14769,0,109,60,14228,0,220,61,246,248,127,123,N\A
1,2005/03/14,14705,0,109,56,14101,0,222,80,246,248,3,135,N\A
1,2005/03/22,14413,0,107,48,13872,65,217,37,246,248,28,152,N\A
1,2005/03/30,14593,0,108,52,14111,0,219,53,246,248,231,206,N\A
1,2005/04/07,14605,0,110,69,14012,0,220,58,246,248,252,251,N\A
1,2005/04/15,14800,0,108,54,14074,0,222,79,246,248,251,247,N\A
1,2005/04/23,14800,0,109,59,14085,65,222,76,246,248,84,78,N\A
1,2005/05/01,14654,65,107,43,14145,0,219,52,246,248,39,6,N\A
1,2005/05/09,14961,0,110,66,14228,0,217,36,247,248,60,60,N\A
1,2005/05/17,15160,0,108,52,14340,0,224,92,246,248,248,224,N\A
1,2005/05/25,15273,0,111,74,14400,0,219,51,246,248,247,255,N\A
1,2005/06/02,15205,0,106,40,14290,0,221,67,247,248,63,63,N\A
1,2005/06/10,15408,0,109,63,14429,0,218,44,246,248,63,63,N\A
1,2005/06/18,15298,0,108,48,14323,0,220,64,246,248,255,254,N\A
1,2005/06/26,15577,0,110,66,14481,0,219,51,246,248,255,255,N\A
1,2005/07/04,15538,0,108,48,14568,0,219,54,246,248,255,255,N\A
1,2005/07/12,15827,0,110,66,14776,0,219,52,246,248,255,255,N\A
1,2005/07/20,15738,0,108,48,14686,0,221,70,246,248,255,255,N\A
1,2005/07/28,15778,0,110,66,14618,0,219,52,246,248,255,255,N\A
1,2005/08/05,15801,0,108,48,14664,0,221,70,246,248,255,239,N\A
1,2005/08/13,15488,0,111,78,14482,0,219,54,246,248,254,243,N\A
1,2005/08/21,15674,0,107,48,14577,0,219,54,246,248,255,255,N\A
1,2005/08/29,15575,0,110,66,14501,0,219,51,246,248,255,255,N\A
1,2005/09/06,15261,0,110,63,14289,0,221,69,246,248,255,255,N\A
1,2005/09/14,15322,0,110,66,14315,0,219,54,246,248,255,127,N\A
1,2005/09/22,15305,0,110,66,14349,0,220,62,246,248,252,204,N\A
1,2005/09/30,15229,0,110,66,14279,0,219,57,246,248,255,251,N\A
1,2005/10/08,15102,0,106,38,14234,0,218,47,246,248,191,254,N\A
1,2005/10/16,15037,0,112,82,14201,0,219,54,246,248,255,243,N\A
1,2005/10/24,14847,0,110,66,14059,0,223,87,246,248,203,197,N\A
1,2005/11/01,14559,0,113,90,14009,0,214,13,246,248,48,21,N\A
1,2005/11/09,14672,0,109,57,14064,0,219,54,246,248,233,246,N\A
1,2005/11/17,14855,0,111,78,14019,0,219,52,246,248,127,255,N\A
1,2005/11/25,14301,0,109,61,13768,0,217,37,246,248,130,14,N\A
1,2005/12/03,14315,0,112,85,13796,0,220,60,246,248,239,207,N\A
1,2005/12/11,14324,65,106,34,13765,0,218,50,246,248,13,45,N\A
1,2005/12/19,14527,65,109,59,0,2,255,255,246,248,16,0,N\A
1,2005/12/27,0,2,255,255,14012,65,222,87,246,248,0,4,N\A
1,2006/01/01,14463,0,112,92,13922,0,212,2,247,248,40,129,N\A
1,2006/01/09,14346,0,111,80,13872,0,222,85,246,248,83,139,N\A
1,2006/01/17,14235,0,105,26,13815,0,221,69,246,248,212,236,N\A
1,2006/01/25,0,2,255,255,13923,0,216,30,247,248,0,65,N\A
1,2006/02/02,14514,0,110,72,13964,0,219,62,246,248,234,220,N\A
1,2006/02/10,14548,0,109,58,13943,0,220,60,246,248,123,127,N\A
1,2006/02/18,14505,0,108,48,13843,0,219,54,246,248,252,252,N\A
1,2006/02/26,14328,0,108,46,13908,0,219,55,246,248,72,73,N\A
1,2006/03/06,14197,65,110,63,13835,0,226,112,246,248,7,4,N\A
1,2006/03/14,14293,0,111,75,13914,0,219,52,247,248,176,48,N\A
1,2006/03/22,14419,0,110,70,13832,65,218,40,246,248,50,169,N\A
1,2006/03/30,14511,65,117,124,0,2,255,255,247,248,128,0,N\A
1,2006/04/07,14738,0,105,26,13852,65,229,127,247,248,65,128,N\A
1,2006/04/15,14735,0,110,73,14146,0,219,54,246,248,92,120,N\A
1,2006/04/23,14953,0,111,77,14412,0,218,47,246,248,248,240,N\A
1,2006/05/01,14970,0,109,57,14308,0,220,60,246,248,255,255,N\A
1,2006/05/09,15328,0,109,64,14400,0,220,59,246,248,191,191,N\A
1,2006/05/17,15343,0,111,76,14370,65,219,54,246,248,67,199,N\A
1,2006/05/25,15206,0,108,48,14255,0,219,50,246,248,253,187,N\A
1,2006/06/02,15436,0,107,44,14389,0,218,45,246,248,190,220,N\A
1,2006/06/10,15573,0,107,41,14389,0,219,56,246,248,241,249,N\A
1,2006/06/18,15799,0,109,57,14673,0,220,60,246,248,255,255,N\A
1,2006/06/26,15755,0,108,51,14615,0,219,54,246,248,249,251,N\A
1,2006/07/04,15750,0,107,48,14586,0,220,60,246,248,254,255,N\A
1,2006/07/12,15842,0,108,56,14655,0,221,69,246,248,127,127,N\A
1,2006/07/20,15951,0,109,63,14919,0,218,43,246,248,247,245,N\A
1,2006/07/28,15667,0,109,56,14572,0,217,36,246,248,255,251,N\A
1,2006/08/05,15610,0,109,57,14558,0,220,60,246,248,255,255,N\A
1,2006/08/13,15607,0,109,56,14475,0,218,46,246,248,255,255,N\A
1,2006/08/21,15556,0,108,52,14523,0,220,64,246,248,125,127,N\A
1,2006/08/29,15636,0,109,56,14538,0,221,68,246,248,255,223,N\A
1,2006/09/06,15509,0,109,57,14533,0,220,60,246,248,255,255,N\A
1,2006/09/14,15362,0,109,58,14345,0,220,61,246,248,254,255,N\A
1,2006/09/22,15403,0,109,57,14433,0,220,60,246,248,255,255,N\A
1,2006/09/30,14886,0,106,31,14160,0,219,53,246,248,192,225,N\A
1,2006/10/08,15053,0,111,72,14228,0,220,60,246,248,255,255,N\A
1,2006/10/16,15137,0,109,57,14169,0,219,51,246,248,254,254,N\A
1,2006/10/24,14982,0,112,82,14102,0,220,59,246,248,223,127,N\A
1,2006/11/01,14795,0,107,43,14179,0,214,13,246,248,96,168,N\A
1,2006/11/09,14619,0,113,96,14002,0,220,63,246,248,65,194,N\A
1,2006/11/17,14352,65,106,30,13926,0,222,79,246,248,196,133,N\A
1,2006/11/25,14322,0,109,60,13722,0,220,57,246,248,217,243,N\A
1,2006/12/03,14534,0,109,61,13834,0,221,68,246,248,31,63,N\A
1,2006/12/11,14122,0,106,36,13770,0,220,58,247,248,192,129,N\A
1,2006/12/19,14082,65,111,81,13589,0,228,123,246,248,35,1,N\A
1,2006/12/27,14161,0,107,37,13785,0,221,68,246,248,2,18,N\A
1,2007/01/01,14209,0,110,65,13713,0,220,62,246,248,245,243,N\A
1,2007/01/09,14145,0,111,74,13590,0,220,59,246,248,253,251,N\A
1,2007/01/17,14301,0,110,66,13653,0,218,47,246,248,247,250,N\A
1,2007/01/25,14428,0,111,81,13796,0,220,58,246,248,61,119,N\A
1,2007/02/02,14511,0,109,62,13834,0,219,50,247,248,22,23,N\A
1,2007/02/10,14615,0,110,65,13942,0,222,68,246,248,240,240,N\A
1,2007/02/18,14414,0,108,49,13911,0,221,61,246,248,42,79,N\A
1,2007/02/26,14410,0,110,68,13836,0,222,68,246,248,58,56,N\A
1,2007/03/06,14674,65,108,53,14176,0,220,54,246,248,241,195,N\A
1,2007/03/14,14857,0,112,87,14253,0,219,49,246,248,159,63,N\A
1,2007/03/22,14693,0,108,55,13921,0,220,64,246,248,246,233,N\A
1,2007/03/30,14852,0,109,63,14096,0,218,44,246,248,158,61,N\A
1,2007/04/07,14808,0,110,64,14050,0,216,29,246,248,111,76,N\A
1,2007/04/15,14700,0,111,81,14046,0,222,76,246,248,171,86,N\A
1,2007/04/23,14944,0,106,39,14274,0,219,54,246,248,239,255,N\A
1,2007/05/01,15153,0,110,66,14242,0,220,57,246,248,245,241,N\A
1,2007/05/09,15244,0,108,48,14267,0,221,69,246,248,255,255,N\A
1,2007/05/17,15485,0,111,74,14258,0,219,51,246,248,253,255,N\A
1,2007/05/25,15520,0,109,61,14321,0,221,69,246,248,123,255,N\A
1,2007/06/02,15579,0,110,66,14250,0,220,60,246,248,245,243,N\A
1,2007/06/10,15754,0,108,48,14539,0,219,54,246,248,255,255,N\A
1,2007/06/18,15791,0,112,81,14486,0,219,52,246,248,255,255,N\A
1,2007/06/26,15705,0,108,48,14499,0,219,54,246,248,255,255,N\A
1,2007/07/04,15868,0,110,72,14672,0,222,75,246,248,191,127,N\A
1,2007/07/12,15656,0,107,41,14514,0,219,49,246,248,191,254,N\A
1,2007/07/20,15733,0,109,62,14537,0,218,43,246,248,231,239,N\A
1,2007/07/28,15814,0,108,49,14621,0,220,54,246,248,255,255,N\A
1,2007/08/05,15696,0,111,75,14447,0,219,52,246,248,253,255,N\A
1,2007/08/13,15677,0,108,49,14510,0,220,54,246,248,255,255,N\A
1,2007/08/21,15735,0,110,66,14637,0,219,52,246,248,255,255,N\A
1,2007/08/29,15778,0,108,53,14719,0,220,54,246,248,249,255,N\A
1,2007/09/06,15511,0,111,75,14451,0,219,52,246,248,253,255,N\A
1,2007/09/14,15284,0,109,59,14316,0,222,76,246,248,191,191,N\A
1,2007/09/22,15430,0,112,84,14321,0,219,49,246,248,188,253,N\A
1,2007/09/30,15121,0,107,48,14135,0,219,54,246,248,221,255,N\A
1,2007/10/08,14994,0,112,87,14226,0,219,53,246,248,111,203,N\A
1,2007/10/16,14953,0,108,52,14127,0,224,89,246,248,234,232,N\A
1,2007/10/24,15105,0,108,54,14213,0,218,43,246,248,147,199,N\A
1,2007/11/01,14946,0,110,71,14118,0,219,54,246,248,127,255,N\A
1,2007/11/09,14715,0,110,72,14078,0,221,66,246,248,53,106,N\A
1,2007/11/17,14575,0,108,55,13974,0,220,60,246,248,251,253,N\A
1,2007/11/25,14448,0,112,89,13850,0,221,64,246,248,184,10,N\A
1,2007/12/03,14384,0,104,12,13800,0,218,48,247,248,129,98,N\A
1,2007/12/11,14296,0,112,87,13689,0,219,49,246,248,57,63,N\A
1,2007/12/19,14209,0,110,66,13746,0,220,64,246,248,242,237,N\A
1,2007/12/27,0,2,255,255,13587,65,221,65,247,248,0,17,N\A
1,2008/01/01,14073,65,110,65,13785,0,216,19,246,248,3,21,N\A
1,2008/01/09,14098,65,111,72,13727,0,224,85,246,248,224,192,N\A
1,2008/01/17,14326,0,110,74,13793,0,221,70,246,248,7,14,N\A
1,2008/01/25,14124,65,111,82,0,2,255,255,246,248,8,0,N\A
1,2008/02/02,14284,0,111,77,13821,0,221,64,246,248,252,136,N\A
1,2008/02/10,14457,0,109,56,13909,0,219,54,246,248,255,254,N\A
1,2008/02/18,14571,0,114,109,13883,65,225,97,246,248,1,98,N\A
1,2008/02/26,14598,0,109,63,13980,0,220,58,246,248,239,125,N\A
1,2008/03/05,14714,0,111,79,13974,0,219,52,246,248,249,51,N\A
1,2008/03/13,14693,0,110,67,13952,0,218,47,246,248,250,124,N\A
1,2008/03/21,14847,0,109,59,14003,0,220,57,246,248,191,175,N\A
1,2008/03/29,14628,0,109,57,13930,0,221,68,246,248,228,244,N\A
1,2008/04/06,15101,0,108,52,14127,0,222,71,246,248,251,250,N\A
1,2008/04/14,15067,0,111,80,14052,0,220,61,246,248,234,255,N\A
1,2008/04/22,15222,0,108,50,14186,0,220,56,246,248,254,252,N\A
1,2008/04/30,15291,0,109,62,14143,0,220,61,246,248,251,255,N\A
1,2008/05/08,15457,0,110,68,14242,0,221,61,246,248,183,47,N\A
1,2008/05/16,15860,0,109,57,14571,0,222,70,246,248,47,223,N\A
1,2008/05/24,15304,65,109,65,14185,0,218,44,246,248,244,72,N\A
1,2008/06/01,15657,0,109,62,14366,0,220,62,246,248,251,246,N\A
1,2008/06/09,15834,0,109,58,14586,0,219,44,246,248,255,255,N\A
1,2008/06/17,15938,0,109,56,14546,0,220,62,246,248,255,255,N\A
1,2008/06/25,15615,0,109,58,14548,0,218,44,246,248,255,255,N\A
1,2008/07/03,15881,0,109,56,14710,0,220,62,246,248,255,255,N\A
1,2008/07/11,15687,0,109,65,14631,0,219,44,246,248,247,255,N\A
1,2008/07/19,15773,0,109,56,14564,0,220,62,246,248,255,255,N\A
1,2008/07/27,15755,0,109,58,14563,0,219,44,246,248,255,255,N\A
1,2008/08/04,15797,0,109,56,14541,0,220,56,246,248,255,251,N\A
1,2008/08/12,15924,0,109,58,14650,0,219,47,246,248,95,207,N\A
1,2008/08/20,15741,0,109,56,14618,0,220,62,246,248,255,255,N\A
1,2008/08/28,15765,0,109,58,14623,0,219,44,246,248,255,255,N\A
1,2008/09/05,15741,0,109,60,14548,0,220,62,246,248,231,255,N\A
1,2008/09/13,15398,0,112,85,14362,0,219,50,246,248,182,239,N\A
1,2008/09/21,15632,0,109,56,14440,0,220,62,246,248,255,255,N\A
1,2008/09/29,15442,0,112,84,14317,0,216,20,246,248,135,196,N\A
1,2008/10/07,15110,0,109,56,14164,0,220,62,246,248,255,255,N\A
1,2008/10/15,15205,0,112,81,14240,0,219,50,246,248,243,239,N\A
1,2008/10/23,15300,0,110,67,14278,0,221,62,246,248,111,95,N\A
1,2008/10/31,14707,0,112,81,14072,0,223,79,246,248,192,232,N\A
1,2008/11/08,14775,0,111,72,14084,0,222,77,246,248,224,221,N\A
1,2008/11/16,14713,0,110,66,14130,0,219,49,246,248,223,239,N\A
1,2008/11/24,14470,0,111,79,13948,0,226,102,246,248,226,225,N\A
1,2008/12/02,14236,0,109,62,13617,0,213,4,247,248,136,80,N\A
1,2008/12/10,14261,0,108,54,13757,0,223,80,246,248,175,215,N\A
1,2008/12/18,14146,0,114,109,13582,65,218,32,246,248,1,1,N\A
1,2008/12/26,14139,0,104,15,13755,0,217,29,246,248,21,58,N\A
1,2009/01/01,14121,0,105,21,13658,65,225,105,246,248,8,8,N\A
1,2009/01/09,14347,0,109,56,13855,0,219,52,246,248,255,254,N\A
1,2009/01/17,14555,0,111,72,13864,0,221,65,246,248,15,31,N\A
1,2009/01/25,14374,0,108,48,13823,0,220,54,246,248,252,252,N\A
1,2009/02/02,14463,0,113,94,13915,0,220,53,247,248,131,71,N\A
1,2009/02/10,14262,0,108,48,13414,0,213,2,246,248,1,129,N\A
1,2009/02/18,14431,65,111,75,13825,65,223,85,247,248,203,14,N\A
1,2009/02/26,14326,0,112,87,13974,0,218,42,246,248,130,166,N\A
1,2009/03/06,14514,0,107,49,13890,0,221,61,246,248,254,254,N\A
1,2009/03/14,14701,0,108,50,14099,0,221,65,246,248,120,217,N\A
1,2009/03/22,14663,0,109,58,14037,0,220,54,246,248,255,246,N\A
1,2009/03/30,14843,0,109,57,14020,0,216,26,246,248,255,235,N\A
1,2009/04/07,14555,0,108,59,14143,0,219,46,246,248,241,241,N\A
1,2009/04/15,15103,0,109,64,14243,0,221,61,246,248,191,255,N\A
1,2009/04/23,14978,0,110,66,14008,0,220,52,247,248,94,252,N\A
1,2009/05/01,14975,0,113,90,14325,0,217,30,246,248,224,224,N\A
1,2009/05/09,15206,0,108,53,14323,0,221,60,246,248,239,255,N\A
1,2009/05/17,15455,0,109,56,14407,0,217,36,246,248,255,251,N\A
1,2009/05/25,15583,0,111,75,14445,0,221,65,246,248,95,31,N\A
1,2009/06/02,15348,0,107,43,14302,0,216,26,247,248,96,201,N\A
1,2009/06/10,15399,0,110,72,14268,0,221,64,246,248,215,54,N\A
1,2009/06/18,15702,0,108,48,14498,0,218,45,246,248,253,255,N\A
1,2009/06/26,15816,0,108,52,14649,0,221,60,246,248,239,255,N\A
1,2009/07/04,15669,0,109,56,14434,0,220,61,246,248,255,255,N\A
1,2009/07/12,15992,0,107,48,14708,0,221,61,246,248,254,254,N\A
1,2009/07/20,15797,0,109,56,14584,0,221,66,246,248,255,247,N\A
1,2009/07/28,15567,0,109,57,14556,0,221,60,247,248,255,255,N\A
1,2009/08/05,15695,0,108,48,14547,0,221,63,246,248,253,253,N\A
1,2009/08/13,15721,0,110,65,14591,0,221,60,246,248,127,255,N\A
1,2009/08/21,15697,0,109,57,14531,0,217,36,246,248,219,251,N\A
1,2009/08/29,15703,0,110,65,14519,0,220,60,246,248,127,255,N\A
1,2009/09/06,15616,0,109,55,14466,0,218,44,246,248,189,183,N\A
1,2009/09/14,15616,0,109,62,14507,0,220,61,246,248,214,254,N\A
1,2009/09/22,15808,0,110,65,14630,0,219,51,246,248,63,127,N\A
1,2009/09/30,15196,0,109,62,14132,0,220,60,246,248,238,231,N\A
1,2009/10/08,15068,0,110,70,14158,0,219,51,246,248,143,79,N\A
1,2009/10/16,14845,0,108,55,14210,0,221,66,246,248,243,250,N\A
1,2009/10/24,14857,0,109,56,14095,0,218,49,246,248,255,247,N\A
1,2009/11/01,14903,0,112,84,14123,0,221,68,246,248,159,191,N\A
1,2009/11/09,14560,0,108,52,13823,0,217,38,246,248,248,241,N\A
1,2009/11/17,14494,0,113,92,13852,0,220,52,246,248,215,253,N\A
1,2009/11/25,14404,0,108,51,13846,0,217,38,246,248,249,243,N\A
1,2009/12/03,14191,0,109,59,13647,0,220,55,246,248,99,73,N\A
1,2009/12/11,14220,65,108,53,13778,0,212,3,247,248,72,128,N\A
1,2009/12/19,14181,0,108,48,13745,0,220,56,246,248,120,176,N\A
1,2009/12/27,14174,65,106,31,0,2,255,255,246,248,17,0,N\A
1,2010/01/01,14325,0,113,90,13743,65,224,90,246,248,12,66,N\A
1,2010/01/09,14273,0,105,21,13964,0,226,112,246,248,160,32,N\A
1,2010/01/17,0,2,255,255,13805,0,221,61,246,248,0,192,N\A
1,2010/01/25,14393,0,111,74,13894,0,222,74,246,248,72,72,N\A
1,2010/02/02,14393,0,102,4,13894,0,213,3,247,248,2,4,N\A
1,2010/02/10,14456,0,109,61,13986,65,219,49,246,248,248,217,N\A
1,2010/02/18,14483,0,110,70,13939,0,221,65,246,248,145,17,N\A
1,2010/02/26,14065,65,107,51,13987,0,224,91,246,248,68,164,N\A
1,2010/03/06,14376,0,111,81,13907,0,219,47,246,248,170,230,N\A
1,2010/03/14,14595,0,110,66,13937,0,220,62,246,248,63,51,N\A
1,2010/03/22,14602,0,109,58,14020,0,219,52,246,248,55,247,N\A
1,2010/03/30,14454,65,105,24,13747,0,226,112,247,248,135,32,N\A
1,2010/04/07,14727,0,109,59,14035,0,217,35,246,248,135,47,N\A
1,2010/04/15,14927,0,109,59,14050,0,220,54,246,248,10,85,N\A
1,2010/04/23,14803,0,109,63,14119,0,218,42,246,248,207,239,N\A
1,2010/05/01,14886,0,108,48,14159,0,221,65,246,248,255,127,N\A
1,2010/05/09,14837,0,110,69,14138,0,219,48,246,248,124,253,N\A
1,2010/05/17,15002,0,109,62,13981,65,219,51,246,248,106,56,N\A
1,2010/05/25,14897,0,112,79,14138,0,221,67,246,248,24,113,N\A
1,2010/06/02,15354,0,111,73,14474,0,223,80,246,248,120,49,N\A
1,2010/06/10,15500,0,109,62,14396,0,219,52,246,248,127,255,N\A
1,2010/06/18,15443,0,108,54,14253,0,217,40,246,248,119,31,N\A
1,2010/06/26,15696,0,109,59,14615,0,220,62,246,248,127,126,N\A
1,2010/07/04,15614,0,108,48,14560,0,219,54,246,248,255,255,N\A
1,2010/07/12,15762,0,110,65,14675,0,219,52,246,248,255,255,N\A
1,2010/07/20,15550,0,108,48,14544,0,219,54,246,248,255,255,N\A
1,2010/07/28,15659,0,110,65,14510,0,219,52,246,248,255,255,N\A
1,2010/08/05,15466,0,108,48,14460,0,221,69,246,248,255,255,N\A
1,2010/08/13,15610,0,110,65,14503,0,219,52,246,248,255,255,N\A
1,2010/08/21,15724,0,109,60,14556,0,221,69,246,248,126,255,N\A
1,2010/08/29,15691,0,111,74,14500,0,219,52,246,248,253,255,N\A
1,2010/09/06,15512,0,109,62,14394,0,219,54,246,248,123,255,N\A
1,2010/09/14,15366,0,108,49,14370,0,219,52,246,248,215,255,N\A
1,2010/09/22,15476,0,108,48,14514,0,219,49,246,248,255,254,N\A
1,2010/09/30,15233,0,108,49,14396,65,217,37,246,248,215,149,N\A
1,2010/10/08,15443,0,111,72,14440,0,221,69,246,248,252,255,N\A
1,2010/10/16,14978,0,109,59,14305,0,219,53,246,248,88,57,N\A
1,2010/10/24,14722,0,108,50,14001,0,225,94,246,248,158,12,N\A
1,2010/11/01,14778,0,110,72,14221,0,219,52,246,248,191,31,N\A
1,2010/11/09,14464,0,108,54,14018,0,222,78,246,248,254,253,N\A
1,2010/11/17,14394,0,108,59,13928,0,217,35,246,248,131,131,N\A
1,2010/11/25,14182,0,110,75,13699,0,218,43,246,248,81,219,N\A
1,2010/12/03,14497,0,112,79,13973,0,217,32,246,248,24,32,N\A
1,2010/12/11,14313,0,109,56,13766,0,226,112,246,248,51,32,N\A
1,2010/12/19,14173,0,111,73,13738,65,228,123,246,248,48,20,N\A
1,2010/12/27,14134,0,106,28,13648,0,224,82,246,248,9,24,N\A
1,2011/01/01,14180,0,107,43,13775,0,216,30,247,248,24,56,N\A
1,2011/01/09,14193,65,108,47,13798,65,222,74,246,248,64,114,N\A
1,2011/01/17,14371,0,107,45,13908,0,219,51,246,248,184,248,N\A
1,2011/01/25,14325,0,112,84,13824,0,222,75,246,248,135,195,N\A
1,2011/02/02,14400,0,109,62,13908,0,220,61,246,248,251,255,N\A
1,2011/02/10,14476,0,110,67,13860,0,218,49,246,248,71,31,N\A
1,2011/02/18,14211,0,106,40,13758,0,219,58,247,248,22,52,N\A
1,2011/02/26,14348,0,110,67,13809,0,219,52,246,248,111,78,N\A
1,2011/03/06,14437,0,110,64,13994,0,218,46,247,248,100,88,N\A
1,2011/03/14,14407,0,103,8,13956,65,223,86,246,248,8,8,N\A
1,2011/03/22,14557,0,107,33,13735,0,220,61,246,248,129,169,N\A
1,2011/03/30,14840,0,109,64,14191,0,220,59,246,248,247,246,N\A
1,2011/04/07,14696,0,109,56,13952,0,218,47,246,248,41,124,N\A
1,2011/04/15,14834,0,105,20,14100,0,218,40,246,248,2,23,N\A
1,2011/04/23,14864,0,109,60,14104,0,220,62,246,248,248,240,N\A
1,2011/05/01,15210,0,108,50,14218,0,218,45,246,248,127,127,N\A
1,2011/05/09,15120,0,107,46,14120,0,222,74,246,248,31,63,N\A
1,2011/05/17,15127,0,110,72,14220,0,217,36,246,248,156,252,N\A
1,2011/05/25,14927,0,112,81,14038,0,214,13,246,248,178,42,N\A
1,2011/06/02,15133,0,113,95,14197,0,222,73,246,248,224,227,N\A
1,2011/06/10,15389,0,109,56,14419,0,220,61,246,248,255,255,N\A
1,2011/06/18,15640,0,108,50,14571,0,219,52,246,248,254,253,N\A
1,2011/06/26,15639,0,109,58,14485,0,220,60,246,248,243,119,N\A
1,2011/07/04,15706,0,109,58,14622,0,218,46,246,248,255,254,N\A
1,2011/07/12,15429,0,109,56,14373,0,220,61,246,248,255,255,N\A
1,2011/07/20,15684,0,109,58,14582,0,218,44,246,248,255,255,N\A
1,2011/07/28,15623,0,109,56,14577,0,220,61,246,248,255,255,N\A
1,2011/08/05,15654,0,108,50,14542,0,218,44,246,248,127,255,N\A
1,2011/08/13,15696,0,109,56,14491,0,219,54,246,248,255,254,N\A
1,2011/08/21,15665,0,109,58,14566,0,220,59,246,248,255,255,N\A
1,2011/08/29,15631,0,109,56,14547,0,220,61,246,248,255,255,N\A
1,2011/09/06,15629,0,110,66,14521,0,223,82,246,248,223,107,N\A
1,2011/09/14,15548,0,109,56,14461,0,219,54,246,248,255,254,N\A
1,2011/09/22,15571,0,109,60,14489,0,219,55,246,248,243,247,N\A
1,2011/09/30,15091,0,108,45,14253,0,221,72,246,248,135,143,N\A
1,2011/10/08,14950,0,107,43,14296,0,223,81,246,248,123,99,N\A
1,2011/10/16,14991,0,109,56,14357,0,219,54,246,248,255,254,N\A
1,2011/10/24,14855,0,108,51,14171,0,220,60,246,248,254,255,N\A
1,2011/11/01,14702,0,108,45,13958,0,222,80,246,248,135,215,N\A
1,2011/11/09,14544,0,112,83,13898,0,221,64,246,248,227,199,N\A
1,2011/11/17,14402,0,106,37,13919,0,219,57,246,248,61,33,N\A
1,2011/11/25,14414,0,112,83,13924,65,220,58,246,248,227,214,N\A
1,2011/12/03,14394,0,110,67,13657,0,220,62,246,248,111,255,N\A
1,2011/12/11,14314,0,111,81,13708,0,221,61,246,248,253,237,N\A
1,2011/12/19,14253,0,109,57,13632,0,220,62,246,248,237,255,N\A
1,2011/12/27,14357,0,110,65,13798,65,219,45,246,248,3,13,N\A
1,2012/01/01,14419,0,111,78,13797,0,220,58,246,248,125,239,N\A
1,2012/01/09,14445,0,110,65,13731,0,220,59,246,248,255,127,N\A
1,2012/01/17,14300,65,108,48,13674,65,223,87,246,248,2,169,N\A
1,2012/01/25,14378,0,109,57,13746,0,221,69,246,248,121,90,N\A
1,2012/02/02,14496,0,107,46,13877,0,222,75,246,248,207,158,N\A
1,2012/02/10,14436,0,108,50,13858,0,223,85,246,248,241,197,N\A
1,2012/02/18,14455,0,107,45,13909,0,218,43,246,248,194,99,N\A
1,2012/02/26,14563,0,109,58,13827,0,222,71,246,248,225,229,N\A
1,2012/03/05,14766,0,113,92,13926,0,220,59,246,248,29,125,N\A
1,2012/03/13,0,2,255,255,0,2,255,255,0,0,0,0,N\A
1,2012/03/21,14683,0,108,58,13849,65,224,96,246,248,5,32,N\A
1,2012/03/29,14602,0,111,77,13960,0,227,116,246,248,202,17,N\A
1,2012/04/06,14562,0,108,54,13898,0,223,75,247,248,7,7,N\A
1,2012/04/14,15023,0,110,66,14145,0,220,58,246,248,230,227,N\A
1,2012/04/22,14938,0,107,43,14317,0,221,69,247,248,229,231,N\A
1,2012/04/30,15061,0,110,65,14152,0,219,56,246,248,231,247,N\A
1,2012/05/08,15220,0,108,52,14357,0,219,53,246,248,247,255,N\A
1,2012/05/16,15365,0,110,65,14346,0,218,48,246,248,255,191,N\A
1,2012/05/24,15263,0,106,38,14253,0,222,72,246,248,249,251,N\A
1,2012/06/01,15570,0,110,64,14416,0,218,44,246,248,231,239,N\A
1,2012/06/09,15671,0,108,49,14494,0,221,68,246,248,255,255,N\A
1,2012/06/17,15687,0,110,67,14438,0,221,68,246,248,183,255,N\A
1,2012/06/25,15541,0,108,49,14407,0,220,59,246,248,255,191,N\A
1,2012/07/03,15839,0,110,65,14561,0,219,53,246,248,255,255,N\A
1,2012/07/11,15716,0,108,55,14525,0,221,68,246,248,127,255,N\A
1,2012/07/19,15805,0,110,73,14573,0,219,52,246,248,238,238,N\A
1,2012/07/27,15844,0,108,56,14620,0,219,53,246,248,254,255,N\A
1,2012/08/04,15794,0,109,60,14564,0,218,47,246,248,223,189,N\A
1,2012/08/12,15715,0,106,32,14751,0,220,56,246,248,187,53,N\A
1,2012/08/20,15655,0,110,65,14521,0,219,53,246,248,255,255,N\A
1,2012/08/28,15636,0,108,49,14466,0,219,53,246,248,255,255,N\A
1,2012/09/05,15555,0,109,57,14489,0,219,53,246,248,253,253,N\A
1,2012/09/13,15516,0,108,49,14499,0,220,57,246,248,255,239,N\A
1,2012/09/21,15530,0,110,69,14463,0,219,53,246,248,251,253,N\A
1,2012/09/29,15540,0,108,51,14466,0,221,68,246,248,63,255,N\A
1,2012/10/07,15152,0,110,67,14218,0,219,53,246,248,207,199,N\A
1,2012/10/15,15261,0,111,71,14351,0,220,58,246,248,63,125,N\A
1,2012/10/23,14895,65,109,56,14203,0,218,49,246,248,252,248,N\A
1,2012/10/31,14832,0,109,57,14255,0,219,49,246,248,252,244,N\A
1,2012/11/08,14618,0,108,48,13889,0,219,50,246,248,120,125,N\A
1,2012/11/16,14476,65,106,38,14080,0,215,18,246,248,200,80,N\A
1,2012/11/24,14570,0,111,72,13933,0,219,51,246,248,7,15,N\A
1,2012/12/02,14280,0,110,64,13934,0,213,6,246,248,195,66,N\A
1,2012/12/10,14469,0,113,90,13836,0,218,42,246,248,3,59,N\A
1,2012/12/18,14222,65,109,65,13716,0,219,50,246,248,69,86,N\A
1,2012/12/26,14174,0,109,56,13775,0,218,35,246,248,48,34,N\A
1,2013/01/01,14177,0,105,28,13749,0,217,37,246,248,143,95,N\A
1,2013/01/09,14078,0,109,63,13585,65,220,55,246,248,254,252,N\A
1,2013/01/17,14345,0,107,45,13760,0,222,72,246,248,63,63,N\A
1,2013/01/25,14410,0,111,80,13880,0,222,70,246,248,236,228,N\A
1,2013/02/02,14349,65,109,60,13869,0,222,71,246,248,214,245,N\A
1,2013/02/10,14533,0,110,72,13882,0,219,52,246,248,191,255,N\A
1,2013/02/18,14363,0,108,55,13807,0,219,52,246,248,220,201,N\A
1,2013/02/26,14641,0,112,84,13958,0,222,72,246,248,207,223,N\A
1,2013/03/06,14582,0,106,38,13895,0,219,46,246,248,236,114,N\A
1,2013/03/14,14672,65,111,82,14062,0,220,58,247,248,1,28,N\A
1,2013/03/22,14738,0,107,40,13979,0,223,82,246,248,183,175,N\A
1,2013/03/30,14698,65,111,77,14188,0,219,46,246,248,23,185,N\A
1,2013/04/07,14866,0,107,41,14134,0,221,67,246,248,191,189,N\A
1,2013/04/15,15095,0,109,63,14157,0,219,52,246,248,254,255,N\A
1,2013/04/23,15256,0,107,41,14307,0,219,54,246,248,191,255,N\A
1,2013/05/01,15461,0,109,60,14391,0,219,52,247,248,31,31,N\A
1,2013/05/09,15499,0,108,53,14391,0,221,68,246,248,127,183,N\A
1,2013/05/17,15452,0,110,65,14272,0,219,52,246,248,255,255,N\A
1,2013/05/25,15490,0,108,52,14298,0,221,65,246,248,249,231,N\A
1,2013/06/02,15760,0,110,65,14548,0,219,52,246,248,255,255,N\A
1,2013/06/10,15650,0,108,54,14419,0,219,49,246,248,254,254,N\A
1,2013/06/18,15694,0,109,60,14432,0,219,49,246,248,31,63,N\A
1,2013/06/26,15942,0,108,48,14787,0,219,53,246,248,255,190,N\A
1,2013/07/04,15923,0,110,65,14714,0,220,57,246,248,255,127,N\A
1,2013/07/12,15769,0,108,48,14528,0,221,69,246,248,255,255,N\A
1,2013/07/20,15857,0,109,65,14641,0,219,46,246,248,179,159,N\A
1,2013/07/28,15635,0,108,48,14500,0,221,69,246,248,255,255,N\A
1,2013/08/05,15599,0,110,65,14453,0,219,52,246,248,255,255,N\A
1,2013/08/13,15816,0,108,51,14575,0,219,52,246,248,223,63,N\A
1,2013/08/21,15634,0,110,66,14478,0,220,57,246,248,255,127,N\A
1,2013/08/29,15592,0,106,37,14548,0,218,47,246,248,231,207,N\A
1,2013/09/06,15694,0,109,59,14562,0,219,52,246,248,223,255,N\A
1,2013/09/14,15460,0,108,53,14463,0,219,54,246,248,127,255,N\A
1,2013/09/22,15231,0,110,65,14275,0,218,42,246,248,255,239,N\A
1,2013/09/30,15244,0,108,54,14312,0,219,52,246,248,254,251,N\A
1,2013/10/08,15097,0,112,81,14164,0,220,58,246,248,255,246,N\A
1,2013/10/16,15251,0,108,48,14242,0,221,69,246,248,255,255,N\A
1,2013/10/24,15004,0,111,77,14087,0,218,44,246,248,223,207,N\A
1,2013/11/01,14887,0,106,33,14061,0,221,68,246,248,171,183,N\A
1,2013/11/09,14871,0,111,72,14063,0,219,52,246,248,211,247,N\A
1,2013/11/17,14581,65,107,41,13927,0,222,80,246,248,193,225,N\A
1,2013/11/25,14488,0,109,58,13985,0,220,60,246,248,213,243,N\A
1,2013/12/03,14055,0,110,68,13505,65,219,51,246,248,230,238,N\A
1,2013/12/11,14405,0,113,89,13687,0,222,76,246,248,63,122,N\A
1,2013/12/19,14444,0,110,72,13762,0,218,39,246,248,254,222,N\A
1,2013/12/27,14312,0,114,97,13749,0,217,36,247,248,15,15,N\A
2,2000/03/05,14763,0,111,59,13922,0,216,7,246,248,128,160,N\A
2,2000/03/13,14555,0,111,61,14089,0,223,61,246,248,183,254,N\A
2,2000/03/21,14772,0,112,65,13993,0,220,38,246,248,63,51,N\A
2,2000/03/29,15068,0,110,49,14186,0,222,53,246,248,254,253,N\A
2,2000/04/06,14994,0,112,61,14107,0,221,48,246,248,159,63,N\A
2,2000/04/14,14772,0,112,64,14023,0,229,118,246,248,193,2,N\A
2,2000/04/22,14996,0,113,68,14062,0,219,37,246,248,22,31,N\A
2,2000/04/30,15215,0,115,86,14185,0,222,56,246,248,29,94,N\A
2,2000/05/08,14891,0,117,109,14053,0,221,50,246,248,10,122,N\A
2,2000/05/16,15333,0,111,56,14481,0,221,49,246,248,126,124,N\A
2,2000/05/24,15438,0,111,58,14303,0,223,66,246,248,254,214,N\A
2,2000/06/01,15567,0,112,66,14315,0,223,67,246,248,127,111,N\A
2,2000/06/09,15589,0,110,49,14548,0,221,49,246,248,119,247,N\A
2,2000/06/17,15672,0,110,53,14546,0,223,60,246,248,239,255,N\A
2,2000/06/25,15726,0,111,61,14506,0,219,36,246,248,251,251,N\A
2,2000/07/03,15543,0,111,58,14341,0,223,61,246,248,255,255,N\A
2,2000/07/11,15707,0,111,57,14400,0,221,52,246,248,255,221,N\A
2,2000/07/19,15828,0,111,58,14516,0,223,60,246,248,255,255,N\A
2,2000/07/27,15848,0,112,70,14624,0,223,61,246,248,223,255,N\A
2,2000/08/04,15654,0,118,120,14614,0,226,85,246,248,1,3,N\A
2,2000/08/12,15795,0,111,60,14342,0,215,3,246,248,2,2,N\A
2,2000/08/20,15630,0,110,50,14467,0,223,61,246,248,175,255,N\A
2,2000/08/28,15318,0,114,81,14341,65,216,9,246,248,225,137,N\A
2,2000/09/05,15613,0,111,59,14394,0,223,61,246,248,255,255,N\A
2,2000/09/13,15674,0,111,59,14552,0,220,43,246,248,254,250,N\A
2,2000/09/21,15391,0,111,61,14389,0,221,43,246,248,253,93,N\A
2,2000/09/29,15414,0,111,57,14370,0,221,46,246,248,255,255,N\A
2,2000/10/07,15048,0,111,58,14210,0,222,53,246,248,195,71,N\A
2,2000/10/15,14965,0,110,50,14167,0,221,49,246,248,247,247,N\A
2,2000/10/23,14961,0,114,84,13990,0,226,92,246,248,19,11,N\A
2,2000/10/31,14603,0,110,48,13997,0,225,76,246,248,253,185,N\A
2,2000/11/08,14396,0,108,38,13801,0,223,65,246,248,154,185,N\A
2,2000/11/16,14474,0,111,62,13730,0,220,41,246,248,31,231,N\A
2,2000/11/24,14203,0,108,36,13837,0,223,63,246,248,192,66,N\A
2,2000/12/02,14183,65,110,55,13865,0,223,65,246,248,67,147,N\A
2,2000/12/10,14315,65,110,60,0,2,255,255,246,248,196,0,N\A
2,2000/12/18,14374,0,111,61,13765,0,221,53,246,248,31,149,N\A
2,2000/12/26,14231,0,112,70,13759,0,224,69,246,248,61,63,N\A
2,2001/01/01,14378,0,111,63,13795,0,220,37,246,248,125,61,N\A
2,2001/01/09,14214,0,110,54,13674,0,219,35,246,248,248,210,N\A
2,2001/01/17,14357,0,112,67,13714,0,223,64,246,248,49,89,N\A
2,2001/01/25,14218,0,114,84,13718,0,225,82,246,248,76,232,N\A
2,2001/02/02,14395,0,112,70,13890,65,221,54,246,248,108,95,N\A
2,2001/02/10,14422,0,112,65,13813,0,227,105,246,248,120,32,N\A
2,2001/02/18,14419,65,114,93,14060,65,222,53,246,248,160,10,N\A
2,2001/02/26,14577,0,115,90,13757,0,223,70,246,248,6,46,N\A
2,2001/03/06,14661,0,109,45,13948,0,221,57,246,248,242,248,N\A
2,2001/03/14,14752,0,110,50,14094,0,222,69,246,248,189,187,N\A
2,2001/03/22,14867,0,112,67,14103,0,221,53,246,248,247,178,N\A
2,2001/03/30,14883,0,111,66,14013,0,222,65,246,248,83,239,N\A
2,2001/04/07,14604,0,112,72,13838,0,220,43,246,248,236,232,N\A
2,2001/04/15,14722,0,109,43,14037,0,222,67,246,248,141,143,N\A
2,2001/04/23,15012,0,109,52,14227,0,219,37,246,248,223,183,N\A
2,2001/05/01,15294,0,110,57,14305,0,222,61,246,248,255,255,N\A
2,2001/05/09,15611,0,109,51,14398,0,221,55,246,248,135,39,N\A
2,2001/05/17,15618,0,109,52,14484,0,221,55,246,248,191,223,N\A
2,2001/05/25,15667,0,110,58,14406,0,222,60,246,248,255,255,N\A
2,2001/06/02,15652,0,110,57,14341,0,221,59,246,248,255,254,N\A
2,2001/06/10,15622,0,109,48,14386,0,219,45,246,248,30,31,N\A
2,2001/06/26,0,2,255,255,0,2,255,255,0,0,0,0,N\A
2,2001/07/04,15754,0,110,58,14559,0,220,47,246,248,242,212,N\A
2,2001/07/12,15645,0,110,58,14419,0,220,45,246,248,255,255,N\A
2,2001/07/20,15693,0,109,57,14489,0,222,62,246,248,253,255,N\A
2,2001/07/28,15751,0,110,60,14499,0,220,45,246,248,251,255,N\A
2,2001/08/05,15751,0,110,58,14512,0,222,62,246,248,255,255,N\A
2,2001/08/13,15800,0,110,59,14514,0,220,45,246,248,255,255,N\A
2,2001/08/21,15833,0,109,56,14553,0,220,50,246,248,250,246,N\A
2,2001/08/29,15774,0,111,66,14544,0,220,45,246,248,253,255,N\A
2,2001/09/06,15448,0,110,62,14378,0,222,61,246,248,223,255,N\A
2,2001/09/14,15524,0,110,58,14418,0,219,44,246,248,255,255,N\A
2,2001/09/22,15251,0,108,48,14323,0,220,53,246,248,251,247,N\A
2,2001/09/30,15367,0,110,58,14427,0,222,65,246,248,255,223,N\A
2,2001/10/08,15265,0,113,89,14256,0,221,61,246,248,119,255,N\A
2,2001/10/16,15115,0,110,64,14228,0,218,42,246,248,229,253,N\A
2,2001/10/24,14967,65,113,85,14130,0,223,82,246,248,151,13,N\A
2,2001/11/01,14829,0,112,80,14112,0,220,55,246,248,239,219,N\A
2,2001/11/09,14685,65,106,28,14122,0,221,67,246,248,35,163,N\A
2,2001/11/17,14391,65,101,0,14049,0,218,42,247,248,2,79,N\A
2,2001/11/25,14335,0,114,90,13745,0,220,53,246,248,6,4,N\A
2,2001/12/03,14195,0,112,79,13920,0,222,71,246,248,146,210,N\A
2,2001/12/11,14192,0,115,104,13763,0,223,89,246,248,23,161,N\A
2,2001/12/19,14253,65,109,59,13802,0,221,60,246,248,52,96,N\A
2,2001/12/27,0,2,255,255,13779,65,227,118,246,248,0,8,N\A
2,2002/01/01,0,2,255,255,13936,0,218,36,247,248,0,24,N\A
2,2002/01/09,14272,0,110,68,13821,0,221,62,246,248,134,230,N\A
2,2002/01/17,14191,0,108,53,13685,0,222,70,246,248,231,255,N\A
2,2002/01/25,14170,0,112,82,13607,0,218,41,246,248,240,184,N\A
2,2002/02/02,14404,0,107,48,13788,0,221,65,246,248,223,159,N\A
2,2002/02/10,14553,0,109,64,13931,0,219,41,246,248,23,45,N\A
2,2002/02/18,14444,65,108,54,14075,0,222,69,246,248,236,248,N\A
2,2002/02/26,14638,0,110,69,14001,0,220,55,246,248,252,127,N\A
2,2002/03/06,14407,0,105,19,13778,65,216,31,246,248,132,44,N\A
2,2002/03/14,14570,0,111,80,13790,0,217,34,246,248,17,23,N\A
2,2002/03/22,14979,0,106,28,14196,0,226,112,246,248,1,1,N\A
2,2002/03/30,14994,0,108,50,14301,0,218,42,246,248,15,31,N\A
2,2002/04/07,14915,0,109,58,14243,0,221,65,246,248,123,225,N\A
2,2002/04/15,15013,0,112,82,13977,0,220,61,246,248,120,121,N\A
2,2002/04/23,14878,65,105,19,14149,0,222,78,246,248,133,131,N\A
2,2002/05/01,15040,0,110,66,14128,0,220,56,246,248,255,254,N\A
2,2002/05/09,15240,0,107,45,14190,0,219,53,246,248,247,239,N\A
2,2002/05/17,15229,0,111,77,14194,0,220,56,246,248,227,231,N\A
2,2002/05/25,15430,0,109,64,14418,0,220,55,246,248,114,255,N\A
2,2002/06/02,15557,0,110,66,14468,0,220,52,246,248,255,255,N\A
2,2002/06/10,15610,0,108,48,14392,0,220,54,246,248,255,255,N\A
2,2002/06/18,15645,0,110,66,14458,0,220,52,246,248,255,255,N\A
2,2002/06/26,15735,0,108,51,14573,0,220,54,246,248,127,255,N\A
2,2002/07/04,15864,0,109,60,14607,0,220,52,246,248,127,255,N\A
2,2002/07/12,15762,0,108,53,14531,0,219,52,246,248,231,252,N\A
2,2002/07/20,15756,0,110,74,14521,0,220,52,246,248,253,255,N\A
2,2002/07/28,15526,0,108,48,14512,0,220,61,246,248,255,247,N\A
2,2002/08/05,15808,0,110,66,14492,0,220,52,246,248,255,255,N\A
2,2002/08/13,15637,0,108,55,14515,0,220,54,246,248,239,255,N\A
2,2002/08/21,15604,0,110,66,14413,0,218,42,246,248,255,191,N\A
2,2002/08/29,15634,0,108,48,14542,0,220,54,246,248,255,255,N\A
2,2002/09/06,15582,0,110,66,14411,0,220,56,246,248,255,254,N\A
2,2002/09/14,15587,0,107,45,14438,0,220,54,246,248,247,255,N\A
2,2002/09/22,15697,0,108,53,14459,0,220,55,246,248,31,127,N\A
2,2002/09/30,15319,0,108,52,14301,0,219,53,246,248,254,239,N\A
2,2002/10/08,15357,0,111,73,14302,0,219,47,246,248,243,187,N\A
2,2002/10/16,15035,0,111,79,14073,0,219,46,246,248,123,127,N\A
2,2002/10/24,14902,0,110,73,14032,0,222,72,246,248,253,249,N\A
2,2002/11/01,14741,0,109,60,13933,0,218,39,246,248,91,59,N\A
2,2002/11/09,14436,65,111,81,14122,0,220,52,246,248,21,32,N\A
2,2002/11/17,14517,65,106,33,13994,0,220,54,246,248,13,95,N\A
2,2002/11/25,14478,0,109,58,13924,0,219,46,246,248,223,190,N\A
2,2002/12/03,14508,0,111,80,13918,0,220,60,246,248,19,179,N\A
2,2002/12/11,14222,65,109,59,13747,65,218,33,246,248,3,128,N\A
2,2002/12/19,14083,65,106,36,13741,0,220,59,246,248,24,25,N\A
2,2002/12/27,0,2,255,255,0,2,255,255,0,0,0,0,N\A
2,2003/01/01,14270,65,112,83,13852,0,219,48,246,248,13,97,N\A
2,2003/01/09,14348,0,114,94,13837,65,218,42,246,248,192,164,N\A
2,2003/01/17,0,2,255,255,13877,0,220,52,246,248,0,1,N\A
2,2003/01/25,14317,0,104,14,13875,0,217,33,246,248,16,57,N\A
2,2003/02/02,14396,0,109,58,13781,0,220,57,246,248,255,223,N\A
2,2003/02/10,14292,0,105,26,13756,0,219,56,246,248,65,5,N\A
2,2003/02/18,14488,0,110,70,13877,0,220,59,246,248,61,61,N\A
2,2003/02/26,14503,0,110,66,13856,0,218,44,246,248,220,181,N\A
2,2003/03/06,14656,0,112,80,14022,0,220,54,246,248,207,247,N\A
2,2003/03/14,14487,0,112,83,13928,0,220,56,246,248,250,180,N\A
2,2003/03/22,14613,0,107,42,14037,0,219,49,246,248,236,77,N\A
2,2003/03/30,14592,0,105,22,14019,0,219,48,246,248,81,91,N\A
2,2003/04/07,14807,0,109,60,14163,0,223,85,246,248,11,14,N\A
2,2003/04/15,14606,65,109,58,13953,0,219,52,246,248,152,185,N\A
2,2003/04/23,14673,0,106,37,14033,65,222,73,246,248,152,137,N\A
2,2003/05/01,14587,0,104,14,14059,0,224,96,246,248,16,16,N\A
2,2003/05/09,14864,0,110,66,14128,0,221,61,246,248,127,254,N\A
2,2003/05/17,15249,0,109,57,14325,0,218,46,246,248,255,255,N\A
2,2003/05/25,15377,0,107,49,14354,0,221,61,246,248,254,254,N\A
2,2003/06/02,15434,0,109,57,14454,0,218,46,246,248,255,255,N\A
2,2003/06/10,15370,0,109,58,14282,0,221,60,246,248,255,255,N\A
2,2003/06/18,15492,0,109,58,14385,0,218,46,246,248,254,255,N\A
2,2003/06/26,15782,0,109,58,14535,0,220,60,246,248,255,255,N\A
2,2003/07/04,15791,0,109,56,14494,0,218,45,246,248,255,255,N\A
2,2003/07/12,15782,0,109,57,14640,0,220,59,246,248,255,127,N\A
2,2003/07/20,15813,0,108,50,14689,0,218,50,246,248,247,228,N\A
2,2003/07/28,15422,65,110,75,14619,0,219,51,246,248,197,211,N\A
2,2003/08/05,15602,0,109,56,14414,0,220,61,246,248,255,255,N\A
2,2003/08/13,15647,0,107,48,14496,0,220,60,246,248,254,255,N\A
2,2003/08/21,15679,0,108,48,14465,0,220,62,246,248,252,220,N\A
2,2003/08/29,15650,0,109,64,14554,0,220,60,246,248,223,255,N\A
2,2003/09/06,15625,0,107,41,14469,0,219,55,246,248,241,239,N\A
2,2003/09/14,15557,0,109,57,14460,0,220,60,246,248,255,255,N\A
2,2003/09/22,15409,0,109,56,14424,0,220,61,246,248,255,255,N\A
2,2003/09/30,15266,0,108,50,14303,0,221,66,246,248,251,239,N\A
2,2003/10/08,15266,0,109,62,14142,0,218,46,246,248,239,255,N\A
2,2003/10/16,15265,0,109,63,14343,0,220,61,246,248,247,126,N\A
2,2003/10/24,15348,0,110,65,14345,0,219,52,246,248,63,127,N\A
2,2003/11/01,0,2,255,255,13895,0,223,85,246,248,0,171,N\A
2,2003/11/09,14587,0,109,64,13975,0,221,63,246,248,158,174,N\A
2,2003/11/17,14398,0,108,53,13870,0,220,53,246,248,114,118,N\A
2,2003/11/25,14419,0,111,75,13777,0,226,102,246,248,131,135,N\A
2,2003/12/03,14220,0,108,52,13795,0,219,48,246,248,48,96,N\A
2,2003/12/11,14201,0,109,59,13692,65,219,51,246,248,24,50,N\A
2,2003/12/19,13918,65,101,1,13798,65,221,66,247,248,2,2,N\A
2,2003/12/27,14189,0,108,49,13644,0,216,22,246,248,1,3,N\A
2,2004/01/01,14142,0,111,74,13778,65,218,45,246,248,28,14,N\A
2,2004/01/09,14209,65,106,37,13994,65,216,32,246,248,6,11,N\A
2,2004/01/17,14160,0,109,56,13795,0,223,85,246,248,112,112,N\A
2,2004/01/25,14205,0,108,56,13571,65,213,4,247,248,65,10,N\A
2,2004/02/02,14260,0,111,81,13772,0,222,74,246,248,236,216,N\A
2,2004/02/10,14447,0,107,49,13868,0,218,40,246,248,23,15,N\A
2,2004/02/18,14123,65,118,128,0,2,255,255,247,248,2,0,N\A
2,2004/02/26,14334,0,106,36,13858,0,219,48,246,248,6,198,N\A
2,2004/03/05,14815,0,109,64,14124,0,220,52,246,248,254,255,N\A
2,2004/03/13,14956,0,108,48,14268,0,220,54,246,248,255,255,N\A
2,2004/03/21,14837,0,109,63,14097,0,219,48,246,248,207,156,N\A
2,2004/03/29,14748,0,109,58,14084,0,221,69,246,248,124,255,N\A
2,2004/04/06,15005,0,110,65,14104,0,218,46,246,248,255,159,N\A
2,2004/04/14,14636,65,109,60,0,2,255,255,246,248,13,0,N\A
2,2004/04/22,15371,0,110,66,14355,0,219,52,246,248,255,255,N\A
2,2004/04/30,15432,0,107,41,14270,0,219,54,246,248,191,255,N\A
2,2004/05/08,15279,0,110,67,14220,0,219,52,246,248,251,255,N\A
2,2004/05/16,15338,0,110,64,14162,0,219,53,246,248,255,251,N\A
2,2004/05/24,15489,0,108,55,14305,0,218,42,246,248,103,239,N\A
2,2004/06/01,15642,0,110,66,14418,0,219,54,246,248,247,255,N\A
2,2004/06/09,15662,0,108,54,14456,0,219,50,246,248,95,190,N\A
2,2004/06/17,15601,0,108,53,14412,0,219,54,246,248,127,255,N\A
2,2004/06/25,15674,0,110,66,14443,0,219,55,246,248,255,215,N\A
2,2004/07/03,15636,0,108,48,14491,0,218,51,246,248,255,238,N\A
2,2004/07/11,15844,0,109,60,14512,0,218,44,246,248,223,191,N\A
2,2004/07/19,15786,0,108,49,14644,0,221,70,246,248,255,255,N\A
2,2004/07/27,15657,0,110,66,14460,0,219,52,246,248,255,255,N\A
2,2004/08/04,15770,0,108,48,14561,0,221,70,246,248,255,251,N\A
2,2004/08/12,15743,0,109,58,14583,0,218,43,246,248,243,239,N\A
2,2004/08/20,15552,0,108,55,14477,0,218,49,246,248,251,254,N\A
2,2004/08/28,15763,0,110,66,14551,0,219,57,246,248,255,127,N\A
2,2004/09/05,15825,0,108,49,14586,0,221,70,246,248,255,255,N\A
2,2004/09/13,15593,0,109,61,14393,0,220,61,246,248,31,95,N\A
2,2004/09/21,15451,0,108,49,14357,0,219,54,246,248,255,255,N\A
2,2004/09/29,15314,0,111,75,14299,0,219,52,246,248,253,247,N\A
2,2004/10/07,15327,0,110,71,14266,0,219,53,246,248,127,251,N\A
2,2004/10/15,14804,0,109,66,14165,0,221,67,246,248,193,199,N\A
2,2004/10/23,14618,65,111,77,14022,0,222,80,246,248,208,225,N\A
2,2004/10/31,14605,0,109,58,14012,0,217,41,246,248,247,231,N\A
2,2004/11/08,14427,65,115,115,14134,0,216,24,246,248,16,64,N\A
2,2004/11/16,14506,0,112,94,13828,0,221,70,246,248,161,242,N\A
2,2004/11/24,14276,0,107,41,13697,0,221,72,246,248,177,241,N\A
2,2004/12/02,14300,0,110,75,13672,0,216,30,246,248,139,7,N\A
2,2004/12/10,14385,65,105,24,13956,0,214,12,246,248,137,72,N\A
2,2004/12/18,14215,0,112,94,13760,0,217,41,246,248,161,231,N\A
2,2004/12/26,14055,65,106,28,0,2,255,255,246,248,32,0,N\A
2,2005/01/01,14212,0,115,111,0,2,255,255,246,248,33,0,N\A
2,2005/01/09,14223,0,110,71,13752,0,217,36,246,248,8,24,N\A
2,2005/01/17,0,2,255,255,13854,65,220,62,246,248,0,120,N\A
2,2005/01/25,14310,0,108,48,13866,0,219,59,246,248,240,176,N\A
2,2005/02/02,14331,0,108,57,13908,0,219,56,246,248,139,199,N\A
2,2005/02/10,14515,0,104,14,13891,65,225,105,246,248,5,1,N\A
2,2005/02/18,14462,0,112,87,14030,0,221,74,246,248,52,34,N\A
2,2005/02/26,14540,0,105,18,13947,0,223,87,246,248,132,169,N\A
2,2005/03/06,14778,0,109,60,14210,0,220,61,246,248,127,123,N\A
2,2005/03/14,14715,0,109,56,14065,0,222,80,246,248,3,135,N\A
2,2005/03/22,14448,65,107,46,13862,65,217,37,246,248,92,152,N\A
2,2005/03/30,14628,0,108,53,14092,0,219,53,246,248,199,206,N\A
2,2005/04/07,14586,0,110,69,14024,0,221,68,246,248,252,187,N\A
2,2005/04/15,14767,0,108,54,14027,0,222,79,246,248,251,247,N\A
2,2005/04/23,14725,0,109,60,14045,65,220,62,246,248,84,14,N\A
2,2005/05/01,14678,65,107,41,14087,0,219,52,246,248,7,6,N\A
2,2005/05/09,14946,0,110,66,14142,0,218,48,246,248,60,62,N\A
2,2005/05/17,15143,0,108,52,14282,0,223,85,246,248,248,240,N\A
2,2005/05/25,15252,0,111,75,14389,0,219,51,246,248,247,223,N\A
2,2005/06/02,15204,0,107,40,14229,0,220,63,246,248,63,127,N\A
2,2005/06/10,15312,0,110,70,14384,0,218,44,246,248,191,63,N\A
2,2005/06/18,15312,0,108,56,14310,0,218,47,246,248,126,254,N\A
2,2005/06/26,15564,0,110,66,14440,0,219,52,246,248,255,255,N\A
2,2005/07/04,15517,0,108,48,14499,0,221,70,246,248,255,255,N\A
2,2005/07/12,15816,0,110,66,14712,0,219,52,246,248,255,255,N\A
2,2005/07/20,15751,0,108,48,14643,0,222,77,246,248,255,253,N\A
2,2005/07/28,15770,0,110,66,14551,0,219,52,246,248,255,255,N\A
2,2005/08/05,15775,0,108,48,14578,0,221,70,246,248,255,239,N\A
2,2005/08/13,15482,0,111,78,14440,0,219,54,246,248,254,243,N\A
2,2005/08/21,15646,0,108,48,14540,0,219,54,246,248,255,255,N\A
2,2005/08/29,15569,0,110,66,14460,0,219,52,246,248,255,255,N\A
2,2005/09/06,15236,0,110,63,14240,0,221,69,246,248,255,255,N\A
2,2005/09/14,15311,0,110,66,14272,0,219,54,246,248,255,127,N\A
2,2005/09/22,15286,0,110,66,14331,0,219,55,246,248,252,222,N\A
2,2005/09/30,15207,0,110,66,14248,0,219,57,246,248,255,251,N\A
2,2005/10/08,15089,0,106,39,14249,0,217,36,246,248,191,126,N\A
2,2005/10/16,15020,0,112,82,14194,0,219,55,246,248,255,243,N\A
2,2005/10/24,14819,0,110,66,14025,0,223,87,246,248,203,197,N\A
2,2005/11/01,14722,0,109,60,13997,0,214,13,246,248,16,21,N\A
2,2005/11/09,14627,0,109,63,14058,0,219,54,246,248,235,246,N\A
2,2005/11/17,14844,0,109,61,14028,0,219,52,246,248,127,255,N\A
2,2005/11/25,14321,0,112,93,13761,0,217,38,246,248,2,14,N\A
2,2005/12/03,14320,0,112,85,13785,0,220,60,246,248,239,207,N\A
2,2005/12/11,14333,65,106,34,13766,0,218,50,246,248,13,45,N\A
2,2005/12/19,14402,65,112,85,0,2,255,255,246,248,144,0,N\A
2,2005/12/27,0,2,255,255,0,2,255,255,0,0,0,0,N\A
2,2006/01/01,14360,0,113,93,13890,0,212,2,246,248,232,129,N\A
2,2006/01/09,14352,0,111,80,13864,0,222,85,246,248,83,139,N\A
2,2006/01/17,14237,0,105,26,13809,0,221,69,246,248,212,236,N\A
2,2006/01/25,0,2,255,255,13902,0,216,30,246,248,0,65,N\A
2,2006/02/02,14532,0,110,72,13966,0,219,62,246,248,234,220,N\A
2,2006/02/10,14548,0,109,58,13940,0,219,52,246,248,123,119,N\A
2,2006/02/18,14434,0,109,58,13837,0,219,54,246,248,254,252,N\A
2,2006/02/26,14339,0,108,46,13890,0,219,55,246,248,72,73,N\A
2,2006/03/06,14383,0,106,28,13824,0,226,112,246,248,4,4,N\A
2,2006/03/14,14313,65,105,34,13778,0,222,74,246,248,176,50,N\A
2,2006/03/22,14438,0,110,70,13931,65,219,50,246,248,50,137,N\A
2,2006/03/30,14562,65,117,124,0,2,255,255,247,248,128,0,N\A
2,2006/04/07,14704,0,105,26,13857,65,229,127,247,248,65,128,N\A
2,2006/04/15,14768,0,110,73,14146,0,219,56,246,248,92,248,N\A
2,2006/04/23,14961,0,111,77,14380,0,218,47,246,248,248,240,N\A
2,2006/05/01,14955,0,109,57,14274,0,220,60,246,248,255,255,N\A
2,2006/05/09,15337,0,109,64,14346,0,220,59,246,248,191,191,N\A
2,2006/05/17,15333,0,111,76,14429,65,220,59,246,248,67,67,N\A
2,2006/05/25,15154,0,108,48,14218,0,219,53,246,248,253,251,N\A
2,2006/06/02,15439,0,107,45,14308,0,219,56,246,248,190,223,N\A
2,2006/06/10,15546,0,107,41,14338,0,219,54,246,248,241,251,N\A
2,2006/06/18,15776,0,109,57,14626,0,220,60,246,248,255,255,N\A
2,2006/06/26,15719,0,108,51,14597,0,219,54,246,248,249,251,N\A
2,2006/07/04,15729,0,107,49,14539,0,220,60,246,248,254,255,N\A
2,2006/07/12,15826,0,108,56,14590,0,221,69,246,248,127,127,N\A
2,2006/07/20,15929,0,109,63,14879,0,218,43,246,248,247,245,N\A
2,2006/07/28,15634,0,109,56,14531,0,217,36,246,248,255,251,N\A
2,2006/08/05,15594,0,109,58,14514,0,220,60,246,248,255,255,N\A
2,2006/08/13,15593,0,109,56,14446,0,218,46,246,248,255,255,N\A
2,2006/08/21,15537,0,108,52,14480,0,220,64,246,248,125,127,N\A
2,2006/08/29,15623,0,109,56,14498,0,221,68,246,248,255,223,N\A
2,2006/09/06,15511,0,109,57,14489,0,220,60,246,248,255,255,N\A
2,2006/09/14,15342,0,109,58,14318,0,220,61,246,248,254,255,N\A
2,2006/09/22,15404,0,109,57,14395,0,220,60,246,248,255,255,N\A
2,2006/09/30,14866,0,106,32,14153,0,219,53,247,248,192,225,N\A
2,2006/10/08,15039,0,111,72,14207,0,220,60,246,248,255,255,N\A
2,2006/10/16,15107,0,109,57,14158,0,219,51,246,248,254,254,N\A
2,2006/10/24,14969,0,111,73,14084,0,220,59,246,248,255,127,N\A
2,2006/11/01,14779,0,107,43,14158,0,216,28,247,248,96,232,N\A
2,2006/11/09,14595,0,113,96,14034,0,220,60,246,248,65,195,N\A
2,2006/11/17,14335,0,106,30,13946,0,221,70,246,248,196,135,N\A
2,2006/11/25,14327,0,109,61,13737,0,220,59,246,248,217,242,N\A
2,2006/12/03,14544,0,109,61,13836,0,221,68,246,248,31,63,N\A
2,2006/12/11,14117,0,106,36,13745,0,220,58,247,248,192,129,N\A
2,2006/12/19,14143,0,112,82,13570,0,228,123,246,248,3,1,N\A
2,2006/12/27,14184,0,107,37,13773,0,221,68,246,248,2,18,N\A
2,2007/01/01,14215,0,110,65,13705,0,220,62,246,248,245,243,N\A
2,2007/01/09,14148,0,111,74,13543,65,219,52,246,248,253,255,N\A
2,2007/01/17,14308,0,110,66,13680,0,218,48,246,248,247,234,N\A
2,2007/01/25,14508,0,110,73,13799,0,220,58,246,248,53,119,N\A
2,2007/02/02,14471,0,107,49,13809,0,219,50,246,248,23,23,N\A
2,2007/02/10,14617,0,110,65,13916,0,222,68,246,248,240,240,N\A
2,2007/02/18,14436,0,108,49,13894,0,221,61,246,248,42,79,N\A
2,2007/02/26,14370,0,110,66,13808,0,222,68,246,248,62,56,N\A
2,2007/03/06,14667,0,107,42,14159,0,220,54,246,248,177,195,N\A
2,2007/03/14,14839,0,112,87,14224,0,219,49,246,248,159,63,N\A
2,2007/03/22,14691,0,108,55,13884,0,220,64,246,248,246,233,N\A
2,2007/03/30,14842,0,109,63,14071,0,218,44,246,248,158,61,N\A
2,2007/04/07,14817,0,110,64,14025,0,217,29,246,248,111,76,N\A
2,2007/04/15,14670,65,111,82,14020,0,222,76,246,248,171,86,N\A
2,2007/04/23,14917,0,108,48,14240,0,219,54,246,248,255,255,N\A
2,2007/05/01,15148,0,110,67,14245,0,222,68,246,248,245,240,N\A
2,2007/05/09,15228,0,108,48,14232,0,219,54,246,248,255,255,N\A
2,2007/05/17,15450,0,111,74,14196,0,221,67,246,248,253,255,N\A
2,2007/05/25,15489,0,109,62,14277,0,221,69,246,248,123,255,N\A
2,2007/06/02,15566,0,110,67,14197,0,220,60,246,248,245,243,N\A
2,2007/06/10,15740,0,108,48,14501,0,219,54,246,248,255,255,N\A
2,2007/06/18,15762,0,112,81,14441,0,219,52,246,248,255,255,N\A
2,2007/06/26,15691,0,108,48,14442,0,219,54,246,248,255,255,N\A
2,2007/07/04,15838,0,110,72,14599,0,220,57,246,248,191,127,N\A
2,2007/07/12,15628,0,107,41,14496,0,219,49,246,248,191,254,N\A
2,2007/07/20,15708,0,109,62,14504,0,218,43,246,248,231,239,N\A
2,2007/07/28,15779,0,108,49,14582,0,220,54,246,248,255,255,N\A
2,2007/08/05,15667,0,111,75,14397,0,219,52,246,248,253,255,N\A
2,2007/08/13,15659,0,108,49,14464,0,220,54,246,248,255,255,N\A
2,2007/08/21,15718,0,110,66,14598,0,219,52,246,248,255,255,N\A
2,2007/08/29,15777,0,108,53,14685,0,220,54,246,248,249,255,N\A
2,2007/09/06,15491,0,111,75,14412,0,219,52,246,248,253,255,N\A
2,2007/09/14,15281,0,107,43,14258,0,222,70,246,248,159,255,N\A
2,2007/09/22,15399,0,112,84,14311,0,220,54,246,248,188,125,N\A
2,2007/09/30,15094,0,107,48,14120,0,219,54,246,248,221,255,N\A
2,2007/10/08,14987,0,110,66,14212,0,219,53,246,248,111,203,N\A
2,2007/10/16,14923,0,108,53,14057,0,219,58,246,248,234,232,N\A
2,2007/10/24,14999,0,108,55,14175,0,218,44,246,248,151,207,N\A
2,2007/11/01,14962,0,108,53,14115,0,219,54,246,248,127,255,N\A
2,2007/11/09,14824,0,111,76,14055,0,222,76,246,248,49,122,N\A
2,2007/11/17,14577,0,108,55,13960,0,220,60,246,248,251,253,N\A
2,2007/11/25,14407,0,111,76,13788,0,219,48,246,248,248,138,N\A
2,2007/12/03,14388,0,104,12,13757,0,218,48,246,248,129,98,N\A
2,2007/12/11,14232,0,110,70,13693,0,217,35,246,248,59,47,N\A
2,2007/12/19,14192,0,110,66,13733,0,219,57,246,248,242,109,N\A
2,2007/12/27,0,2,255,255,13567,0,221,65,246,248,0,17,N\A
2,2008/01/01,14118,65,114,109,13729,0,218,40,246,248,1,23,N\A
2,2008/01/09,14153,65,112,79,13727,0,224,85,246,248,192,192,N\A
2,2008/01/17,14329,0,110,74,13802,0,221,70,246,248,7,14,N\A
2,2008/01/25,14158,65,109,60,13702,65,226,102,246,248,136,48,N\A
2,2008/02/02,14296,0,111,77,13787,0,221,64,246,248,252,168,N\A
2,2008/02/10,14502,0,108,49,13906,0,219,54,246,248,253,254,N\A
2,2008/02/18,14578,0,114,109,13831,65,222,75,246,248,1,114,N\A
2,2008/02/26,14624,0,110,64,13966,0,220,58,246,248,207,125,N\A
2,2008/03/05,14717,0,111,79,13955,0,219,52,246,248,249,51,N\A
2,2008/03/13,14660,0,110,67,13929,0,218,47,246,248,250,124,N\A
2,2008/03/21,14833,0,109,59,13946,0,220,56,246,248,191,143,N\A
2,2008/03/29,14774,0,107,36,13880,0,221,68,246,248,164,244,N\A
2,2008/04/06,15101,0,108,53,14084,0,222,71,246,248,251,250,N\A
2,2008/04/14,15072,0,112,88,14010,0,220,61,246,248,250,255,N\A
2,2008/04/22,15225,0,108,51,14120,0,218,42,246,248,254,236,N\A
2,2008/04/30,15294,0,109,62,14110,0,219,54,246,248,251,254,N\A
2,2008/05/08,15465,0,110,68,14200,0,221,61,246,248,183,47,N\A
2,2008/05/16,15864,0,109,57,14482,0,223,77,246,248,47,255,N\A
2,2008/05/24,15276,65,109,65,14166,0,218,44,246,248,244,72,N\A
2,2008/06/01,15676,0,109,62,14332,0,220,62,246,248,251,246,N\A
2,2008/06/09,15835,0,109,58,14550,0,219,44,246,248,255,255,N\A
2,2008/06/17,15948,0,109,56,14523,0,220,62,246,248,255,255,N\A
2,2008/06/25,15607,0,109,58,14509,0,219,44,246,248,255,255,N\A
2,2008/07/03,15851,0,109,56,14679,0,220,62,246,248,255,255,N\A
2,2008/07/11,15685,0,109,65,14599,0,219,44,246,248,247,255,N\A
2,2008/07/19,15831,0,109,62,14543,0,220,62,246,248,251,255,N\A
2,2008/07/27,15804,0,109,58,14508,0,219,44,246,248,255,255,N\A
2,2008/08/04,15796,0,108,49,14503,0,220,57,246,248,253,251,N\A
2,2008/08/12,15911,0,109,58,14630,0,219,47,246,248,95,207,N\A
2,2008/08/20,15732,0,109,56,14586,0,220,62,246,248,255,255,N\A
2,2008/08/28,15767,0,109,58,14590,0,219,44,246,248,255,255,N\A
2,2008/09/05,15766,0,109,60,14519,0,220,62,246,248,231,255,N\A
2,2008/09/13,15371,0,109,60,14327,0,219,50,246,248,182,239,N\A
2,2008/09/21,15646,0,109,56,14418,0,220,62,246,248,255,255,N\A
2,2008/09/29,15482,0,112,85,14384,65,218,39,246,248,135,199,N\A
2,2008/10/07,15100,0,109,56,14137,0,220,62,246,248,255,255,N\A
2,2008/10/15,15161,0,109,61,14218,0,219,50,246,248,243,239,N\A
2,2008/10/23,15320,0,110,67,14280,0,221,62,246,248,111,95,N\A
2,2008/10/31,14722,0,112,81,14063,0,223,79,246,248,192,232,N\A
2,2008/11/08,14770,0,111,72,14057,0,222,78,246,248,224,205,N\A
2,2008/11/16,14739,0,110,66,14136,0,219,50,246,248,223,239,N\A
2,2008/11/24,14430,0,111,79,13945,0,226,102,246,248,226,225,N\A
2,2008/12/02,14243,0,109,62,13613,0,213,4,246,248,136,80,N\A
2,2008/12/10,14261,0,108,54,13676,0,224,87,246,248,175,247,N\A
2,2008/12/18,14155,0,114,109,13603,0,218,32,246,248,1,1,N\A
2,2008/12/26,14156,0,104,15,13783,0,217,30,247,248,21,56,N\A
2,2009/01/01,14132,0,105,21,13635,0,225,105,246,248,8,8,N\A
2,2009/01/09,14414,0,109,58,13870,0,219,52,246,248,254,254,N\A
2,2009/01/17,14573,0,111,72,13883,0,221,65,246,248,15,31,N\A
2,2009/01/25,14390,0,108,48,13825,0,220,54,246,248,252,252,N\A
2,2009/02/02,14464,0,113,94,13922,0,220,53,246,248,131,71,N\A
2,2009/02/10,14170,0,111,75,13691,0,212,0,246,248,9,1,N\A
2,2009/02/18,14419,65,111,75,13756,65,221,66,246,248,203,78,N\A
2,2009/02/26,14412,65,111,74,13965,0,218,42,246,248,131,166,N\A
2,2009/03/06,14536,0,107,49,13860,0,221,61,246,248,254,254,N\A
2,2009/03/14,14680,0,108,51,14068,0,221,65,246,248,120,217,N\A
2,2009/03/22,14659,0,109,58,14021,0,220,54,246,248,255,246,N\A
2,2009/03/30,14846,0,109,57,14003,0,216,26,246,248,255,235,N\A
2,2009/04/07,14598,0,105,34,14103,0,219,46,246,248,176,241,N\A
2,2009/04/15,15102,0,109,64,14215,0,221,61,246,248,191,255,N\A
2,2009/04/23,14945,0,110,67,13964,0,220,52,247,248,94,252,N\A
2,2009/05/01,14956,0,113,90,14288,0,217,30,246,248,224,224,N\A
2,2009/05/09,15165,0,108,53,14291,0,221,60,246,248,239,255,N\A
2,2009/05/17,15447,0,109,57,14388,0,217,36,246,248,255,251,N\A
2,2009/05/25,15550,0,111,75,14355,0,221,65,246,248,95,31,N\A
2,2009/06/02,15341,0,107,43,14301,0,217,29,247,248,96,203,N\A
2,2009/06/10,15375,0,110,72,14241,0,221,64,246,248,215,54,N\A
2,2009/06/18,15626,0,109,56,14472,0,218,45,246,248,255,255,N\A
2,2009/06/26,15813,0,108,52,14613,0,221,60,246,248,239,255,N\A
2,2009/07/04,15654,0,109,56,14394,0,220,61,246,248,255,255,N\A
2,2009/07/12,15974,0,107,48,14665,0,221,61,246,248,254,254,N\A
2,2009/07/20,15754,0,109,56,14552,0,220,61,246,248,255,255,N\A
2,2009/07/28,15542,0,109,57,14539,0,221,60,246,248,255,255,N\A
2,2009/08/05,15674,0,108,48,14527,0,218,46,246,248,253,253,N\A
2,2009/08/13,15658,0,109,57,14555,0,221,60,246,248,255,255,N\A
2,2009/08/21,15604,0,108,53,14522,0,217,36,246,248,223,251,N\A
2,2009/08/29,15740,0,109,61,14532,0,220,56,246,248,111,223,N\A
2,2009/09/06,15631,0,109,55,14441,0,218,44,246,248,189,183,N\A
2,2009/09/14,15583,0,109,62,14488,0,220,61,246,248,214,254,N\A
2,2009/09/22,15786,0,110,65,14608,0,219,51,246,248,63,127,N\A
2,2009/09/30,15127,0,107,41,14105,0,220,60,246,248,238,231,N\A
2,2009/10/08,15047,0,110,70,14131,0,219,51,246,248,143,79,N\A
2,2009/10/16,14820,0,108,55,14229,0,221,64,246,248,243,251,N\A
2,2009/10/24,14857,0,109,56,14090,0,218,49,246,248,255,247,N\A
2,2009/11/01,14905,0,112,84,14095,0,221,68,246,248,159,191,N\A
2,2009/11/09,14543,0,108,52,13825,0,217,38,246,248,248,241,N\A
2,2009/11/17,14453,0,110,72,13850,0,220,52,246,248,215,253,N\A
2,2009/11/25,14404,0,108,51,13845,0,217,38,246,248,249,243,N\A
2,2009/12/03,14199,0,109,59,13621,0,221,63,246,248,99,105,N\A
2,2009/12/11,14186,65,108,53,13771,0,212,3,247,248,72,128,N\A
2,2009/12/19,14183,0,108,48,13737,0,220,56,246,248,120,176,N\A
2,2009/12/27,14368,65,108,48,0,2,255,255,246,248,1,0,N\A
2,2010/01/01,14327,0,113,90,13726,65,222,76,246,248,12,2,N\A
2,2010/01/09,14291,0,105,21,13957,65,220,66,246,248,160,41,N\A
2,2010/01/17,0,2,255,255,13785,0,221,61,246,248,0,192,N\A
2,2010/01/25,14395,0,111,74,13876,0,222,74,246,248,72,72,N\A
2,2010/02/02,14394,0,102,4,13871,0,213,3,247,248,2,4,N\A
2,2010/02/10,14525,0,108,51,13955,0,219,50,246,248,184,217,N\A
2,2010/02/18,14473,0,110,70,13937,0,221,65,246,248,145,17,N\A
2,2010/02/26,14050,65,107,51,13958,0,223,81,247,248,68,132,N\A
2,2010/03/06,14480,0,109,68,13909,0,219,47,246,248,162,230,N\A
2,2010/03/14,14610,0,110,66,13946,0,223,84,246,248,63,177,N\A
2,2010/03/22,14596,0,107,46,13997,0,219,52,246,248,118,247,N\A
2,2010/03/30,14412,65,105,24,13746,0,226,112,246,248,135,32,N\A
2,2010/04/07,14717,0,109,59,13999,0,217,35,246,248,135,47,N\A
2,2010/04/15,14754,0,107,44,14125,0,221,64,246,248,138,21,N\A
2,2010/04/23,14800,0,109,63,14100,0,218,42,246,248,207,239,N\A
2,2010/05/01,14870,0,108,48,14127,0,221,65,246,248,255,127,N\A
2,2010/05/09,14785,0,111,77,14117,0,219,48,246,248,108,253,N\A
2,2010/05/17,15051,0,110,73,13941,0,215,21,246,248,74,24,N\A
2,2010/05/25,14852,0,112,79,14120,0,221,67,246,248,24,113,N\A
2,2010/06/02,15256,0,110,73,14445,0,223,80,246,248,122,49,N\A
2,2010/06/10,15429,0,110,66,14355,0,219,52,246,248,255,255,N\A
2,2010/06/18,15430,0,108,54,14305,0,217,40,246,248,119,31,N\A
2,2010/06/26,15674,0,109,59,14578,0,220,62,246,248,127,126,N\A
2,2010/07/04,15643,0,108,55,14525,0,219,54,246,248,251,255,N\A
2,2010/07/12,15755,0,110,65,14641,0,219,52,246,248,255,255,N\A
2,2010/07/20,15529,0,108,48,14509,0,219,54,246,248,255,255,N\A
2,2010/07/28,15630,0,110,65,14465,0,219,52,246,248,255,255,N\A
2,2010/08/05,15438,0,108,48,14414,0,221,69,246,248,255,255,N\A
2,2010/08/13,15592,0,110,65,14464,0,219,52,246,248,255,255,N\A
2,2010/08/21,15691,0,109,61,14509,0,221,69,246,248,126,255,N\A
2,2010/08/29,15569,0,110,65,14465,0,219,52,246,248,255,255,N\A
2,2010/09/06,15477,0,109,62,14363,0,219,54,246,248,123,255,N\A
2,2010/09/14,15341,0,108,49,14336,0,219,52,246,248,215,255,N\A
2,2010/09/22,15460,0,108,48,14520,0,219,49,246,248,255,254,N\A
2,2010/09/30,15270,0,108,52,14375,65,217,37,246,248,199,149,N\A
2,2010/10/08,15445,0,111,72,14426,0,221,69,246,248,252,255,N\A
2,2010/10/16,14975,0,109,59,14298,0,219,53,246,248,88,57,N\A
2,2010/10/24,14713,0,108,50,13961,0,225,94,246,248,158,12,N\A
2,2010/11/01,14786,0,110,72,14218,0,219,49,246,248,191,63,N\A
2,2010/11/09,14492,0,109,58,13999,0,222,78,246,248,222,253,N\A
2,2010/11/17,14413,0,108,60,13921,0,217,35,246,248,131,131,N\A
2,2010/11/25,14071,0,110,74,13686,0,218,43,246,248,83,219,N\A
2,2010/12/03,14503,0,112,79,13928,0,217,32,246,248,24,32,N\A
2,2010/12/11,14329,0,109,56,13757,0,226,112,246,248,51,32,N\A
2,2010/12/19,14141,0,111,73,13765,65,228,123,246,248,48,20,N\A
2,2010/12/27,14159,0,106,28,13622,0,228,123,246,248,9,8,N\A
2,2011/01/01,14193,0,107,43,13769,0,216,30,247,248,24,56,N\A
2,2011/01/09,14193,0,108,47,13791,65,222,75,246,248,64,114,N\A
2,2011/01/17,14358,0,107,46,13867,0,220,59,246,248,184,252,N\A
2,2011/01/25,14335,0,112,84,13807,0,222,75,246,248,135,195,N\A
2,2011/02/02,14431,0,109,62,13891,0,220,61,246,248,251,255,N\A
2,2011/02/10,14483,0,110,67,13853,0,218,49,246,248,71,31,N\A
2,2011/02/18,14217,0,106,40,13749,0,218,50,246,248,22,36,N\A
2,2011/02/26,14336,0,107,46,13762,0,222,73,246,248,111,79,N\A
2,2011/03/06,14412,65,111,74,13999,0,218,46,246,248,102,88,N\A
2,2011/03/14,14402,0,103,9,13760,65,223,87,246,248,8,8,N\A
2,2011/03/22,14558,0,107,33,13817,0,222,80,246,248,129,137,N\A
2,2011/03/30,14835,0,109,65,14160,0,221,63,246,248,247,254,N\A
2,2011/04/07,14616,0,111,72,13913,0,217,41,246,248,105,108,N\A
2,2011/04/15,14835,0,105,20,14114,0,218,43,246,248,2,22,N\A
2,2011/04/23,14850,0,109,60,14079,0,219,52,246,248,248,248,N\A
2,2011/05/01,15210,0,108,50,14210,0,218,45,246,248,127,127,N\A
2,2011/05/09,15091,0,107,46,14095,0,222,74,246,248,31,63,N\A
2,2011/05/17,15085,0,110,67,14198,0,217,36,246,248,220,252,N\A
2,2011/05/25,14915,0,112,81,14038,0,214,13,246,248,178,42,N\A
2,2011/06/02,15013,0,114,99,14183,0,222,73,246,248,225,227,N\A
2,2011/06/10,15364,0,109,56,14418,0,220,61,246,248,255,255,N\A
2,2011/06/18,15559,0,109,58,14535,0,219,53,246,248,255,253,N\A
2,2011/06/26,15612,0,109,58,14465,0,220,60,246,248,243,119,N\A
2,2011/07/04,15697,0,109,58,14581,0,218,46,246,248,255,254,N\A
2,2011/07/12,15412,0,109,56,14359,0,220,61,246,248,255,255,N\A
2,2011/07/20,15671,0,109,58,14554,0,218,44,246,248,255,255,N\A
2,2011/07/28,15610,0,109,56,14567,0,220,62,246,248,255,255,N\A
2,2011/08/05,15628,0,108,50,14520,0,218,44,246,248,127,255,N\A
2,2011/08/13,15691,0,109,56,14468,0,219,54,246,248,255,254,N\A
2,2011/08/21,15644,0,109,58,14541,0,220,59,246,248,255,255,N\A
2,2011/08/29,15619,0,109,56,14527,0,220,61,246,248,255,255,N\A
2,2011/09/06,15657,0,110,66,14511,0,221,73,246,248,223,79,N\A
2,2011/09/14,15548,0,109,56,14449,0,219,54,246,248,255,254,N\A
2,2011/09/22,15517,0,109,65,14502,0,219,55,246,248,247,247,N\A
2,2011/09/30,15055,0,108,45,14233,0,221,72,246,248,135,143,N\A
2,2011/10/08,15025,0,108,50,14230,0,221,66,246,248,115,115,N\A
2,2011/10/16,15001,0,109,56,14358,0,219,54,246,248,255,254,N\A
2,2011/10/24,14867,0,108,51,14166,0,220,60,246,248,254,255,N\A
2,2011/11/01,14666,0,108,45,13946,0,222,80,246,248,135,215,N\A
2,2011/11/09,14528,65,109,58,13878,0,221,64,246,248,227,199,N\A
2,2011/11/17,14381,0,106,37,13893,0,219,55,246,248,61,97,N\A
2,2011/11/25,14394,0,112,81,13896,0,219,47,246,248,243,212,N\A
2,2011/12/03,14395,0,110,67,13704,0,221,70,246,248,111,223,N\A
2,2011/12/11,14268,0,111,74,13708,0,221,61,246,248,255,237,N\A
2,2011/12/19,14208,0,108,49,13637,0,220,62,246,248,253,255,N\A
2,2011/12/27,14348,0,110,74,13620,0,217,32,246,248,7,1,N\A
2,2012/01/01,14425,0,111,78,13745,0,219,53,246,248,125,255,N\A
2,2012/01/09,14452,0,110,65,13740,0,220,59,246,248,255,127,N\A
2,2012/01/17,0,2,255,255,13670,0,223,87,246,248,0,169,N\A
2,2012/01/25,14383,0,109,58,13942,0,218,42,246,248,121,10,N\A
2,2012/02/02,14493,0,107,46,13849,0,222,75,246,248,207,158,N\A
2,2012/02/10,14489,0,109,61,13764,0,223,89,246,248,177,213,N\A
2,2012/02/18,14443,0,107,45,13907,0,218,43,246,248,194,99,N\A
2,2012/02/26,14562,0,109,58,13823,0,222,71,246,248,225,229,N\A
2,2012/03/05,14772,0,113,92,13917,0,220,59,246,248,29,125,N\A
2,2012/03/13,0,2,255,255,0,2,255,255,0,0,0,0,N\A
2,2012/03/21,14674,0,108,58,0,2,255,255,247,248,5,0,N\A
2,2012/03/29,14631,0,110,66,13895,65,222,80,246,248,194,145,N\A
2,2012/04/06,14590,0,108,54,13915,0,223,76,246,248,7,7,N\A
2,2012/04/14,15012,0,110,66,14123,0,220,58,246,248,230,227,N\A
2,2012/04/22,14918,0,107,43,14294,0,221,69,246,248,229,231,N\A
2,2012/04/30,15044,0,110,65,14146,0,219,56,246,248,231,247,N\A
2,2012/05/08,15182,0,108,52,14330,0,219,53,246,248,247,255,N\A
2,2012/05/16,15347,0,110,65,14318,0,218,48,246,248,255,191,N\A
2,2012/05/24,15247,0,106,38,14236,0,222,72,246,248,249,251,N\A
2,2012/06/01,15567,0,110,64,14399,0,218,45,246,248,231,239,N\A
2,2012/06/09,15655,0,108,49,14451,0,221,68,246,248,255,255,N\A
2,2012/06/17,15566,0,109,58,14377,0,221,65,246,248,247,191,N\A
2,2012/06/25,15527,0,108,49,14402,0,219,53,246,248,255,255,N\A
2,2012/07/03,15798,0,110,65,14546,0,219,53,246,248,255,255,N\A
2,2012/07/11,15718,0,108,55,14501,0,221,68,246,248,127,255,N\A
2,2012/07/19,15728,0,110,71,14543,0,219,52,246,248,239,238,N\A
2,2012/07/27,15817,0,108,56,14604,0,219,53,246,248,254,255,N\A
2,2012/08/04,15705,0,110,64,14554,0,218,47,246,248,255,189,N\A
2,2012/08/12,15703,0,106,32,14712,0,220,56,246,248,187,53,N\A
2,2012/08/20,15622,0,110,65,14489,0,219,53,246,248,255,255,N\A
2,2012/08/28,15606,0,108,49,14463,0,219,53,246,248,255,255,N\A
2,2012/09/05,15573,0,109,57,14465,0,219,53,246,248,252,253,N\A
2,2012/09/13,15504,0,108,49,14486,0,220,57,246,248,255,239,N\A
2,2012/09/21,15515,0,110,69,14460,0,219,53,246,248,251,255,N\A
2,2012/09/29,15528,0,108,51,14429,0,221,68,246,248,63,255,N\A
2,2012/10/07,15142,0,110,67,14198,0,219,53,246,248,207,199,N\A
2,2012/10/15,15250,0,111,72,14334,0,219,50,246,248,63,127,N\A
2,2012/10/23,14895,65,109,56,14193,0,218,49,246,248,252,248,N\A
2,2012/10/31,14857,0,109,57,14248,0,219,49,246,248,252,244,N\A
2,2012/11/08,14594,0,107,40,13891,0,219,50,246,248,56,125,N\A
2,2012/11/16,14486,65,106,38,14085,0,215,18,246,248,200,80,N\A
2,2012/11/24,14571,0,111,72,13949,0,219,51,246,248,7,15,N\A
2,2012/12/02,14263,0,110,64,13939,0,213,6,246,248,195,66,N\A
2,2012/12/10,14459,0,113,90,13838,0,218,42,246,248,3,59,N\A
2,2012/12/18,14232,65,109,66,13710,0,219,50,246,248,69,86,N\A
2,2012/12/26,14175,0,109,56,13763,0,218,35,246,248,48,34,N\A
2,2013/01/01,14188,0,105,28,13741,0,217,37,246,248,143,95,N\A
2,2013/01/09,14085,0,109,63,13580,0,220,55,246,248,254,252,N\A
2,2013/01/17,14352,0,107,45,13735,0,219,52,246,248,63,63,N\A
2,2013/01/25,14408,0,111,80,13876,0,222,70,246,248,236,228,N\A
2,2013/02/02,14336,0,109,60,13846,0,222,71,246,248,214,245,N\A
2,2013/02/10,14518,0,110,72,13882,0,219,52,246,248,191,255,N\A
2,2013/02/18,14361,0,108,56,13789,0,219,52,246,248,220,201,N\A
2,2013/02/26,14650,0,112,84,13950,0,222,72,246,248,207,223,N\A
2,2013/03/06,14594,0,106,38,13983,0,221,59,246,248,236,112,N\A
2,2013/03/14,14408,65,109,60,14018,0,220,58,246,248,17,28,N\A
2,2013/03/22,14732,0,107,40,13951,0,223,82,246,248,183,175,N\A
2,2013/03/30,14764,65,112,86,14171,0,219,46,246,248,31,185,N\A
2,2013/04/07,14859,0,107,41,14099,0,221,67,246,248,191,189,N\A
2,2013/04/15,15123,0,109,64,14151,0,219,52,246,248,254,255,N\A
2,2013/04/23,15264,0,107,41,14293,0,219,54,246,248,191,255,N\A
2,2013/05/01,15563,0,110,66,14367,0,219,52,246,248,15,31,N\A
2,2013/05/09,15480,0,108,53,14355,0,221,68,246,248,127,183,N\A
2,2013/05/17,15462,0,110,65,14249,0,219,52,246,248,255,255,N\A
2,2013/05/25,15465,0,109,56,14282,0,221,65,246,248,243,231,N\A
2,2013/06/02,15740,0,110,66,14511,0,219,52,246,248,255,255,N\A
2,2013/06/10,15671,0,108,54,14394,0,219,49,246,248,254,254,N\A
2,2013/06/18,15684,0,109,60,14415,0,219,49,246,248,31,63,N\A
2,2013/06/26,15949,0,108,48,14779,0,219,53,246,248,255,190,N\A
2,2013/07/04,15921,0,109,63,14695,0,220,57,246,248,254,127,N\A
2,2013/07/12,15774,0,108,48,14513,0,221,69,246,248,255,255,N\A
2,2013/07/20,15861,0,109,65,14662,0,219,46,246,248,179,159,N\A
2,2013/07/28,15640,0,108,48,14493,0,219,54,246,248,255,255,N\A
2,2013/08/05,15618,0,110,66,14428,0,219,52,246,248,255,255,N\A
2,2013/08/13,15751,0,108,48,14611,0,218,40,246,248,255,31,N\A
2,2013/08/21,15658,0,110,66,14463,0,220,57,246,248,255,127,N\A
2,2013/08/29,15567,0,106,37,14535,0,218,47,246,248,231,207,N\A
2,2013/09/06,15678,0,109,59,14552,0,219,52,246,248,223,255,N\A
2,2013/09/14,15463,0,108,53,14446,0,219,54,246,248,127,255,N\A
2,2013/09/22,15219,0,110,66,14297,0,219,48,246,248,255,238,N\A
2,2013/09/30,15241,0,108,54,14305,0,219,52,246,248,254,251,N\A
2,2013/10/08,15099,0,110,65,14149,0,220,58,246,248,255,246,N\A
2,2013/10/16,15265,0,108,48,14253,0,221,69,246,248,255,255,N\A
2,2013/10/24,14981,0,109,59,14072,0,219,54,246,248,223,223,N\A
2,2013/11/01,14833,0,108,47,14004,0,222,76,246,248,187,191,N\A
2,2013/11/09,14867,0,111,72,14054,0,219,52,246,248,211,247,N\A
2,2013/11/17,14581,65,107,41,13906,0,222,80,246,248,193,225,N\A
2,2013/11/25,14518,0,109,58,13988,0,220,60,246,248,213,243,N\A
2,2013/12/03,14078,0,110,64,13518,65,217,38,246,248,238,206,N\A
2,2013/12/11,14366,0,110,69,13709,0,224,88,246,248,63,90,N\A
2,2013/12/19,14462,0,110,72,13773,0,219,49,246,248,254,254,N\A
2,2013/12/27,14338,0,107,49,13759,0,217,36,246,248,7,15,N\A