site-id,lat,lon,tile-h,tile-v,pixel-col,pixel_row
61,12.971637,120.830057,29,7,3718,3373
62,12.40737,121.046508,29,7,3945,3644
63,12.340134,121.170515,29,7,4018,3676
64,13.230624,121.257164,29,7,3858,3249
65,10.652135,119.493672,29,7,3568,4486
66,10.668567,119.470909,29,7,3554,4479
67,9.366401,118.456632,29,8,3301,304
68,8.714167,117.743065,29,8,3064,617
69,8.08227,123.506419,30,8,1094,920
70,7.868412,123.484973,30,8,1114,1023
71,7.786051,122.982379,30,8,887,1062
72,7.650617,122.850755,30,8,843,1127
73,7.507213,123.351302,30,8,1101,1196
74,7.861127,122.520327,30,8,657,1026
75,14.14799,122.924476,29,7,4414,2808
76,13.604707,123.122114,29,7,4640,3069
77,13.50613,123.277828,29,7,4736,3117
78,13.283444,123.527968,30,7,107,3223
79,12.927565,123.805392,30,7,320,3394
80,12.89,123.799085,30,7,326,3412
81,12.716405,124.008861,30,7,464,3496
82,10.898434,122.647957,30,7,209,4368
83,10.752442,122.485416,30,7,160,4438
84,11.363732,122.739258,30,7,159,4145
85,10.759446,121.998863,29,7,4729,4435
86,10.763421,121.986677,29,7,4723,4433
87,11.143128,122.468119,30,7,76,4251
88,10.556672,122.920172,30,7,403,4532
89,10.189371,122.944362,30,7,482,4709
90,9.963671,122.817143,30,8,463,17
91,9.119513,123.035243,30,8,710,422
92,9.889339,124.022938,30,8,1046,53
93,11.048044,124.527249,30,7,1065,4296
94,11.170972,124.512619,30,7,1033,4237
95,11.184684,124.942315,30,7,1233,4231
96,11.120902,124.96439,30,7,1256,4261
97,11.049578,124.990612,30,7,1283,4296
98,10.690659,125.000179,30,7,1358,4468
99,10.38718,124.763971,30,7,1305,4614
100,7.95065,123.737432,30,8,1223,983
101,7.944943,123.784221,30,8,1246,986
102,8.091085,124.233147,30,8,1438,916
103,8.27297,124.711303,30,8,1638,828
104,7.981357,125.161778,30,8,1895,968
105,7.83664,125.140285,30,8,1906,1038
106,7.659747,126.05561,30,8,2366,1123
107,7.414352,125.737122,30,8,2249,1241
108,6.939792,126.005324,30,8,2439,1468
109,6.703197,125.300778,30,8,2133,1582
110,7.056759,124.858556,30,8,1878,1412
111,6.54765,124.877744,30,8,1950,1657
112,6.538818,124.665855,30,8,1850,1661
113,6.647342,124.07798,30,8,1557,1609
114,9.299643,125.969187,30,8,2070,336
115,9.064081,125.596527,30,8,1933,449
116,8.922705,125.992527,30,8,2144,517
117,8.568238,125.894741,30,8,2155,687
118,8.060933,126.037643,30,8,2300,930
id,Date,250m 16 days NDVI,250m 16 days EVI,250m 16 days VI Quality,250m 16 days red reflectance,250m 16 days NIR reflectance,250m 16 days blue reflectance,250m 16 days MIR reflectance,250m 16 days view zenith angle,250m 16 days sun zenith angle,250m 16 days relative azimuth angle,250m 16 days composite day of the year,250m 16 days pixel reliability,actual_date
61,2010/01/01,3018,1665,2185,1140,2126,555,1402,2562,4304,482,5,1,N\A
61,2010/01/17,1978,714,2116,734,1096,377,846,1239,3985,412,28,0,N\A
61,2010/02/02,3995,1341,2120,490,1142,257,520,4024,3366,2254,40,0,N\A
61,2010/02/18,8069,4987,2116,327,3061,176,653,1194,3226,298,60,0,N\A
61,2010/03/06,8290,4688,2116,251,2686,161,561,279,2908,2098,67,0,N\A
61,2010/03/22,8238,5368,2116,317,3283,183,562,270,2464,1996,83,0,N\A
61,2010/04/07,8315,6112,2120,370,4022,174,679,4023,1597,1823,104,0,N\A
61,2010/04/23,7605,5038,2116,458,3367,224,783,216,1938,1638,115,0,N\A
61,2010/05/09,6380,4838,2116,835,3779,477,1407,2571,2230,-245,133,0,N\A
61,2010/05/25,5317,3591,34842,886,2898,561,1337,4611,2618,-307,151,3,N\A
61,2010/06/10,6191,2734,2190,442,1879,186,838,5562,1593,1276,166,3,N\A
61,2010/06/26,4422,1818,2116,575,1487,320,1003,1709,2134,1415,186,0,N\A
61,2010/07/12,4833,1900,3154,505,1450,273,795,2977,1996,1409,193,3,N\A
61,2010/07/28,5658,1989,34842,371,1338,188,492,5550,1463,1487,214,3,N\A
61,2010/08/13,6533,3590,34842,487,2323,328,643,4635,2677,-103,231,3,N\A
61,2010/08/29,6168,4687,2066,739,3119,648,882,4621,2653,28,247,3,N\A
61,2010/09/14,7696,3410,2116,254,1951,138,343,281,2155,2055,259,0,N\A
61,2010/09/30,8237,5733,34897,313,3238,315,854,4043,2238,2247,280,1,N\A
61,2010/10/16,6532,3049,34838,410,1955,233,540,1709,2908,2300,298,3,N\A
61,2010/11/01,4816,2484,2116,771,2204,321,834,279,3231,2344,307,0,N\A
61,2010/11/17,4454,2153,2116,701,1827,395,1074,287,3634,2340,323,0,N\A
61,2010/12/03,4735,2919,2261,942,2637,503,1269,5946,4512,457,345,1,N\A
61,2010/12/19,3303,1414,2185,740,1470,401,848,3711,4401,472,1,1,N\A
62,2010/01/01,4662,2612,2189,818,2247,464,1425,6217,3626,2390,13,1,N\A
62,2010/01/17,3200,2190,2116,1535,2980,760,2249,560,3969,2313,19,0,N\A
62,2010/02/02,3012,2019,2116,1612,3002,729,2198,579,3696,2270,35,0,N\A
62,2010/02/18,2837,1999,2116,1749,3135,840,2729,595,3307,2162,51,0,N\A
62,2010/03/06,2867,1835,2116,1374,2479,756,2242,3247,2681,2128,65,0,N\A
62,2010/03/22,3048,1956,2185,1442,2707,693,2307,3238,2207,2019,81,1,N\A
62,2010/04/07,2884,1967,2116,1591,2881,805,2392,3228,1824,1880,97,0,N\A
62,2010/04/23,3097,2357,34842,1482,2812,1013,1648,6362,2965,-105,114,3,N\A
62,2010/05/09,2513,1938,2120,2085,3485,1059,2955,4453,2519,-247,135,0,N\A
62,2010/05/25,3403,2106,2066,1035,2103,752,1554,6230,1434,1226,157,3,N\A
62,2010/06/10,5678,2881,34965,565,2050,341,1292,5702,1614,1259,166,1,N\A
62,2010/06/26,4529,1754,2189,520,1381,298,730,5702,1664,1284,182,1,N\A
62,2010/07/12,5696,9457,2062,990,3611,1683,2300,1991,2097,1452,202,3,N\A
62,2010/07/28,5966,2942,34965,525,2078,271,529,5690,1463,1462,214,1,N\A
62,2010/08/13,4477,2795,34841,883,2315,641,410,5227,2776,-44,240,1,N\A
62,2010/08/29,5359,5892,2066,939,3108,1272,770,6229,1256,2043,253,3,N\A
62,2010/09/14,7028,4138,2116,480,2751,255,690,606,2108,2022,259,0,N\A
62,2010/09/30,8427,5257,2120,269,3152,141,651,4256,2178,2247,280,0,N\A
62,2010/10/16,7421,6937,34841,574,3878,722,864,6230,2639,2440,301,1,N\A
62,2010/11/01,6205,3873,2116,689,2943,337,774,868,3477,524,316,0,N\A
62,2010/11/17,5859,3213,2116,632,2421,306,921,3256,3398,2384,321,0,N\A
62,2010/12/03,5523,3887,2120,1002,3475,478,1559,5217,4444,464,352,1,N\A
62,2010/12/19,6071,3329,2116,582,2381,315,1142,3237,3921,2371,353,0,N\A
63,2010/01/01,2794,1497,2116,1124,1996,557,1072,2168,4231,467,5,0,N\A
63,2010/01/17,5704,3086,2116,619,2263,355,1052,796,3913,422,28,0,N\A
63,2010/02/02,6533,3543,2116,506,2413,266,836,703,3683,2225,35,0,N\A
63,2010/02/18,7553,4860,2116,440,3157,243,761,732,3293,2197,51,0,N\A
63,2010/03/06,7248,4759,2116,505,3166,296,967,730,2842,2061,67,0,N\A
63,2010/03/22,5909,3863,2116,804,3127,389,1268,3341,2193,2021,81,0,N\A
63,2010/04/07,2505,1727,2116,2133,3559,762,2156,3331,1810,1870,97,0,N\A
63,2010/04/23,2690,1824,2116,1801,3127,768,2404,686,1904,1706,115,0,N\A
63,2010/05/09,2679,1952,2120,1953,3383,905,2918,4365,2507,-253,135,0,N\A
63,2010/05/25,3441,2052,2066,947,1941,735,1565,6270,1430,1219,157,3,N\A
63,2010/06/10,4323,2068,2190,724,1827,379,1605,5756,1609,1251,166,3,N\A
63,2010/06/26,9794,4794,36002,25,2410,807,1000,5745,1661,1270,182,3,N\A
63,2010/07/12,4146,3539,2066,965,2332,1129,1279,5791,3060,-266,201,3,N\A
63,2010/07/28,3601,2864,34842,1136,2415,1076,974,5739,1454,1458,214,3,N\A
63,2010/08/13,7022,5388,2066,611,3493,505,866,4375,2644,-117,231,3,N\A
63,2010/08/29,6016,6155,2066,929,3735,1055,865,4324,1590,1891,248,3,N\A
63,2010/09/14,8307,5403,2116,306,3311,166,538,730,2095,1978,259,0,N\A
63,2010/09/30,8109,4706,34897,299,2865,137,512,4334,2166,2249,280,1,N\A
63,2010/10/16,5742,3847,35874,797,2947,501,866,2138,2834,2292,298,3,N\A
63,2010/11/01,4831,3148,34842,753,2161,733,961,5755,2944,2431,310,3,N\A
63,2010/11/17,3506,1907,2116,1013,2107,513,1653,748,3561,2320,323,0,N\A
63,2010/12/03,4779,3058,34841,830,2350,654,1063,5755,3647,2433,342,1,N\A
63,2010/12/19,2862,1345,2116,919,1656,464,1037,2110,4013,2343,362,0,N\A
64,2010/01/01,4167,4908,34841,657,1596,1434,735,5700,3818,2392,6,1,N\A
64,2010/01/17,6346,5554,2065,836,3740,758,1333,5207,4313,371,32,1,N\A
64,2010/02/02,8931,5823,34965,201,3560,46,912,6218,2990,2302,45,1,N\A
64,2010/02/18,7746,3896,2116,296,2331,140,435,622,3354,2198,51,0,N\A
64,2010/03/06,7512,5304,2116,447,3147,414,905,842,2759,191,76,0,N\A
64,2010/03/22,7795,4055,2261,315,2543,93,844,6229,1396,2033,93,1,N\A
64,2010/04/07,4725,4183,34837,1325,3699,995,1727,3465,2381,-60,110,1,N\A
64,2010/04/23,5895,3499,34837,684,2649,362,1344,577,1896,1721,115,1,N\A
64,2010/05/09,6065,2704,2189,519,2119,59,1244,4236,1505,1459,136,1,N\A
64,2010/05/25,4846,3622,34842,1049,3022,760,1534,5813,2860,-289,153,3,N\A
64,2010/06/10,5761,3504,2066,673,2503,465,1422,5186,2860,-318,176,3,N\A
64,2010/06/26,5833,3617,2066,687,2611,1720,1142,5701,1599,1296,182,3,N\A
64,2010/07/12,4246,1822,2262,664,1644,291,494,5824,3029,-249,201,3,N\A
64,2010/07/28,2256,1272,2062,1141,1806,745,753,2277,2421,-221,213,3,N\A
64,2010/08/13,8103,5916,2189,409,3904,212,977,5196,2764,-30,240,1,N\A
64,2010/08/29,7934,7900,34837,611,5305,549,923,3437,2501,108,254,1,N\A
64,2010/09/14,7671,5183,2116,451,3422,240,647,622,2133,1984,259,0,N\A
64,2010/09/30,9170,6420,3226,169,3904,50,587,4256,2238,2265,280,3,N\A
64,2010/10/16,7710,7444,2066,672,5199,537,926,6327,3505,323,290,3,N\A
64,2010/11/01,4858,2781,35874,918,2653,342,1021,3418,3746,484,318,3,N\A
64,2010/11/17,4500,1669,34837,517,1363,240,429,650,3639,2387,323,1,N\A
64,2010/12/03,1424,8037,2066,2368,3155,3322,1866,6229,3767,2448,349,3,N\A
64,2010/12/19,925,528,34838,1344,1618,2028,909,3247,3991,2372,353,3,N\A
65,2010/01/01,6606,4710,2066,677,3313,2418,993,6359,3540,2401,4,3,N\A
65,2010/01/17,5790,4133,34837,911,3417,497,1552,3249,4079,402,21,1,N\A
65,2010/02/02,4762,2559,2120,854,2407,315,1253,4475,2973,2210,47,0,N\A
65,2010/02/18,3082,2022,2116,1598,3022,668,1936,527,3291,264,51,0,N\A
65,2010/03/06,2991,2164,2116,2016,3737,794,2826,1957,2778,169,76,0,N\A
65,2010/03/22,3348,2047,2116,1337,2683,569,2052,3519,1943,1918,88,0,N\A
65,2010/04/07,3377,2162,2116,1356,2739,651,2211,2330,1919,1810,97,0,N\A
65,2010/04/23,2578,2022,2061,2182,3698,1073,3388,580,2074,-214,115,1,N\A
65,2010/05/09,2669,1943,2116,2362,4082,817,2742,3230,2414,-285,133,0,N\A
65,2010/05/25,6389,2111,2066,245,1112,309,903,6360,1450,1206,148,3,N\A
65,2010/06/10,2295,2352,34841,1274,2033,1548,284,6360,1624,1179,164,1,N\A
65,2010/06/26,3592,2117,3102,988,2096,527,749,5053,2999,-352,183,3,N\A
65,2010/07/12,4858,4009,2062,1307,3777,829,1196,1975,2558,-333,204,3,N\A
65,2010/07/28,6642,5410,34842,709,3514,641,698,4451,1702,1529,223,3,N\A
65,2010/08/13,8052,4790,34841,321,2975,140,551,4466,1562,1712,239,1,N\A
65,2010/08/29,6697,4089,2116,587,2968,258,711,544,2147,-85,243,0,N\A
65,2010/09/14,6020,4270,2116,893,3595,418,1014,1948,2387,186,268,0,N\A
65,2010/09/30,2444,4705,2066,2711,4465,2855,1757,5047,2924,237,279,3,N\A
65,2010/10/16,3554,2004,34837,1030,2166,557,933,966,2777,2240,298,1,N\A
65,2010/11/01,2724,2216,2066,733,1282,1265,647,5866,2977,2435,317,3,N\A
65,2010/11/17,3806,3932,2066,1528,3406,1418,1192,6244,4139,423,329,3,N\A
65,2010/12/03,3204,6128,2066,948,1842,1851,820,5865,3562,2421,349,3,N\A
65,2010/12/19,4181,2435,34837,1194,2910,328,987,938,3938,2320,362,1,N\A
66,2010/01/01,6128,5238,2066,840,3499,780,1187,4277,4244,413,14,3,N\A
66,2010/01/17,6287,4575,2116,843,3698,421,1160,3268,4082,403,21,0,N\A
66,2010/02/02,6864,4040,2120,525,2824,233,1147,4461,2976,2207,47,0,N\A
66,2010/02/18,6563,2021,34837,255,1229,95,455,3501,2825,2148,56,1,N\A
66,2010/03/06,4842,3603,2116,1269,3652,631,2367,1975,2780,166,76,0,N\A
66,2010/03/22,5524,4329,34841,1301,4513,503,2355,6267,3238,38,89,1,N\A
66,2010/04/07,4645,2886,2116,982,2686,509,1897,2312,1921,1813,97,0,N\A
66,2010/04/23,4192,3965,34838,1095,2676,1237,2285,2285,1782,1644,113,3,N\A
66,2010/05/09,4772,3688,2185,1184,3346,773,2450,3249,2416,-286,133,1,N\A
66,2010/05/25,6028,4454,34838,868,3503,523,1809,1984,2469,-391,156,3,N\A
66,2010/06/10,4027,2153,34841,539,1266,808,92,6360,1624,1177,164,1,N\A
66,2010/06/26,643,627,34841,2996,3408,4318,1452,5225,1887,1270,182,1,N\A
66,2010/07/12,6052,4778,2062,851,3461,655,962,2003,2560,-335,204,3,N\A
66,2010/07/28,6995,4486,35934,535,3026,314,661,5215,1665,1431,214,3,N\A
66,2010/08/13,4489,2694,34965,991,2606,476,778,4451,1565,1712,239,1,N\A
66,2010/08/29,5992,4312,2116,811,3236,539,1232,571,2149,-92,243,0,N\A
66,2010/09/14,5191,4147,35878,1129,3567,2056,1194,5855,1567,2184,269,3,N\A
66,2010/09/30,3802,2556,2062,660,1470,1001,328,3510,2131,2198,280,3,N\A
66,2010/10/16,4228,2097,34893,840,2071,325,718,938,2780,2250,298,1,N\A
66,2010/11/01,3257,1875,34837,1120,2202,600,697,1967,3406,467,316,1,N\A
66,2010/11/17,3212,1531,34837,914,1779,419,440,3519,3394,2374,328,1,N\A
66,2010/12/03,3401,2676,2066,961,1952,1128,540,5854,3565,2420,349,3,N\A
66,2010/12/19,3229,1120,34837,520,1016,409,329,911,3941,2326,362,1,N\A
67,2010/01/01,7420,4234,35878,354,2391,332,1025,4898,3562,2345,6,3,N\A
67,2010/01/17,6908,4673,2116,589,3222,356,1057,2646,3853,370,28,0,N\A
67,2010/02/02,7345,3707,2116,346,2261,190,627,1664,3460,2223,33,0,N\A
67,2010/02/18,6568,4288,2116,644,3109,347,1115,1248,3282,298,51,0,N\A
67,2010/03/06,5445,3099,2116,731,2479,369,1189,1700,2680,2050,65,0,N\A
67,2010/03/22,4437,2816,2066,808,2097,734,1349,5582,1461,1857,93,3,N\A
67,2010/04/07,2675,1240,2120,976,1689,423,1481,4024,1597,1608,111,0,N\A
67,2010/04/23,4012,2252,34842,838,1961,603,1457,6125,1177,1486,116,3,N\A
67,2010/05/09,3715,2197,34837,1117,2438,548,1688,3768,2548,-311,133,1,N\A
67,2010/05/25,5505,3511,2062,702,2422,585,1023,2977,2088,1313,152,3,N\A
67,2010/06/10,6362,4417,2066,672,3023,500,1143,4671,2986,-390,174,3,N\A
67,2010/06/26,4087,1681,2116,648,1544,281,852,1247,2623,-432,179,0,N\A
67,2010/07/12,5891,3822,34838,694,2684,511,921,2970,2199,1373,200,3,N\A
67,2010/07/28,6964,5303,34842,655,3661,456,1090,6025,3126,-208,224,3,N\A
67,2010/08/13,5298,2512,34897,634,2063,220,601,4034,1660,1669,239,1,N\A
67,2010/08/29,5291,2827,2116,706,2293,333,783,1275,2237,-73,243,0,N\A
67,2010/09/14,7282,4487,3226,406,2582,386,723,6143,1258,2035,260,3,N\A
67,2010/09/30,4071,3845,2066,1488,3532,1223,1537,4670,2917,276,286,3,N\A
67,2010/10/16,5664,2630,3098,519,1875,280,659,243,2731,2242,298,3,N\A
67,2010/11/01,6716,4049,34837,608,3095,185,871,2590,3351,462,316,1,N\A
67,2010/11/17,7033,4622,3098,547,3141,319,857,2995,3313,2356,328,3,N\A
67,2010/12/03,6193,3753,35930,664,2825,322,732,1239,3734,486,339,3,N\A
67,2010/12/19,5759,5633,2066,1363,5065,1575,1279,6021,4445,398,3,3,N\A
68,2010/01/01,6074,3182,2116,556,2277,279,1165,2514,3674,2292,8,0,N\A
68,2010/01/17,5239,3550,2116,909,2910,570,1416,3100,3853,362,28,0,N\A
68,2010/02/02,4975,2531,2116,722,2152,315,1259,1137,3455,2204,33,0,N\A
68,2010/02/18,4616,2537,2116,842,2286,415,1640,1165,3105,2142,49,0,N\A
68,2010/03/06,4198,2237,2116,874,2139,433,1698,2542,2390,2000,72,0,N\A
68,2010/03/22,4082,2015,2185,824,1961,374,1490,3680,1775,1789,95,1,N\A
68,2010/04/07,3555,2081,2116,1112,2339,570,2077,1155,2052,1749,97,0,N\A
68,2010/04/23,4458,2114,2189,734,1915,314,1376,5943,1261,1473,116,1,N\A
68,2010/05/09,3950,2242,34841,1039,2396,467,1853,4142,2635,-315,133,1,N\A
68,2010/05/25,5384,2674,2186,604,2013,329,1523,3690,2137,1277,159,3,N\A
68,2010/06/10,6239,3677,34966,629,2716,307,1366,4961,3076,-396,174,3,N\A
68,2010/06/26,6698,4040,34965,583,2949,241,1312,6197,3366,-343,192,1,N\A
68,2010/07/12,5674,2725,34838,558,2022,259,1466,2524,2290,1377,200,3,N\A
68,2010/07/28,5887,3513,34842,512,1978,616,904,4594,1895,1404,214,3,N\A
68,2010/08/13,8011,3438,2261,215,1947,86,664,5944,1426,1478,228,1,N\A
68,2010/08/29,5417,5089,2066,647,2177,1139,1163,6445,1075,1852,251,3,N\A
68,2010/09/14,7171,4254,35878,384,2331,426,751,6445,1280,2150,267,3,N\A
68,2010/09/30,5806,3368,2066,545,2054,550,586,4624,1840,2171,278,3,N\A
68,2010/10/16,7027,4303,35998,501,2870,282,796,3053,2972,373,300,3,N\A
68,2010/11/01,6603,4782,34837,641,3133,527,775,3044,3338,434,316,1,N\A
68,2010/11/17,6436,3061,2116,434,2002,240,557,1183,3201,2302,321,0,N\A
68,2010/12/03,5376,3190,35874,724,2408,474,875,3062,3923,464,348,3,N\A
68,2010/12/19,6383,2851,2061,417,1889,198,595,2514,3693,2326,360,1,N\A
69,2010/01/01,6404,3263,2116,493,2249,234,465,2057,3911,438,7,0,N\A
69,2010/01/17,8529,5723,2185,276,3478,153,565,634,3590,349,30,1,N\A
69,2010/02/02,8350,5126,2116,280,3114,130,497,885,3357,2199,37,0,N\A
69,2010/02/18,7239,5852,2120,723,4515,354,958,4297,3415,213,57,0,N\A
69,2010/03/06,6492,3578,2116,533,2506,256,704,3501,2390,2035,67,0,N\A
69,2010/03/22,4530,2168,2116,705,1873,352,714,902,2257,1854,85,0,N\A
69,2010/04/07,4508,2335,2116,796,2103,385,568,634,2167,-226,110,0,N\A
69,2010/04/23,4372,2152,2116,749,1913,385,529,633,2227,-344,126,0,N\A
69,2010/05/09,3511,1311,2116,630,1312,279,335,2294,2109,1358,140,0,N\A
69,2010/05/25,3211,1367,2116,777,1512,365,375,2030,2599,-429,151,0,N\A
69,2010/06/10,4331,2577,34842,725,1833,725,460,5866,1971,1181,168,3,N\A
69,2010/06/26,5462,2723,2116,613,2089,296,541,2030,2785,-426,183,0,N\A
69,2010/07/12,8364,5895,3158,328,3683,190,752,4307,2998,-355,201,3,N\A
69,2010/07/28,9136,5840,3226,150,3324,85,569,5225,1899,1339,209,3,N\A
69,2010/08/13,8163,4920,2116,304,3006,147,471,857,2184,1569,229,0,N\A
69,2010/08/29,8173,4390,36002,229,2279,264,399,6373,1105,1898,255,3,N\A
69,2010/09/14,6909,3828,2116,471,2577,220,582,3501,1698,1883,259,0,N\A
69,2010/09/30,5820,3522,34842,706,2672,394,860,5758,3021,210,283,3,N\A
69,2010/10/16,4503,2195,2116,719,1897,373,645,587,2793,421,302,0,N\A
69,2010/11/01,6084,2593,2116,424,1742,211,541,3507,2661,2315,307,0,N\A
69,2010/11/17,3137,1282,2116,749,1434,343,238,3268,3718,460,336,0,N\A
69,2010/12/03,2233,893,2116,831,1309,389,282,3277,3935,454,352,0,N\A
69,2010/12/19,3448,1553,3154,720,1478,346,298,633,3833,485,1,3,N\A
70,2010/01/01,4966,2352,2116,644,1915,303,575,912,3718,2297,5,0,N\A
70,2010/01/17,7071,3792,2116,400,2332,266,573,875,3602,2245,21,0,N\A
70,2010/02/02,6469,4272,2116,649,3028,400,1295,2030,3527,321,39,0,N\A
70,2010/02/18,6281,5081,2120,934,4089,556,1742,4278,3404,214,57,0,N\A
70,2010/03/06,5686,3367,2120,727,2644,370,1318,4481,2068,1991,74,0,N\A
70,2010/03/22,5645,3122,3158,680,2443,321,1092,5256,1759,1945,81,3,N\A
70,2010/04/07,3605,1293,2116,430,915,549,1594,614,2172,-198,110,0,N\A
70,2010/04/23,3881,1882,2185,807,1831,410,850,3482,1744,1519,115,1,N\A
70,2010/05/09,3755,1998,2116,908,2000,505,1682,902,2168,1388,133,0,N\A
70,2010/05/25,4649,2081,2116,648,1774,285,583,569,2556,-476,158,0,N\A
70,2010/06/10,6056,3137,2116,547,2227,283,596,569,2659,-452,174,0,N\A
70,2010/06/26,6650,3491,2116,480,2386,216,406,580,2667,-487,190,0,N\A
70,2010/07/12,7828,5528,2120,436,3580,264,627,4297,3010,-358,201,0,N\A
70,2010/07/28,7252,4559,35878,429,2694,380,507,5246,1911,1336,209,3,N\A
70,2010/08/13,8779,5547,35038,219,3369,65,575,4461,1691,1557,234,3,N\A
70,2010/08/29,6810,4795,35934,658,3468,369,858,5113,2807,-119,242,3,N\A
70,2010/09/14,3979,1786,2116,696,1616,389,353,3520,1693,1884,259,0,N\A
70,2010/09/30,5624,3639,34842,785,2803,487,677,6280,3079,143,276,3,N\A
70,2010/10/16,3630,1535,2185,751,1607,290,473,930,2465,2172,293,1,N\A
70,2010/11/01,7196,4880,2116,527,3233,338,533,3240,3383,434,320,0,N\A
70,2010/11/17,6590,3611,34893,495,2409,284,415,3529,3047,2348,323,1,N\A
70,2010/12/03,6851,4010,2116,494,2644,294,481,578,3727,485,350,0,N\A
70,2010/12/19,6834,3801,2116,458,2436,290,407,912,3703,2323,357,0,N\A
71,2010/01/01,5397,3813,2189,1075,3596,469,1515,6435,4430,367,4,1,N\A
71,2010/01/17,4165,2305,2116,958,2326,432,1040,1076,3604,354,30,0,N\A
71,2010/02/02,5646,4266,2116,1052,3781,547,1696,3607,3502,259,48,0,N\A
71,2010/02/18,5047,3083,2116,892,2710,443,1179,1031,2932,195,62,0,N\A
71,2010/03/06,6097,3713,2116,655,2702,380,1075,3173,2416,2030,67,0,N\A
71,2010/03/22,5556,3778,2062,902,3158,486,1219,3616,2598,-68,96,3,N\A
71,2010/04/07,5673,3584,2116,801,2902,407,926,1076,2221,-210,110,0,N\A
71,2010/04/23,5813,3080,2116,593,2240,324,608,3135,1792,1525,115,0,N\A
71,2010/05/09,4026,2084,2116,867,2036,429,506,1049,2438,-426,142,0,N\A
71,2010/05/25,5628,2856,34837,504,1802,462,463,1910,2346,1311,156,1,N\A
71,2010/06/10,6094,3341,36002,587,2419,298,522,6231,1960,1160,175,3,N\A
71,2010/06/26,6817,5129,34842,685,3620,585,783,6435,3479,-369,180,3,N\A
71,2010/07/12,7408,5156,34897,531,3567,271,793,4571,3056,-356,201,1,N\A
71,2010/07/28,7677,5247,35878,441,3356,282,757,5020,1956,1341,209,3,N\A
71,2010/08/13,7258,4285,2116,436,2745,252,457,415,2239,1582,229,0,N\A
71,2010/08/29,7986,5481,34837,395,3529,214,776,3154,1789,1668,243,1,N\A
71,2010/09/14,7900,5592,34893,430,3667,237,717,3173,1737,1868,259,1,N\A
71,2010/09/30,5793,3658,3154,790,2966,378,606,469,2182,2007,277,3,N\A
71,2010/10/16,5602,2413,35878,502,1781,206,417,4208,2338,2287,298,3,N\A
71,2010/11/01,4616,2297,34893,730,1982,365,593,3182,2660,2308,307,1,N\A
71,2010/11/17,2668,1186,2116,930,1607,390,328,3597,3724,455,336,0,N\A
71,2010/12/03,3430,2151,34837,1238,2531,658,754,3606,3941,447,352,1,N\A
71,2010/12/19,5403,2707,2116,624,2091,305,478,1076,3838,470,1,0,N\A
72,2010/01/01,7758,6810,2189,645,5111,345,925,5372,4215,399,2,1,N\A
72,2010/01/17,6363,4582,34893,839,3775,372,810,306,3624,2208,21,1,N\A
72,2010/02/02,4342,2600,2116,1084,2748,434,1644,334,3371,2116,37,0,N\A
72,2010/02/18,4985,2670,2120,757,2262,362,1430,4140,2533,2097,58,0,N\A
72,2010/03/06,4275,2342,2120,899,2242,440,1627,4150,2110,1986,74,0,N\A
72,2010/03/22,5178,2846,34965,824,2594,266,1172,6195,1261,1776,95,1,N\A
72,2010/04/07,3314,1718,2116,971,1934,500,855,1175,2236,-181,110,0,N\A
72,2010/04/23,3558,1679,2185,838,1764,401,953,3051,1809,1528,115,1,N\A
72,2010/05/09,1538,719,2116,1158,1579,519,198,334,2231,1450,133,0,N\A
72,2010/05/25,2489,1617,34837,1658,2757,763,832,1819,2364,1319,156,1,N\A
72,2010/06/10,8978,5949,2189,178,3306,164,553,6196,1979,1161,175,1,N\A
72,2010/06/26,8793,3723,34966,123,1916,114,379,4980,2171,1228,177,3,N\A
72,2010/07/12,8564,5827,2116,279,3607,134,497,351,2576,1348,197,0,N\A
72,2010/07/28,8248,5477,34837,332,3459,157,504,325,2442,1387,213,1,N\A
72,2010/08/13,7479,4834,34841,408,2830,367,499,6195,1246,1582,239,1,N\A
72,2010/08/29,6308,3595,34837,567,2505,324,887,3079,1802,1670,243,1,N\A
72,2010/09/14,5672,3765,2190,905,3278,394,1078,5969,2940,73,267,3,N\A
72,2010/09/30,5438,3542,34897,928,3141,412,898,6460,3129,138,276,1,N\A
72,2010/10/16,2345,1818,2066,1513,2440,1170,656,4611,3021,317,297,3,N\A
72,2010/11/01,2706,1618,2116,1308,2279,684,959,1112,3176,466,318,0,N\A
72,2010/11/17,7304,5211,2116,570,3660,301,737,3663,3719,456,336,0,N\A
72,2010/12/03,7961,5125,2116,370,3261,184,571,1139,3742,498,350,0,N\A
72,2010/12/19,8164,4688,34893,282,2790,148,365,342,3717,2297,357,1,N\A
73,2010/01/01,6221,4585,2189,856,3675,459,1446,6315,4385,372,4,1,N\A
73,2010/01/17,5609,3745,2120,871,3097,462,1419,4346,3953,347,25,0,N\A
73,2010/02/02,5930,4568,2120,889,3480,618,1960,4326,3714,282,41,0,N\A
73,2010/02/18,4716,2816,2120,867,2415,517,1213,4317,3397,210,57,0,N\A
73,2010/03/06,4495,2884,2116,913,2404,661,1831,884,2586,1980,69,0,N\A
73,2010/03/22,4806,3477,2118,1136,3239,658,1788,3314,2560,-67,96,3,N\A
73,2010/04/07,4866,2688,2190,787,2279,417,1418,5848,1299,1615,104,3,N\A
73,2010/04/23,5273,2546,2116,580,1874,353,642,669,2262,-315,126,0,N\A
73,2010/05/09,7819,4196,2189,306,2501,168,712,5844,1642,1244,136,1,N\A
73,2010/05/25,2944,2130,35037,1385,2541,971,924,6361,1868,1145,159,1,N\A
73,2010/06/10,5276,2440,2116,564,1824,307,568,624,2690,-441,174,0,N\A
73,2010/06/26,6252,3346,2116,544,2359,275,614,2057,2828,-444,183,0,N\A
73,2010/07/12,6307,3662,2120,606,2676,291,755,4336,3037,-358,201,0,N\A
73,2010/07/28,4671,2200,2116,677,1864,325,521,839,2404,1431,213,0,N\A
73,2010/08/13,5080,2369,2116,614,1882,292,467,830,2212,1525,229,0,N\A
73,2010/08/29,7868,4655,35037,343,2875,178,577,5855,1259,1727,248,1,N\A
73,2010/09/14,6609,5615,34841,596,2920,820,581,6373,1313,2159,271,1,N\A
73,2010/09/30,6375,3216,2116,512,2313,185,510,3492,1852,2077,275,0,N\A
73,2010/10/16,6201,3478,2116,580,2474,312,497,616,2757,371,302,0,N\A
73,2010/11/01,5997,3076,2116,553,2210,275,505,3492,2617,2306,307,0,N\A
73,2010/11/17,4533,2074,2116,671,1784,320,607,607,3470,453,334,0,N\A
73,2010/12/03,5455,2982,2116,658,2238,392,799,3305,3896,455,352,0,N\A
73,2010/12/19,3988,1762,2116,722,1680,323,390,866,3677,2308,357,0,N\A
74,2010/01/01,4444,3283,2066,1332,3463,697,2047,5531,4253,396,2,3,N\A
74,2010/01/17,3804,1810,2116,820,1827,379,780,1434,3465,2215,28,0,N\A
74,2010/02/02,3734,2253,2116,1079,2365,610,2104,1464,3152,2140,44,0,N\A
74,2010/02/18,3947,2918,2120,1511,3482,755,2501,4810,3487,202,57,1,N\A
74,2010/03/06,3680,2164,2116,1081,2340,571,1958,2810,2459,2029,67,0,N\A
74,2010/03/22,4005,2213,34842,1038,2425,398,1645,4798,1846,1936,81,3,N\A
74,2010/04/07,2931,2253,2066,1659,3035,1030,2130,6115,3023,-141,107,3,N\A
74,2010/04/23,2591,1550,2116,1341,2279,694,2177,2763,1833,1534,115,0,N\A
74,2010/05/09,2682,1465,34837,1075,1863,650,877,1464,2199,1371,140,1,N\A
74,2010/05/25,3631,1870,34893,955,2044,429,520,1473,2376,1321,156,1,N\A
74,2010/06/10,7963,4764,34842,331,2920,176,657,6080,1980,1173,175,3,N\A
74,2010/06/26,8125,5508,2116,353,3413,219,529,1492,2745,-425,190,0,N\A
74,2010/07/12,7798,4942,2116,384,3104,220,569,36,2592,165,197,0,N\A
74,2010/07/28,8286,6416,35878,326,3479,420,570,4778,1989,1348,209,3,N\A
74,2010/08/13,6659,4151,2116,590,2942,309,603,59,2282,-473,229,0,N\A
74,2010/08/29,6281,5201,3102,910,3985,622,1236,5531,2900,-119,242,3,N\A
74,2010/09/14,2899,2497,34837,1658,3012,1254,1936,2801,1784,1866,259,1,N\A
74,2010/09/30,4026,2179,3154,891,2092,488,739,23,2224,1345,277,3,N\A
74,2010/10/16,2263,1024,35878,1147,1818,311,404,5521,3060,259,290,3,N\A
74,2010/11/01,2542,1373,2116,1191,2003,582,414,1465,3214,470,318,0,N\A
74,2010/11/17,7064,4459,34841,450,2616,423,565,6079,3107,2429,335,1,N\A
74,2010/12/03,6480,3688,34961,571,2674,246,508,1484,3778,464,350,1,N\A
74,2010/12/19,7746,4900,2116,385,3032,245,456,1520,3871,459,1,0,N\A
75,2010/01/01,4380,2976,2062,1014,2595,720,466,513,4178,2289,12,3,N\A
75,2010/01/17,7755,6306,35037,611,4833,235,1102,5238,4484,397,25,1,N\A
75,2010/02/02,7759,4848,2116,402,3187,165,528,531,3604,2192,44,0,N\A
75,2010/02/18,7817,5648,2116,468,3820,239,628,923,3465,336,53,0,N\A
75,2010/03/06,5567,4036,2116,1051,3691,486,1013,3475,3195,237,71,0,N\A
75,2010/03/22,5514,3213,2120,748,2587,369,854,4197,2165,2080,81,0,N\A
75,2010/04/07,4748,2487,2120,777,2182,363,1087,4187,1724,1943,97,0,N\A
75,2010/04/23,4059,2453,2116,1115,2639,507,1706,1909,1742,1722,115,0,N\A
75,2010/05/09,4737,2622,2116,833,2333,404,1182,1927,1717,1568,131,0,N\A
75,2010/05/25,4785,3142,34841,928,2631,620,880,6339,2972,-265,155,1,N\A
75,2010/06/10,3598,2134,2116,1104,2345,591,811,561,2129,1480,172,0,N\A
75,2010/06/26,2457,1282,34837,1188,1962,534,372,3182,1907,1418,186,1,N\A
75,2010/07/12,5040,2705,2120,667,2023,466,280,4188,1770,1417,193,0,N\A
75,2010/07/28,6287,3912,34837,661,2900,341,396,959,2248,-235,213,1,N\A
75,2010/08/13,8559,5461,34965,257,3312,116,514,4158,1610,1659,225,1,N\A
75,2010/08/29,6250,4734,2061,910,3944,451,1022,2296,2385,132,254,1,N\A
75,2010/09/14,7352,6221,35934,714,4679,404,988,5835,2974,127,258,3,N\A
75,2010/09/30,5320,6549,35878,866,2835,1402,914,5009,2234,2303,280,3,N\A
75,2010/10/16,5985,3116,35878,550,2190,311,578,4197,2578,2327,289,3,N\A
75,2010/11/01,5101,2316,36002,602,1856,258,529,5009,3215,2420,312,3,N\A
75,2010/11/17,558,265,34965,1319,1475,627,235,4434,4274,500,336,1,N\A
75,2010/12/03,1750,929,34961,1360,1937,611,243,551,4153,2408,348,1,N\A
75,2010/12/19,1668,723,2062,874,1224,1214,523,3162,4107,2359,362,3,N\A
76,2010/01/01,8379,5143,35037,266,3016,166,822,6287,3796,2409,6,1,N\A
76,2010/01/17,6958,4738,2116,584,3256,355,1089,2067,4050,425,30,0,N\A
76,2010/02/02,7544,4247,2116,366,2615,210,673,2201,3672,2247,35,0,N\A
76,2010/02/18,7544,5059,2116,420,3001,369,1288,3416,2950,2177,58,0,N\A
76,2010/03/06,5284,3488,2116,961,3115,459,1413,2030,2829,203,78,0,N\A
76,2010/03/22,4175,3082,35037,1482,3607,702,1635,5083,2979,103,89,1,N\A
76,2010/04/07,3774,2130,2116,951,2104,571,1704,822,1928,1814,108,0,N\A
76,2010/04/23,4363,2505,2116,921,2347,486,1637,3378,1547,1618,122,0,N\A
76,2010/05/09,4518,3085,34893,1095,2900,646,2002,3277,2298,-245,135,1,N\A
76,2010/05/25,4481,2784,34894,982,2577,553,1438,624,2108,-358,149,3,N\A
76,2010/06/10,5133,3093,2116,858,2668,425,1480,847,2138,1410,172,0,N\A
76,2010/06/26,5741,4145,34842,865,3197,675,1080,4268,2716,-298,192,3,N\A
76,2010/07/12,7039,3640,35878,425,2446,149,888,4375,1777,1397,193,3,N\A
76,2010/07/28,5171,2589,34842,611,1920,393,412,5736,2972,-209,210,3,N\A
76,2010/08/13,5564,2781,3154,583,2046,319,435,3296,2459,-85,231,3,N\A
76,2010/08/29,5971,2932,2061,530,2101,252,505,2031,2345,114,254,1,N\A
76,2010/09/14,7729,2606,34837,177,1382,-1000,288,856,2266,2099,268,1,N\A
76,2010/09/30,8456,5161,35874,281,3361,17,707,3425,2392,2258,282,3,N\A
76,2010/10/16,6925,5501,34841,934,5141,217,1035,5726,3392,345,290,1,N\A
76,2010/11/01,5888,2776,34893,533,2060,201,355,865,3490,2355,316,1,N\A
76,2010/11/17,5419,3014,34893,732,2464,332,629,2022,4026,517,334,1,N\A
76,2010/12/03,4291,1896,34961,665,1665,330,513,2238,3914,2374,339,1,N\A
76,2010/12/19,4566,2294,2189,745,1997,377,577,4287,4500,467,3,1,N\A
77,2010/01/01,4317,4361,2066,989,2492,1308,813,6341,3780,2412,6,3,N\A
77,2010/01/17,6871,4747,2120,612,3301,375,1048,5017,4409,396,25,1,N\A
77,2010/02/02,7009,4488,2116,525,2986,324,972,3147,3953,373,39,0,N\A
77,2010/02/18,6996,4023,2116,446,2524,305,1014,462,3394,373,53,0,N\A
77,2010/03/06,6513,3786,34893,562,2662,289,1046,1010,2611,2029,76,1,N\A
77,2010/03/22,5717,3347,2116,675,2477,409,1304,1010,2190,1936,92,0,N\A
77,2010/04/07,6209,3533,2120,593,2536,313,1260,4480,1663,1929,97,0,N\A
77,2010/04/23,4082,2211,2116,898,2137,469,1648,2336,1703,1709,115,0,N\A
77,2010/05/09,4073,1996,2120,790,1876,402,1549,5224,1320,1432,136,1,N\A
77,2010/05/25,3578,2694,2066,1308,2766,945,1770,6198,2961,-281,155,3,N\A
77,2010/06/10,2832,1763,34842,1316,2356,734,1564,4161,2673,-326,176,3,N\A
77,2010/06/26,4514,2762,2066,889,2352,1129,862,6348,1437,1251,182,3,N\A
77,2010/07/12,5321,1953,35038,444,1454,159,543,5235,1608,1406,200,3,N\A
77,2010/07/28,7107,3806,2262,399,2360,250,683,5671,2959,-210,210,3,N\A
77,2010/08/13,7308,6407,34841,770,4952,434,1227,4180,2575,-20,240,1,N\A
77,2010/08/29,8449,7098,34961,412,4902,208,879,1885,2327,107,254,1,N\A
77,2010/09/14,7760,5599,2116,533,4228,124,620,2376,1979,2029,259,0,N\A
77,2010/09/30,8369,6340,35038,369,4158,191,816,5246,2159,2305,280,3,N\A
77,2010/10/16,5867,4616,34841,986,3786,605,988,5650,3372,338,290,1,N\A
77,2010/11/01,2984,1139,34893,643,1190,406,474,1028,3474,2360,316,1,N\A
77,2010/11/17,4166,1614,2116,558,1355,315,471,1866,4010,514,334,0,N\A
77,2010/12/03,5741,2974,2189,596,2203,303,760,5660,4403,474,338,1,N\A
77,2010/12/19,8581,6947,34965,355,4649,177,999,4190,4483,467,3,1,N\A
78,2010/01/01,3406,1487,34837,632,1285,547,475,1264,4071,2321,12,1,N\A
78,2010/01/17,6670,3022,2116,387,1938,191,525,1647,3999,421,30,0,N\A
78,2010/02/02,8635,6812,2116,325,4437,173,816,3979,3821,327,48,0,N\A
78,2010/02/18,8369,4646,2116,239,2693,123,487,174,3360,412,53,0,N\A
78,2010/03/06,8210,5209,2116,311,3165,178,469,1291,2577,2032,76,0,N\A
78,2010/03/22,7879,7359,2189,666,5616,373,1066,5542,3224,130,82,1,N\A
78,2010/04/07,4678,2852,2116,959,2645,483,1058,198,2127,-124,101,0,N\A
78,2010/04/23,5121,2184,2116,522,1618,294,491,3708,1511,1607,122,0,N\A
78,2010/05/09,4065,2080,2116,827,1960,441,1013,1629,2168,-292,142,0,N\A
78,2010/05/25,4301,2480,2066,771,1935,644,674,6105,2946,-288,155,3,N\A
78,2010/06/10,3340,1240,34893,638,1278,294,420,1300,2118,1405,172,1,N\A
78,2010/06/26,7306,3310,34961,311,1998,150,364,3737,1898,1382,186,1,N\A
78,2010/07/12,9013,5822,34842,171,3297,120,608,5360,1597,1397,200,3,N\A
78,2010/07/28,8821,6366,34842,206,3290,322,792,6426,1214,1456,214,3,N\A
78,2010/08/13,8052,6506,2116,478,4432,281,901,3997,2547,-23,240,0,N\A
78,2010/08/29,6210,5505,2066,1041,4453,1834,1498,6110,2999,53,251,3,N\A
78,2010/09/14,5345,2675,35930,657,2166,268,659,2625,1945,2029,259,3,N\A
78,2010/09/30,4204,2122,34838,692,1696,536,628,3747,2343,2265,282,3,N\A
78,2010/10/16,4319,1511,2066,357,900,541,234,5370,2630,2387,296,3,N\A
78,2010/11/01,5296,2295,2116,528,1717,258,440,2624,3136,2349,307,0,N\A
78,2010/11/17,4170,1519,34893,527,1281,272,264,1602,3978,513,334,1,N\A
78,2010/12/03,3534,1264,34961,569,1191,308,294,2634,3868,2381,339,1,N\A
78,2010/12/19,4267,1638,34965,550,1369,290,470,4007,4450,467,3,1,N\A
79,2010/01/01,8436,5859,2261,325,3832,109,776,6530,3711,2414,6,1,N\A
79,2010/01/17,7038,4641,34893,559,3216,301,759,1330,3953,402,30,1,N\A
79,2010/02/02,6934,3992,2116,478,2641,262,890,2874,3577,2248,35,0,N\A
79,2010/02/18,4055,2816,2116,1337,3161,666,1673,174,3314,2264,53,0,N\A
79,2010/03/06,3829,2018,2116,937,2100,442,1730,2906,2681,2116,67,0,N\A
79,2010/03/22,3323,1875,2116,1091,2177,566,1879,1609,2119,1914,92,0,N\A
79,2010/04/07,2965,2067,34893,1588,2927,835,2807,153,2092,1888,101,1,N\A
79,2010/04/23,2888,1767,2061,1374,2490,660,2263,2865,1650,1688,115,1,N\A
79,2010/05/09,2349,1631,2116,1843,2975,891,2870,144,1957,1562,133,0,N\A
79,2010/05/25,3184,1887,2066,1144,2213,656,1729,6531,1240,1221,150,3,N\A
79,2010/06/10,2618,1881,2066,1817,3106,917,2730,5991,3031,-310,171,3,N\A
79,2010/06/26,2503,2117,34962,1916,3196,977,3117,3759,2677,-316,192,3,N\A
79,2010/07/12,3702,1724,35038,824,1793,359,1135,5518,1591,1377,200,3,N\A
79,2010/07/28,2721,1475,35874,1095,1914,614,520,141,2189,1734,213,3,N\A
79,2010/08/13,3070,1763,2061,1179,2224,598,529,3778,2515,-30,240,1,N\A
79,2010/08/29,5758,3004,2189,626,2326,258,538,5518,1380,1945,248,1,N\A
79,2010/09/14,4214,4277,34837,943,2317,1326,1249,2902,1902,2016,259,1,N\A
79,2010/09/30,7701,7868,2062,794,6116,1093,1229,3749,3030,360,288,3,N\A
79,2010/10/16,4817,5683,2062,1593,4555,1478,1169,3749,3409,440,304,3,N\A
79,2010/11/01,7246,6381,34837,615,3852,648,781,2911,3091,2345,307,1,N\A
79,2010/11/17,4327,2478,2116,902,2278,508,590,1275,3933,526,334,0,N\A
79,2010/12/03,1818,929,2116,1278,1846,565,535,1618,4002,2348,348,0,N\A
79,2010/12/19,2857,1381,2189,945,1701,492,324,4827,3871,2397,353,1,N\A
80,2010/01/01,7069,6254,34841,521,3035,815,761,6529,3707,2417,6,1,N\A
80,2010/01/17,7460,5861,2116,610,4195,342,1251,3778,4114,383,32,0,N\A
80,2010/02/02,7724,4780,2116,377,2936,242,976,2884,3573,2257,35,0,N\A
80,2010/02/18,5407,4477,2116,863,2895,897,2098,170,3312,2144,53,0,N\A
80,2010/03/06,4326,2280,2116,904,2283,345,1466,3976,2349,2092,74,0,N\A
80,2010/03/22,2809,1692,2116,1455,2592,604,2362,187,2419,2126,85,0,N\A
80,2010/04/07,2737,1776,2116,1577,2766,733,2604,154,2091,1752,101,0,N\A
80,2010/04/23,2736,1631,2116,1433,2513,608,2147,2865,1651,1679,115,0,N\A
80,2010/05/09,2412,1620,2116,1774,2902,819,2910,146,1959,1419,133,0,N\A
80,2010/05/25,3966,2680,2066,1335,3090,631,1863,6472,3028,-267,148,3,N\A
80,2010/06/10,3757,3067,2066,1380,3041,1038,1415,6472,3129,-299,164,3,N\A
80,2010/06/26,2982,1979,2066,1268,2346,838,1485,5518,1658,1304,184,3,N\A
80,2010/07/12,3258,2390,2066,1204,2368,989,1550,5518,1593,1378,200,3,N\A
80,2010/07/28,5239,3568,35878,747,2391,714,693,6530,1205,1435,214,3,N\A
80,2010/08/13,4975,3284,2066,968,2885,547,838,5425,2859,-134,226,3,N\A
80,2010/08/29,7205,3618,35037,389,2395,116,543,5518,1379,1949,248,1,N\A
80,2010/09/14,4772,4166,2062,1202,3397,992,1210,2618,2473,177,263,3,N\A
80,2010/09/30,7079,4477,35874,498,2912,323,730,191,2460,2252,277,3,N\A
80,2010/10/16,6438,4954,3098,710,3277,611,800,180,2853,2189,293,3,N\A
80,2010/11/01,7041,6548,34841,585,3370,833,634,6090,3218,2459,319,1,N\A
80,2010/11/17,4038,2203,34893,980,2308,416,646,1275,3930,542,334,1,N\A
80,2010/12/03,2725,1155,2116,922,1613,292,489,1618,4000,2367,348,0,N\A
80,2010/12/19,4273,2032,34965,812,2024,265,489,4827,3867,2397,353,1,N\A
81,2010/01/01,2560,995,34893,770,1300,348,342,1809,3997,2308,12,1,N\A
81,2010/01/17,5591,2911,2189,617,2182,326,647,4562,4300,396,25,1,N\A
81,2010/02/02,8486,5067,2120,242,2956,136,647,6160,2899,2288,47,1,N\A
81,2010/02/18,7792,6287,2116,549,4424,308,970,3588,3337,253,64,0,N\A
81,2010/03/06,8687,6000,34897,256,3644,142,593,4130,2321,2097,74,1,N\A
81,2010/03/22,6593,5313,2116,903,4399,449,1161,3606,2589,46,96,0,N\A
81,2010/04/07,6383,3919,2116,620,2809,342,794,3078,1809,1865,99,0,N\A
81,2010/04/23,6369,4056,2116,658,2967,358,1129,1800,1767,1579,124,0,N\A
81,2010/05/09,6306,4067,2116,694,3064,355,1105,387,1944,1534,133,0,N\A
81,2010/05/25,6554,4804,34842,842,4045,324,1333,6411,3017,-272,148,3,N\A
81,2010/06/10,5642,3161,2116,693,2488,327,837,1845,2107,1372,172,0,N\A
81,2010/06/26,5594,3864,34842,841,2977,349,893,4542,2799,-325,185,3,N\A
81,2010/07/12,4062,2102,2066,768,1819,524,513,4552,2793,-279,201,3,N\A
81,2010/07/28,3806,1923,2062,759,1692,549,630,1121,2269,-182,222,3,N\A
81,2010/08/13,6612,3564,2120,503,2467,228,779,5320,2840,-138,226,1,N\A
81,2010/08/29,8883,5369,2120,179,3027,112,586,5614,1353,1939,248,1,N\A
81,2010/09/14,8942,6672,35874,229,4104,128,595,3097,1873,2016,259,3,N\A
81,2010/09/30,8211,5259,34893,308,3137,205,524,423,2433,2120,277,1,N\A
81,2010/10/16,4213,3182,2066,730,1793,1043,460,4959,2399,2334,289,3,N\A
81,2010/11/01,4841,1834,34893,514,1479,188,471,1854,3369,2350,316,1,N\A
81,2010/11/17,4611,2001,34893,610,1654,303,509,1049,3904,527,334,1,N\A
81,2010/12/03,3581,1335,2116,560,1185,379,578,1836,3975,2353,348,0,N\A
81,2010/12/19,4391,2581,34841,811,2081,620,709,6411,4696,435,356,1,N\A
82,2010/01/01,3825,2346,34837,933,2089,716,1478,938,3907,2289,12,1,N\A
82,2010/01/17,4672,4724,2066,1240,3415,1246,1426,6256,4449,342,27,3,N\A
82,2010/02/02,5836,2775,2116,520,1978,262,664,3519,3216,2219,42,0,N\A
82,2010/02/18,6949,3966,2116,469,2606,260,1002,3529,2778,2137,58,0,N\A
82,2010/03/06,7275,5467,2116,608,3855,354,1234,3193,3042,184,71,0,N\A
82,2010/03/22,7845,4836,2120,343,2841,265,949,4480,1989,2003,81,0,N\A
82,2010/04/07,4793,3048,2116,1010,2870,490,1395,534,2161,-57,101,0,N\A
82,2010/04/23,4161,2042,2116,787,1909,386,1435,3491,1635,1540,122,0,N\A
82,2010/05/09,3065,1867,2116,1250,2355,675,1932,542,2122,-328,133,0,N\A
82,2010/05/25,3316,1700,34838,1081,2154,382,1702,3197,2538,-363,151,3,N\A
82,2010/06/10,3489,1605,34838,848,1757,359,1053,3193,2659,-391,167,3,N\A
82,2010/06/26,3485,1253,2185,569,1178,326,499,3193,2719,-376,183,1,N\A
82,2010/07/12,4493,3511,2066,816,2148,1008,652,6360,1570,1269,198,3,N\A
82,2010/07/28,8602,5751,34837,260,3460,148,658,554,2347,-341,213,1,N\A
82,2010/08/13,9563,6900,2189,89,3987,53,677,5854,1259,1722,239,1,N\A
82,2010/08/29,8878,9412,34841,356,5992,421,1101,5719,2899,-61,242,1,N\A
82,2010/09/14,7883,6016,2062,480,4056,277,616,2348,1896,1954,259,3,N\A
82,2010/09/30,5036,1572,35874,309,936,376,556,506,2406,310,277,3,N\A
82,2010/10/16,3297,4315,2066,2023,4014,1949,1672,5704,3242,302,290,3,N\A
82,2010/11/01,3200,1492,34837,736,1429,565,437,2358,2957,2314,307,1,N\A
82,2010/11/17,6235,3293,34965,533,2299,279,553,4219,4008,475,336,1,N\A
82,2010/12/03,7715,4242,34961,319,2474,225,619,974,3866,2327,348,1,N\A
82,2010/12/19,8428,7444,34837,363,4256,448,750,3510,3816,2348,362,1,N\A
83,2010/01/01,4687,3174,34837,1070,2958,601,1455,2229,3870,2321,3,1,N\A
83,2010/01/17,4003,3057,2120,1644,3839,767,2246,4327,4044,358,32,0,N\A
83,2010/02/02,3190,2654,2189,2091,4050,1086,2423,6292,4199,284,43,1,N\A
83,2010/02/18,3554,2201,2116,1338,2814,544,1822,3435,2779,2134,58,0,N\A
83,2010/03/06,3768,2469,2116,1264,2793,653,1702,3444,2315,2044,74,0,N\A
83,2010/03/22,3037,2404,34897,1955,3661,1020,2670,4316,2689,-4,96,1,N\A
83,2010/04/07,2881,2284,2116,1953,3534,1060,2647,661,2174,-72,101,0,N\A
83,2010/04/23,3257,1681,2066,773,1520,674,1309,5163,1359,1520,120,3,N\A
83,2010/05/09,2321,1569,2185,1788,2869,851,2444,670,2141,-342,133,1,N\A
83,2010/05/25,3011,1881,2066,991,1845,859,1593,6324,1476,1203,150,3,N\A
83,2010/06/10,2774,1893,2066,1293,2286,924,1970,5109,2951,-361,169,3,N\A
83,2010/06/26,7079,4090,34842,439,2567,546,897,6325,1677,1206,182,3,N\A
83,2010/07/12,5346,4883,2066,822,2711,1063,851,5810,1616,1356,207,3,N\A
83,2010/07/28,7868,4220,35874,298,2498,167,661,687,2367,-272,213,3,N\A
83,2010/08/13,9570,6404,2189,79,3600,44,615,5810,1273,1717,239,1,N\A
83,2010/08/29,7865,6339,34837,484,4051,385,797,2229,1858,1764,243,1,N\A
83,2010/09/14,8021,5899,35878,390,3553,332,587,4412,1611,1962,257,3,N\A
83,2010/09/30,5806,3975,2062,793,2989,525,1308,633,2409,287,277,3,N\A
83,2010/10/16,5600,2141,3298,423,1500,195,527,5194,2430,2353,296,3,N\A
83,2010/11/01,5350,2387,34837,510,1684,327,653,2048,3465,479,318,1,N\A
83,2010/11/17,6636,4527,3102,375,1855,791,812,5204,3298,2419,328,3,N\A
83,2010/12/03,8285,8983,34841,474,5054,687,1257,4306,4220,467,352,1,N\A
83,2010/12/19,7556,6638,3102,662,4756,865,1382,5124,4376,439,361,3,N\A
84,2010/01/01,7727,7469,34841,505,3939,730,961,6347,3591,2400,6,1,N\A
84,2010/01/17,8531,5744,35037,301,3799,51,818,5838,3266,2314,31,1,N\A
84,2010/02/02,6388,3643,2116,562,2550,304,888,948,3397,2197,44,0,N\A
84,2010/02/18,5193,4539,34841,863,2728,1018,991,5235,2661,2200,56,1,N\A
84,2010/03/06,3546,2463,2116,1532,3216,709,2203,1948,2749,161,78,0,N\A
84,2010/03/22,5341,3863,2065,1235,4067,420,1676,5714,3226,97,82,1,N\A
84,2010/04/07,3007,1982,2116,1515,2818,730,2435,544,2160,-64,101,0,N\A
84,2010/04/23,2993,1725,2116,1252,2322,578,1905,2294,1757,1646,115,0,N\A
84,2010/05/09,2604,1852,2116,1928,3286,870,2685,3221,2391,-294,135,0,N\A
84,2010/05/25,2932,1676,34893,1194,2185,610,1279,966,2167,1410,156,1,N\A
84,2010/06/10,3858,2840,34842,1026,2315,950,538,5855,1715,1235,175,3,N\A
84,2010/06/26,794,411,34837,1536,1801,653,346,525,2430,-431,181,1,N\A
84,2010/07/12,7128,5593,2062,611,3645,500,681,542,2415,-355,197,3,N\A
84,2010/07/28,8031,6432,3098,450,4122,340,718,570,2327,-257,213,3,N\A
84,2010/08/13,8374,7444,2120,476,5379,236,871,4248,2601,-64,240,0,N\A
84,2010/08/29,7237,2568,34837,204,1273,279,514,2321,1844,1785,243,1,N\A
84,2010/09/14,5464,4868,2066,1093,3727,901,717,5710,2893,75,258,3,N\A
84,2010/09/30,5099,2764,35930,778,2397,323,804,1948,2728,355,286,3,N\A
84,2010/10/16,4364,1925,35998,650,1657,331,435,3519,2670,2314,298,3,N\A
84,2010/11/01,862,536,2116,1897,2255,926,770,1939,3504,487,318,0,N\A
84,2010/11/17,2943,1911,34838,1315,2412,794,685,3184,3786,487,327,3,N\A
84,2010/12/03,6712,5294,34837,698,3549,570,753,956,3905,2341,348,1,N\A
84,2010/12/19,6800,4900,3098,648,3402,1571,1351,3500,3855,2354,362,3,N\A
85,2010/01/01,5262,2983,2116,782,2519,354,1052,1122,4049,453,5,0,N\A
85,2010/01/17,4255,2293,2116,880,2184,433,1432,333,3733,2250,28,0,N\A
85,2010/02/02,4375,2430,2116,936,2392,404,1825,361,3403,2116,44,0,N\A
85,2010/02/18,3692,2341,2116,1263,2742,604,2162,1103,3292,308,53,0,N\A
85,2010/03/06,3223,2052,2116,1400,2732,654,2453,379,2564,1955,76,0,N\A
85,2010/03/22,3095,1951,2116,1423,2699,652,2360,370,2208,1907,92,0,N\A
85,2010/04/07,2668,1987,2116,1908,3297,970,3201,1130,2222,-25,101,0,N\A
85,2010/04/23,2547,1709,2116,1644,2768,826,2483,1773,1833,1610,115,0,N\A
85,2010/05/09,3402,1895,34966,1054,2141,550,1983,6171,1280,1309,134,3,N\A
85,2010/05/25,3317,2416,2066,1407,2804,906,1878,6436,3169,-323,155,3,N\A
85,2010/06/10,4807,2342,2190,676,1928,350,627,4581,2895,-367,176,3,N\A
85,2010/06/26,4221,1412,2116,438,1078,317,386,1104,2520,-433,181,0,N\A
85,2010/07/12,6767,3128,35037,380,1971,205,694,6171,1625,1286,198,1,N\A
85,2010/07/28,7203,3952,2116,428,2633,167,636,1148,2411,-288,213,0,N\A
85,2010/08/13,8051,4201,2116,266,2465,130,392,353,2087,1753,236,0,N\A
85,2010/08/29,8061,7809,35878,523,4872,545,1024,5946,2961,-61,242,3,N\A
85,2010/09/14,7182,5737,2120,737,4495,339,974,6435,3130,127,267,1,N\A
85,2010/09/30,5376,3033,3154,734,2441,370,704,1094,2447,269,277,3,N\A
85,2010/10/16,4193,2789,2066,1062,2596,696,664,5935,3284,294,290,3,N\A
85,2010/11/01,4729,2044,2116,599,1674,283,609,2461,3492,468,318,0,N\A
85,2010/11/17,6957,3799,2116,447,2491,230,688,2461,3828,503,334,0,N\A
85,2010/12/03,7788,4185,2116,310,2493,175,441,378,3883,2364,348,0,N\A
85,2010/12/19,7836,6199,34841,441,3636,453,746,4948,3702,2377,360,1,N\A
86,2010/01/01,4391,2544,2116,993,2548,430,1514,1140,4051,448,5,0,N\A
86,2010/01/17,4455,2425,2116,842,2195,440,1202,324,3733,2251,28,0,N\A
86,2010/02/02,5669,3522,2116,704,2547,492,1412,1139,3664,368,37,0,N\A
86,2010/02/18,6383,3925,2120,619,2804,347,1328,4111,2966,2193,49,0,N\A
86,2010/03/06,5392,4350,2116,1188,3969,682,2179,3645,3093,184,71,0,N\A
86,2010/03/22,4479,2759,2116,1018,2670,508,1525,361,2209,1908,92,0,N\A
86,2010/04/07,3748,2681,2116,1385,3046,783,2176,1139,2223,-25,101,0,N\A
86,2010/04/23,3188,1970,2116,1303,2523,648,2072,1764,1834,1610,115,0,N\A
86,2010/05/09,2740,1788,2116,1625,2852,727,2253,3663,2478,-291,135,0,N\A
86,2010/05/25,3817,2330,2066,924,2065,716,1416,6172,1506,1218,150,3,N\A
86,2010/06/10,5581,2811,2190,600,2116,298,628,4581,2894,-368,176,3,N\A
86,2010/06/26,7191,4255,2116,449,2748,258,636,3645,2782,-366,183,0,N\A
86,2010/07/12,9540,6350,35037,83,3528,62,700,6171,1625,1286,198,1,N\A
86,2010/07/28,8747,6650,2116,280,4191,156,604,1157,2412,-288,213,0,N\A
86,2010/08/13,8197,5058,2116,302,3048,172,482,337,2089,1773,236,0,N\A
86,2010/08/29,7922,6983,34841,585,5048,344,972,5957,2964,-60,242,1,N\A
86,2010/09/14,5997,4226,2120,893,3569,413,929,6435,3131,127,267,1,N\A
86,2010/09/30,4069,2803,2066,827,1962,907,590,6172,1767,2304,278,3,N\A
86,2010/10/16,6600,3787,35878,519,2534,313,632,4581,3351,395,304,3,N\A
86,2010/11/01,7051,3022,2116,312,1804,178,467,389,3284,2375,316,0,N\A
86,2010/11/17,7939,5507,2116,411,3579,222,805,2470,3829,503,334,0,N\A
86,2010/12/03,7280,4261,2116,440,2796,215,541,370,3885,2378,348,0,N\A
86,2010/12/19,7457,5810,34841,530,3639,459,735,4948,3702,2377,360,1,N\A
87,2010/01/01,6956,8112,34841,582,3243,1138,1162,6288,3577,2397,6,1,N\A
87,2010/01/17,6836,4396,34841,481,2560,483,849,5755,3260,2307,31,1,N\A
87,2010/02/02,6743,3789,34965,541,2782,166,831,6277,3017,2305,38,1,N\A
87,2010/02/18,5923,3317,2189,670,2617,262,1139,5778,2340,2187,63,1,N\A
87,2010/03/06,4957,3931,34841,1378,4088,683,1929,5791,3595,188,66,1,N\A
87,2010/03/22,4612,5753,35878,1503,4077,1588,2407,5797,3242,95,82,3,N\A
87,2010/04/07,4157,2883,2120,1325,3211,641,2256,4394,2542,-118,112,0,N\A
87,2010/04/23,5994,3573,35878,556,2220,522,1421,5116,1351,1537,120,3,N\A
87,2010/05/09,4643,3233,2116,1187,3245,594,2164,3386,2422,-290,135,0,N\A
87,2010/05/25,5666,4294,2066,856,3095,693,1121,6315,3113,-318,155,3,N\A
87,2010/06/10,3978,2024,2116,909,2110,364,961,732,2395,-405,165,0,N\A
87,2010/06/26,4144,1908,2116,657,1587,446,924,733,2462,-438,181,0,N\A
87,2010/07/12,6585,6001,2066,563,2735,942,583,5766,1599,1369,207,3,N\A
87,2010/07/28,8160,5674,3098,357,3525,228,874,777,2357,-278,213,3,N\A
87,2010/08/13,8341,7271,2120,454,5022,272,1015,4375,2625,-71,240,0,N\A
87,2010/08/29,8429,6721,34837,314,3685,404,1020,2138,1866,1781,243,1,N\A
87,2010/09/14,6900,3115,34837,341,1859,230,599,2156,1922,1965,259,1,N\A
87,2010/09/30,5556,3390,35874,821,2874,355,897,723,2436,280,277,3,N\A
87,2010/10/16,5736,4440,2066,953,3517,640,847,5791,3272,303,290,3,N\A
87,2010/11/01,4931,2484,34837,725,2136,305,854,2131,3500,477,318,1,N\A
87,2010/11/17,5572,4897,2062,887,3120,939,874,3378,3485,2379,330,3,N\A
87,2010/12/03,7986,5427,2061,393,3511,201,736,2149,4068,498,350,1,N\A
87,2010/12/19,6838,5267,2066,704,3749,1119,744,6287,3618,2426,358,3,N\A
88,2010/01/01,4721,2223,34961,701,1955,275,652,3747,3722,2320,10,1,N\A
88,2010/01/17,3853,1772,2120,768,1731,368,871,4911,4210,372,25,1,N\A
88,2010/02/02,4466,1570,2116,477,1247,247,482,213,3586,268,37,0,N\A
88,2010/02/18,7628,4829,2116,398,2958,279,1068,1638,3097,240,62,0,N\A
88,2010/03/06,7590,5532,2116,496,3621,330,874,1639,2696,131,78,0,N\A
88,2010/03/22,7329,4701,2116,452,2933,327,947,182,2398,143,85,0,N\A
88,2010/04/07,5691,3262,2116,674,2455,380,879,200,2129,-32,101,0,N\A
88,2010/04/23,4993,2630,2185,741,2219,349,1245,3728,1618,1522,122,1,N\A
88,2010/05/09,4657,2383,34841,581,1594,594,1285,6457,1225,1278,134,1,N\A
88,2010/05/25,5098,2955,2066,634,1953,613,1050,6469,1463,1183,150,3,N\A
88,2010/06/10,3143,1579,34841,733,1405,689,520,5989,1758,1215,175,1,N\A
88,2010/06/26,6892,5046,34841,482,2620,656,666,6470,1663,1190,182,1,N\A
88,2010/07/12,7122,4047,35037,439,2612,243,803,6457,1575,1251,198,1,N\A
88,2010/07/28,8716,5198,34893,206,3005,104,660,220,2332,-385,213,1,N\A
88,2010/08/13,8080,6943,2120,524,4935,293,915,4036,2578,-86,240,0,N\A
88,2010/08/29,8414,5663,2116,304,3531,148,573,2625,1813,1752,243,0,N\A
88,2010/09/14,5220,3688,2066,657,2092,841,539,5989,1585,2214,271,3,N\A
88,2010/09/30,5110,2667,35874,617,1907,469,730,175,2362,392,277,3,N\A
88,2010/10/16,3836,1815,35878,792,1778,394,656,4017,3274,409,304,3,N\A
88,2010/11/01,5221,2256,34961,533,1698,265,515,1309,3220,2314,316,1,N\A
88,2010/11/17,7710,6114,34841,499,3860,415,855,4007,3963,473,336,1,N\A
88,2010/12/03,6143,4048,2116,849,3554,259,737,1291,3823,2322,348,0,N\A
88,2010/12/19,7506,5442,34837,555,3897,250,962,3746,3772,2346,362,1,N\A
89,2010/01/01,5165,2353,34893,568,1782,306,618,103,3949,597,5,1,N\A
89,2010/01/17,8096,7154,2116,543,5162,304,1342,3978,3970,362,32,0,N\A
89,2010/02/02,7832,5219,2116,416,3423,202,856,1382,3294,2166,44,0,N\A
89,2010/02/18,7421,4850,2116,476,3216,260,803,86,3182,144,53,0,N\A
89,2010/03/06,6625,3970,2116,594,2926,241,1025,2726,2564,2071,67,0,N\A
89,2010/03/22,3712,2261,34893,1239,2702,528,1870,1382,2102,1833,92,1,N\A
89,2010/04/07,2802,2009,2116,1952,3472,837,2755,1584,2206,-146,110,0,N\A
89,2010/04/23,3042,1775,2116,1253,2349,591,1935,2680,1749,1598,115,0,N\A
89,2010/05/09,3995,2137,34842,753,1755,607,1525,6493,1246,1261,134,3,N\A
89,2010/05/25,4234,2290,34842,727,1795,600,1369,6494,1490,1176,150,3,N\A
89,2010/06/10,2572,1026,2116,797,1349,358,272,1547,2578,-424,174,0,N\A
89,2010/06/26,3592,1607,34837,809,1716,328,717,2867,2728,-386,183,1,N\A
89,2010/07/12,7766,6560,2066,529,4209,448,851,4840,2968,-316,201,3,N\A
89,2010/07/28,9185,8302,34961,241,5675,101,912,3997,2686,-211,224,1,N\A
89,2010/08/13,9471,6470,34965,100,3687,57,537,6022,1224,1692,239,1,N\A
89,2010/08/29,8458,7390,2120,424,5076,251,797,5552,2866,-75,242,1,N\A
89,2010/09/14,5863,4315,2066,624,2393,785,703,6506,1242,2132,262,3,N\A
89,2010/09/30,4218,3147,2066,832,2046,986,671,6506,1669,2321,278,3,N\A
89,2010/10/16,3923,2962,34842,896,2053,1022,1114,5532,3172,295,290,3,N\A
89,2010/11/01,6297,2828,2116,415,1827,245,415,2736,2878,2328,307,0,N\A
89,2010/11/17,9712,6206,35037,49,3361,42,703,6034,3322,2441,335,1,N\A
89,2010/12/03,8563,5630,2116,254,3283,181,655,1391,3788,2321,348,0,N\A
89,2010/12/19,7445,5141,34961,515,3517,268,573,2876,4111,475,359,1,N\A
90,2010/01/01,3832,3073,2066,914,2050,1106,1091,6481,3452,2402,6,3,N\A
90,2010/01/17,4684,3011,2189,1023,2826,533,1912,4026,3962,355,32,1,N\A
90,2010/02/02,5077,2521,2116,685,2098,293,1647,182,3547,414,37,0,N\A
90,2010/02/18,4639,2545,2116,806,2201,445,1554,1319,2875,2071,60,0,N\A
90,2010/03/06,4249,2116,2116,770,1908,411,1400,2662,2561,2054,67,0,N\A
90,2010/03/22,4914,2592,34893,742,2176,373,1073,156,2385,4,85,1,N\A
90,2010/04/07,4748,3267,2116,1097,3081,598,1941,1656,2219,-132,110,0,N\A
90,2010/04/23,4883,2770,2116,793,2307,454,1262,2625,1764,1598,115,0,N\A
90,2010/05/09,4803,3075,2116,1023,2914,491,1480,1634,2353,-368,142,0,N\A
90,2010/05/25,6438,3717,35930,565,2608,301,911,1328,2233,1370,156,3,N\A
90,2010/06/10,8018,5422,2116,376,3420,219,642,1612,2598,-440,174,0,N\A
90,2010/06/26,8374,5910,2061,332,3753,170,609,156,2493,-520,181,1,N\A
90,2010/07/12,7899,6907,3102,524,4465,446,673,4884,2986,-319,201,3,N\A
90,2010/07/28,8726,6654,2120,274,4028,209,526,4678,1860,1394,209,1,N\A
90,2010/08/13,9181,7712,35998,200,4687,179,609,3766,1726,1635,234,3,N\A
90,2010/08/29,8440,7360,2120,425,5025,260,730,5584,2877,-79,242,1,N\A
90,2010/09/14,8735,7488,35878,349,5170,156,820,4870,2725,115,265,3,N\A
90,2010/09/30,7769,5909,3154,498,3967,304,673,1611,2621,340,286,3,N\A
90,2010/10/16,7854,6716,34966,583,4852,328,747,5564,3167,292,290,3,N\A
90,2010/11/01,7167,4612,34893,502,3042,305,916,2671,2864,2312,307,1,N\A
90,2010/11/17,5297,4133,2066,743,2417,900,1074,4864,3877,448,329,3,N\A
90,2010/12/03,4916,2375,34893,700,2054,267,1029,1318,3773,2329,348,1,N\A
90,2010/12/19,5336,4114,2190,1040,3420,460,1522,4890,4291,438,361,3,N\A
91,2010/01/01,5520,3268,2116,796,2758,337,1085,218,3851,2361,5,0,N\A
91,2010/01/17,5983,4107,2120,876,3486,381,1357,4701,4094,358,25,1,N\A
91,2010/02/02,4806,2697,2116,885,2523,354,1491,207,3468,2162,37,0,N\A
91,2010/02/18,4226,2003,2120,769,1895,328,1353,4053,2621,2123,58,0,N\A
91,2010/03/06,3794,1842,2116,871,1936,361,1471,2986,2491,2047,67,0,N\A
91,2010/03/22,3637,2371,2116,1352,2898,628,2588,3768,2609,-35,96,0,N\A
91,2010/04/07,5412,2561,34842,584,1962,269,1209,6136,1163,1557,111,3,N\A
91,2010/04/23,4137,2066,2122,819,1975,387,1322,4888,1460,1563,113,3,N\A
91,2010/05/09,4198,2688,2066,1178,2883,546,1673,6013,3020,-306,139,3,N\A
91,2010/05/25,3812,2498,2066,956,2134,811,1259,5594,1779,1225,152,3,N\A
91,2010/06/10,4092,1613,34842,436,1040,573,361,5594,1924,1209,168,3,N\A
91,2010/06/26,4145,1840,2116,697,1684,328,1282,237,2520,1452,181,0,N\A
91,2010/07/12,6289,3874,35878,648,2845,341,1058,4690,3000,-334,201,3,N\A
91,2010/07/28,7097,8078,3098,410,2415,1156,1916,189,2370,1433,213,3,N\A
91,2010/08/13,6513,6300,35878,747,3538,926,753,4029,1712,1604,234,3,N\A
91,2010/08/29,8355,5005,2189,275,3069,102,476,4898,1499,1688,241,1,N\A
91,2010/09/14,7176,6612,34842,728,4428,641,890,6496,3102,40,260,3,N\A
91,2010/09/30,7847,4962,35998,382,3168,190,610,2996,1983,2107,275,3,N\A
91,2010/10/16,7588,5641,3154,550,4011,263,976,1249,2907,403,302,3,N\A
91,2010/11/01,7498,5619,2116,569,3980,296,904,1239,3293,467,318,0,N\A
91,2010/11/17,9310,5778,2261,115,3221,63,533,6148,3215,2437,335,1,N\A
91,2010/12/03,7373,5579,2116,627,4147,285,960,3758,4051,461,352,0,N\A
91,2010/12/19,7177,5315,35878,594,3615,549,881,5414,4255,429,354,3,N\A
92,2010/01/01,7289,5171,34841,596,3801,251,1126,6244,4519,393,4,1,N\A
92,2010/01/17,6340,3935,2116,651,2907,331,852,3202,3872,366,32,0,N\A
92,2010/02/02,6223,3700,2116,631,2711,326,907,1929,3632,351,39,0,N\A
92,2010/02/18,5805,3884,34837,883,3327,386,1263,1911,3269,272,55,1,N\A
92,2010/03/06,6567,5178,34965,909,4388,406,1578,6232,3627,147,68,1,N\A
92,2010/03/22,2974,2141,34841,1571,2901,907,962,5277,1817,2004,81,1,N\A
92,2010/04/07,5913,5172,2185,941,3664,820,2369,3202,2395,-157,112,1,N\A
92,2010/04/23,6034,4198,34841,896,3623,368,1464,5062,2689,-160,114,1,N\A
92,2010/05/09,5898,3860,34837,789,3058,413,1495,2386,1976,1380,140,1,N\A
92,2010/05/25,6547,4314,34837,692,3317,301,1154,470,2404,-428,158,1,N\A
92,2010/06/10,5795,3102,34837,663,2491,232,718,464,2506,-501,174,1,N\A
92,2010/06/26,5163,2866,2061,783,2455,343,590,1911,2652,-411,183,1,N\A
92,2010/07/12,5406,3315,2066,757,2539,486,646,4219,2883,-327,201,3,N\A
92,2010/07/28,7052,5440,35874,599,3466,518,788,983,2255,1471,213,3,N\A
92,2010/08/13,8728,5097,34965,204,3006,65,508,6383,1119,1675,239,1,N\A
92,2010/08/29,7782,5140,35874,468,3753,78,678,2395,1834,1844,252,3,N\A
92,2010/09/14,7724,7981,2066,656,5111,679,1157,5032,2727,52,258,3,N\A
92,2010/09/30,6066,4272,3098,557,2275,742,953,1028,2233,2108,277,3,N\A
92,2010/10/16,5861,4519,3102,989,3790,564,1091,5032,3069,304,290,3,N\A
92,2010/11/01,4879,2651,34837,778,2261,393,811,452,3308,477,318,1,N\A
92,2010/11/17,5026,3499,2066,940,2840,654,897,5692,4024,435,331,3,N\A
92,2010/12/03,4095,4431,2066,1066,2545,1413,810,6389,3461,2435,351,3,N\A
92,2010/12/19,5364,3988,2066,981,3252,995,1087,6243,4467,417,356,3,N\A
93,2010/01/01,7074,4664,2120,580,3385,244,806,6162,4578,414,4,1,N\A
93,2010/01/17,8296,5098,34893,283,3039,163,611,2560,3607,2261,28,1,N\A
93,2010/02/02,8925,3942,34841,117,2061,58,422,4639,3117,2242,42,1,N\A
93,2010/02/18,7799,4973,2116,392,3171,207,568,1255,3125,2143,53,0,N\A
93,2010/03/06,5646,3825,2116,931,3346,420,1404,1674,2888,213,71,0,N\A
93,2010/03/22,5325,2802,2116,686,2249,323,1193,1246,2272,1920,85,0,N\A
93,2010/04/07,4586,3101,2185,1272,3427,492,1543,264,2051,-169,110,1,N\A
93,2010/04/23,6203,4359,2120,820,3500,407,1382,4074,2472,-193,121,0,N\A
93,2010/05/09,5837,3899,2116,810,3082,450,1394,236,2161,-380,142,0,N\A
93,2010/05/25,6436,3890,2116,582,2684,356,1206,2597,2041,1349,156,0,N\A
93,2010/06/10,6259,4603,34841,811,3525,487,1215,6140,3131,-340,164,1,N\A
93,2010/06/26,6188,4141,2116,746,3168,403,1157,236,2426,-342,190,0,N\A
93,2010/07/12,7049,4748,2116,564,3259,327,1030,1237,2275,1436,197,0,N\A
93,2010/07/28,3244,4501,2066,1502,2945,1859,1258,6162,3175,-238,212,3,N\A
93,2010/08/13,3675,1316,34897,610,1319,202,373,5349,1492,1544,225,1,N\A
93,2010/08/29,4518,2378,34965,828,2193,375,853,4910,2717,-55,242,1,N\A
93,2010/09/14,7189,4885,2120,566,3462,272,867,4036,2614,148,265,0,N\A
93,2010/09/30,7311,4188,3154,417,2685,220,489,211,2581,281,286,3,N\A
93,2010/10/16,7696,4152,2116,334,2566,151,469,228,2980,513,302,0,N\A
93,2010/11/01,7711,4881,2189,409,3166,200,657,4658,3019,2394,314,1,N\A
93,2010/11/17,5865,3741,2120,780,2993,385,980,4026,3870,476,329,0,N\A
93,2010/12/03,5526,3001,2120,731,2537,251,677,5595,4343,452,347,1,N\A
93,2010/12/19,2994,1235,34837,703,1304,448,401,3727,3791,2363,355,1,N\A
94,2010/01/01,8272,5281,34897,300,3173,183,603,4608,3706,2335,10,1,N\A
94,2010/01/17,8185,4887,34893,298,2987,136,588,2523,3619,2249,28,1,N\A
94,2010/02/02,7484,4811,2116,457,3177,238,637,273,3425,300,46,0,N\A
94,2010/02/18,7273,4383,2116,461,2921,221,627,1210,3136,2157,53,0,N\A
94,2010/03/06,4968,3095,2116,968,2880,433,1416,1711,2896,205,71,0,N\A
94,2010/03/22,5119,2680,2116,722,2237,325,1124,1209,2279,1936,85,0,N\A
94,2010/04/07,6715,3605,34837,448,2280,302,1030,2533,1766,1717,108,1,N\A
94,2010/04/23,5883,3911,2120,815,3145,419,1293,4103,2472,-193,121,0,N\A
94,2010/05/09,5974,3389,2116,634,2516,325,922,1182,1946,1483,133,0,N\A
94,2010/05/25,6916,5317,35878,543,2979,638,1085,6433,1519,1179,159,3,N\A
94,2010/06/10,6398,4487,34842,712,3242,456,1066,6163,3130,-331,164,3,N\A
94,2010/06/26,2704,1064,2116,754,1313,361,209,1720,2551,-385,183,0,N\A
94,2010/07/12,2397,1223,2116,1086,1771,572,494,1201,2271,1409,197,0,N\A
94,2010/07/28,4959,3588,2062,836,2481,805,751,2514,1970,1536,220,3,N\A
94,2010/08/13,8809,5697,34897,210,3317,126,585,5333,1490,1547,225,1,N\A
94,2010/08/29,7911,6433,2185,540,4631,263,838,3006,2423,83,256,1,N\A
94,2010/09/14,8194,6814,34841,482,4858,226,784,4065,2622,153,265,1,N\A
94,2010/09/30,6530,5525,2062,802,3821,663,763,3709,2025,2167,275,3,N\A
94,2010/10/16,4623,2239,2116,731,1988,312,602,263,2991,448,302,0,N\A
94,2010/11/01,5105,1412,34893,313,966,172,311,3709,2898,2349,307,1,N\A
94,2010/11/17,2799,1277,2120,958,1703,383,404,4055,3883,472,329,0,N\A
94,2010/12/03,2911,1353,34893,913,1663,439,368,3007,4145,479,352,1,N\A
94,2010/12/19,3446,1290,34961,638,1309,285,274,3699,3804,2368,355,1,N\A
95,2010/01/01,4241,3082,34841,1166,2884,793,936,6024,4560,418,4,1,N\A
95,2010/01/17,2873,1619,34837,1431,2585,448,789,2692,3906,376,32,1,N\A
95,2010/02/02,4169,2023,2116,776,1886,377,373,1348,3664,352,39,0,N\A
95,2010/02/18,7718,2673,34841,166,1289,238,380,5530,2820,2240,49,1,N\A
95,2010/03/06,7414,4672,2189,474,3192,199,716,5529,2320,2162,65,1,N\A
95,2010/03/22,8537,7613,34841,309,3917,523,842,5534,1817,2050,81,1,N\A
95,2010/04/07,6218,3886,2185,759,3255,234,947,113,2012,1864,110,1,N\A
95,2010/04/23,6083,3455,2120,640,2628,278,908,4817,1415,1520,122,1,N\A
95,2010/05/09,5240,3088,2116,833,2667,376,1312,135,2120,1504,142,0,N\A
95,2010/05/25,6613,3318,3226,464,2276,188,890,4838,1749,1293,154,3,N\A
95,2010/06/10,6647,3369,34838,507,2518,85,1174,3976,1944,1310,163,3,N\A
95,2010/06/26,5355,2962,34837,719,2377,360,1183,1600,2260,1365,181,1,N\A
95,2010/07/12,6190,3253,34842,559,2376,236,941,5529,1759,1305,193,3,N\A
95,2010/07/28,4200,2978,2066,1007,2466,835,811,6036,3134,-239,212,3,N\A
95,2010/08/13,6105,1743,2189,250,1034,172,427,5507,1451,1546,225,1,N\A
95,2010/08/29,7236,5066,2120,541,3374,352,882,4720,2679,-52,242,1,N\A
95,2010/09/14,8501,5814,35998,290,3581,156,587,3976,1710,1991,259,3,N\A
95,2010/09/30,7951,6201,3098,413,3619,423,731,1609,2256,2129,277,3,N\A
95,2010/10/16,7847,5241,34893,411,3407,211,596,1609,2643,2251,293,1,N\A
95,2010/11/01,6206,3558,2116,624,2666,275,797,2912,3188,2354,316,0,N\A
95,2010/11/17,5378,3683,34837,989,3291,480,1000,3778,3859,479,329,1,N\A
95,2010/12/03,6138,4148,34841,850,3553,315,984,4700,4110,467,338,1,N\A
95,2010/12/19,2683,2114,34961,2028,3516,1079,1354,3966,3788,2371,355,1,N\A
96,2010/01/01,4350,2429,35037,963,2446,395,727,6013,4554,414,4,1,N\A
96,2010/01/17,5411,4936,34841,1048,3520,972,1066,6503,4497,336,29,1,N\A
96,2010/02/02,6982,4143,2116,494,2780,260,600,1311,3658,375,39,0,N\A
96,2010/02/18,7151,3972,2116,428,2577,216,478,181,2970,2015,62,0,N\A
96,2010/03/06,8706,6831,2189,250,3616,373,782,5551,2312,2161,65,1,N\A
96,2010/03/22,6483,3927,34893,595,2789,319,829,1636,2235,1944,85,1,N\A
96,2010/04/07,5758,4202,2189,1010,3753,466,1301,4690,2726,-13,98,1,N\A
96,2010/04/23,5790,3927,2116,879,3297,424,1186,3806,2429,-198,121,0,N\A
96,2010/05/09,7015,3990,2116,462,2634,240,808,3976,1620,1444,131,0,N\A
96,2010/05/25,5995,3571,34893,689,2752,326,1119,2930,2003,1336,156,1,N\A
96,2010/06/10,6116,3467,34838,611,2536,310,1172,3998,1945,1305,163,3,N\A
96,2010/06/26,6187,3713,34837,655,2781,320,1045,1636,2262,1373,181,1,N\A
96,2010/07/12,7324,4244,34842,411,2661,250,686,5540,1762,1302,193,3,N\A
96,2010/07/28,4201,3434,2066,1102,2699,1025,812,6024,3134,-238,212,3,N\A
96,2010/08/13,4299,2109,2116,767,1924,375,431,1330,2281,-171,231,0,N\A
96,2010/08/29,6352,3799,2120,613,2748,317,490,4700,2676,-55,242,1,N\A
96,2010/09/14,5017,4000,2185,1277,3849,725,1762,3768,2579,154,265,1,N\A
96,2010/09/30,8177,6557,2185,454,4529,229,733,2627,2815,350,288,1,N\A
96,2010/10/16,8409,5701,2116,305,3531,162,604,1645,2637,2264,293,0,N\A
96,2010/11/01,7455,4626,2116,430,2950,255,692,2939,3181,2359,316,0,N\A
96,2010/11/17,7675,4304,3102,357,2715,155,878,6114,3265,2452,328,3,N\A
96,2010/12/03,6312,4381,3102,703,3110,479,825,4680,4104,467,338,3,N\A
96,2010/12/19,5408,2475,34961,537,1802,300,432,3995,3781,2370,355,1,N\A
97,2010/01/01,3998,2048,2185,923,2153,357,560,1654,3919,2321,5,1,N\A
97,2010/01/17,5609,4487,34841,821,2919,821,754,6102,3353,2344,24,1,N\A
97,2010/02/02,7677,5489,2189,433,3295,381,986,4868,3090,2245,42,1,N\A
97,2010/02/18,7863,4655,2189,373,3118,82,730,5561,2806,2237,49,1,N\A
97,2010/03/06,5639,3560,2116,820,2941,396,923,1248,2848,190,71,0,N\A
97,2010/03/22,5131,2830,35037,795,2471,325,756,5572,1804,2050,81,1,N\A
97,2010/04/07,4850,3108,2185,1053,3037,453,1262,2645,2297,-133,112,1,N\A
97,2010/04/23,5464,3657,2120,943,3215,446,1310,4690,2587,-138,114,1,N\A
97,2010/05/09,6510,3474,2120,508,2404,241,577,4005,1620,1444,131,0,N\A
97,2010/05/25,5936,3557,2116,676,2651,377,1104,225,2268,1397,158,0,N\A
97,2010/06/10,7096,3616,34966,417,2455,116,706,4878,1882,1276,170,3,N\A
97,2010/06/26,5039,2828,2116,841,2550,332,839,1673,2263,1380,181,0,N\A
97,2010/07/12,6245,3050,3298,523,2263,152,583,5561,1765,1297,193,3,N\A
97,2010/07/28,5075,2959,3222,834,2553,405,543,2654,2478,-195,224,3,N\A
97,2010/08/13,6180,3146,2189,542,2296,215,438,5540,1449,1538,225,1,N\A
97,2010/08/29,7503,5618,2120,559,3920,309,845,4676,2672,-54,242,1,N\A
97,2010/09/14,8117,6981,3154,378,3639,564,1000,3739,2573,150,265,3,N\A
97,2010/09/30,7228,4502,2116,495,3077,228,558,1691,2242,2146,277,0,N\A
97,2010/10/16,5012,3641,3098,1068,3215,651,829,1257,2867,423,295,3,N\A
97,2010/11/01,5702,2879,2116,625,2284,217,559,2972,3173,2355,316,0,N\A
97,2010/11/17,5452,2618,34837,633,2151,194,459,1690,3455,2345,325,1,N\A
97,2010/12/03,4955,2401,35037,673,1995,303,432,4033,3602,2393,339,1,N\A
97,2010/12/19,2905,1393,34841,762,1386,635,446,4014,3774,2367,355,1,N\A
98,2010/01/01,3599,2439,34841,1483,3151,661,969,5979,4519,412,4,1,N\A
98,2010/01/17,6758,3160,34837,400,2068,170,571,2562,3864,378,32,1,N\A
98,2010/02/02,7789,4578,34837,365,2938,144,592,1727,3461,2214,37,1,N\A
98,2010/02/18,8813,6386,34965,250,3965,123,672,5604,2775,2234,49,1,N\A
98,2010/03/06,7946,5103,34965,412,3601,60,761,4929,2111,2073,74,1,N\A
98,2010/03/22,6004,3474,34893,674,2700,289,949,1754,2214,1916,85,1,N\A
98,2010/04/07,5552,3307,34837,652,2280,518,534,3004,1716,1694,108,1,N\A
98,2010/04/23,6063,3257,2116,572,2334,299,606,1700,1842,1600,117,0,N\A
98,2010/05/09,7088,5347,34841,633,3715,414,1063,6459,3084,-279,141,1,N\A
98,2010/05/25,6306,4072,2116,697,3077,353,1008,307,2285,1418,158,0,N\A
98,2010/06/10,7459,4004,34842,325,2234,302,757,4929,1903,1264,170,3,N\A
98,2010/06/26,6793,4720,35878,617,3232,269,896,4615,2910,-368,178,3,N\A
98,2010/07/12,6719,4993,34842,695,3542,461,819,5373,3036,-294,203,3,N\A
98,2010/07/28,6338,3718,34842,602,2686,305,854,4641,2865,-274,210,3,N\A
98,2010/08/13,6902,4735,34841,545,2974,456,774,5582,1455,1526,225,1,N\A
98,2010/08/29,7343,5483,2120,617,4029,290,947,4630,2668,-65,242,1,N\A
98,2010/09/14,7156,5443,2116,674,4067,337,897,3682,2556,142,265,0,N\A
98,2010/09/30,6842,3985,2116,513,2736,249,721,1764,2216,2143,277,0,N\A
98,2010/10/16,5965,3209,34893,631,2497,233,657,1754,2599,2241,293,1,N\A
98,2010/11/01,5830,2972,2116,582,2210,268,712,3042,3139,2362,316,0,N\A
98,2010/11/17,5152,3051,34837,820,2563,427,722,3673,3813,475,329,1,N\A
98,2010/12/03,2511,2788,3098,1251,2090,1610,1330,306,3902,2335,350,3,N\A
98,2010/12/19,2462,1379,35037,1186,1961,671,682,4071,3740,2367,355,1,N\A
99,2010/01/01,6912,4209,34965,547,2996,231,725,6036,4510,411,4,1,N\A
99,2010/01/17,8060,4426,34837,304,2831,51,433,2865,3538,2245,28,1,N\A
99,2010/02/02,8544,6909,35037,368,4687,169,952,6037,4242,313,36,1,N\A
99,2010/02/18,6854,4523,2116,588,3151,335,1052,1330,3242,302,55,0,N\A
99,2010/03/06,7557,4282,34837,434,3120,6,1398,1600,2625,2029,69,1,N\A
99,2010/03/22,5526,3404,2116,762,2645,452,1805,1599,2223,1916,85,0,N\A
99,2010/04/07,5096,3743,34965,1151,3544,596,2146,4720,2734,-25,98,1,N\A
99,2010/04/23,4658,3189,2120,1246,3419,515,1907,4740,2613,-151,114,1,N\A
99,2010/05/09,5011,3896,34962,1241,3734,691,2042,2682,2451,-364,144,3,N\A
99,2010/05/25,5281,3916,2066,1128,3653,574,1505,6025,3023,-320,148,3,N\A
99,2010/06/10,5031,3527,2189,1168,3534,503,1989,6026,3139,-349,164,1,N\A
99,2010/06/26,5590,3855,3154,840,2970,529,1963,1600,2317,1351,181,3,N\A
99,2010/07/12,4770,3179,2066,1016,2870,585,1527,6032,3225,-311,196,3,N\A
99,2010/07/28,3795,3553,2066,1426,3171,1260,1062,6526,3264,-199,221,3,N\A
99,2010/08/13,1200,956,34841,3159,4021,1392,1224,5518,1485,1519,225,1,N\A
99,2010/08/29,4482,2721,2120,1115,2927,396,1506,4730,2690,-68,242,1,N\A
99,2010/09/14,5265,3682,34842,1006,3244,545,1539,4710,2671,65,258,3,N\A
99,2010/09/30,5126,3532,2062,982,3048,576,1255,3796,2762,273,281,3,N\A
99,2010/10/16,4964,2633,2116,778,2312,322,1162,1609,2587,2243,293,0,N\A
99,2010/11/01,7806,5489,2120,476,3864,172,788,6509,3938,390,317,1,N\A
99,2010/11/17,7276,5927,34841,698,4427,385,853,6508,4252,421,333,1,N\A
99,2010/12/03,6802,5030,34841,603,3169,538,809,4710,4053,459,338,1,N\A
99,2010/12/19,6368,4453,35878,705,3178,583,779,4720,4255,453,354,3,N\A
100,2010/01/01,2961,1356,2116,884,1628,429,603,1820,3885,442,7,0,N\A
100,2010/01/17,5153,2458,2116,593,1854,345,455,381,3564,331,30,0,N\A
100,2010/02/02,7193,4931,2116,550,3369,317,948,3081,3451,267,48,0,N\A
100,2010/02/18,8090,5092,2116,330,3126,184,747,2524,2672,2073,60,0,N\A
100,2010/03/06,6690,4245,2116,620,3127,278,755,338,2512,21,78,0,N\A
100,2010/03/22,6097,3333,2116,610,2516,251,632,1146,2231,1848,85,0,N\A
100,2010/04/07,4972,2833,2116,826,2460,400,1022,381,2146,-241,110,0,N\A
100,2010/04/23,5882,3316,2116,650,2507,321,971,3642,1718,1524,115,0,N\A
100,2010/05/09,5744,3468,2116,737,2727,374,1122,353,2369,-442,142,0,N\A
100,2010/05/25,5656,3566,2116,816,2941,392,1207,1802,2587,-435,151,0,N\A
100,2010/06/10,5859,4435,2065,908,3478,592,1331,6209,3331,-382,164,1,N\A
100,2010/06/26,4563,2362,3154,710,1902,355,525,3090,2889,-400,192,3,N\A
100,2010/07/12,5137,2235,2189,539,1678,290,434,5350,2049,1252,193,1,N\A
100,2010/07/28,4059,2446,34842,622,1472,869,307,6432,1422,1377,223,3,N\A
100,2010/08/13,8033,4050,2120,260,2384,111,466,6445,1156,1589,239,1,N\A
100,2010/08/29,7294,4557,2120,483,3088,226,679,5002,2782,-124,242,1,N\A
100,2010/09/14,8135,5200,2116,330,3209,180,574,336,2172,113,270,0,N\A
100,2010/09/30,8293,5166,2116,291,3120,157,466,1156,2130,2043,277,0,N\A
100,2010/10/16,6338,4068,2116,713,3182,305,842,344,2769,441,302,0,N\A
100,2010/11/01,6801,4253,2116,579,3042,272,726,3685,2638,2316,307,0,N\A
100,2010/11/17,5748,2922,2116,592,2193,273,921,3690,3044,2357,323,0,N\A
100,2010/12/03,6223,2926,2116,457,1963,245,592,3690,3358,2353,339,0,N\A
100,2010/12/19,3128,1344,2116,759,1450,421,341,1137,3697,2289,357,0,N\A
101,2010/01/01,2322,998,2116,904,1451,424,358,1174,3709,2268,5,0,N\A
101,2010/01/17,6566,3324,2116,461,2224,231,621,336,3561,325,30,0,N\A
101,2010/02/02,7326,3983,2116,392,2540,188,585,1174,3327,2188,37,0,N\A
101,2010/02/18,7437,5746,2116,605,4117,329,919,3044,3093,190,64,0,N\A
101,2010/03/06,7320,5221,2116,559,3614,312,809,1756,2800,153,71,0,N\A
101,2010/03/22,6246,3727,2116,624,2701,335,792,1191,2226,1849,85,0,N\A
101,2010/04/07,4131,2015,2116,779,1876,392,960,336,2142,-248,110,0,N\A
101,2010/04/23,5252,2454,2116,577,1854,308,789,3680,1714,1523,115,0,N\A
101,2010/05/09,4591,2255,2116,712,1921,372,845,308,2365,-446,142,0,N\A
101,2010/05/25,4058,1877,2116,735,1739,371,557,1756,2583,-436,151,0,N\A
101,2010/06/10,5240,3196,34842,761,2437,519,985,6198,3328,-380,164,3,N\A
101,2010/06/26,2488,1034,2116,848,1410,389,355,1756,2770,-431,183,0,N\A
101,2010/07/12,6073,3318,3158,553,2264,359,497,4122,2980,-358,201,3,N\A
101,2010/07/28,7371,5012,34842,480,3172,350,544,4981,3060,-312,210,3,N\A
101,2010/08/13,9398,5817,2120,99,3194,65,582,6457,1152,1584,239,1,N\A
101,2010/08/29,8562,5412,2116,250,3229,129,568,3699,1710,1673,243,0,N\A
101,2010/09/14,8184,5336,2116,330,3306,179,570,3709,1668,1882,259,0,N\A
101,2010/09/30,5916,3434,2116,678,2643,321,646,1201,2126,2044,277,0,N\A
101,2010/10/16,4320,2208,34837,777,1959,432,964,1201,2451,2194,293,1,N\A
101,2010/11/01,5638,3147,2116,589,2112,473,1085,2579,2942,2314,316,0,N\A
101,2010/11/17,5872,2938,2116,550,2115,280,845,3728,3041,2358,323,0,N\A
101,2010/12/03,4135,1771,34961,651,1569,336,391,3719,3356,2366,339,1,N\A
101,2010/12/19,2446,990,34961,806,1328,399,282,3699,3534,2341,355,1,N\A
102,2010/01/01,5295,4311,34837,803,2611,926,713,3976,3546,2325,3,1,N\A
102,2010/01/17,6241,4075,34961,709,3064,383,880,2747,3724,338,32,1,N\A
102,2010/02/02,6238,3574,2116,617,2664,273,844,1402,3488,343,39,0,N\A
102,2010/02/18,6199,4214,2116,749,3193,425,1154,2719,3062,191,64,0,N\A
102,2010/03/06,7109,4161,2185,538,3185,68,1335,1375,2766,153,71,1,N\A
102,2010/03/22,5782,2711,3102,364,1362,579,640,5551,1704,1966,81,3,N\A
102,2010/04/07,6044,7209,34837,754,3058,1279,1584,78,2097,1374,110,1,N\A
102,2010/04/23,7188,5125,2116,572,3497,355,1212,3882,2557,-258,121,0,N\A
102,2010/05/09,7311,3805,2185,395,2543,107,767,2884,2051,1352,140,1,N\A
102,2010/05/25,7313,4156,34893,420,2707,196,577,2893,2236,1293,156,1,N\A
102,2010/06/10,7797,5229,35878,432,3490,195,682,6059,3283,-383,164,3,N\A
102,2010/06/26,6689,3653,2116,502,2531,221,646,1375,2726,-439,183,0,N\A
102,2010/07/12,4130,2819,34841,1352,3255,599,1004,5550,2004,1252,193,1,N\A
102,2010/07/28,5886,3651,34962,712,2750,409,740,1546,2304,1425,213,3,N\A
102,2010/08/13,7643,4660,34841,309,2314,455,673,5529,1606,1446,225,1,N\A
102,2010/08/29,7053,4507,2120,538,3114,274,716,4769,2734,-116,242,1,N\A
102,2010/09/14,7068,4436,2185,549,3196,210,663,1374,2226,90,263,1,N\A
102,2010/09/30,5493,3254,34837,580,1994,615,746,1591,2099,2067,277,1,N\A
102,2010/10/16,7062,4747,34837,524,3044,389,812,119,2749,2341,302,1,N\A
102,2010/11/01,7508,5325,2120,530,3725,254,838,6533,3802,361,317,1,N\A
102,2010/11/17,6741,4120,2116,565,2903,281,929,1356,3421,491,327,0,N\A
102,2010/12/03,3704,2714,2116,1952,4249,641,1393,2728,3895,456,352,0,N\A
102,2010/12/19,8014,5068,34841,354,3212,165,696,4847,3487,2356,362,1,N\A
103,2010/01/01,6161,4646,34961,713,3002,662,1122,985,3854,457,7,1,N\A
103,2010/01/17,6198,4666,34841,847,3609,519,1230,4541,4090,379,18,1,N\A
103,2010/02/02,5782,2922,2116,604,2260,229,1037,1955,3289,2196,37,0,N\A
103,2010/02/18,3759,2347,2116,1334,2941,511,1951,3550,3322,226,57,0,N\A
103,2010/03/06,3931,1740,2120,747,1715,306,1088,4250,2303,2055,67,0,N\A
103,2010/03/22,4132,1708,2189,666,1604,250,1010,4246,1902,1910,83,1,N\A
103,2010/04/07,2837,1406,2116,982,1760,510,1412,506,2048,1657,110,0,N\A
103,2010/04/23,4389,2463,2116,965,2475,392,1193,2396,2405,-316,128,0,N\A
103,2010/05/09,5856,3395,2116,676,2587,343,1053,523,2273,1399,142,0,N\A
103,2010/05/25,7937,5401,2116,382,3323,267,710,967,2493,-445,151,0,N\A
103,2010/06/10,8540,5840,2116,282,3582,153,465,541,2542,1340,174,0,N\A
103,2010/06/26,8292,5779,2116,337,3611,196,570,967,2679,-424,183,0,N\A
103,2010/07/12,7898,5655,2116,449,3824,213,726,3568,2887,-359,201,0,N\A
103,2010/07/28,7092,6221,2066,736,4327,575,964,4536,2965,-312,210,3,N\A
103,2010/08/13,7392,3781,34897,362,2415,135,593,5700,1556,1445,225,1,N\A
103,2010/08/29,4470,2750,2120,1134,2968,414,1543,4527,2686,-114,242,1,N\A
103,2010/09/14,3167,1308,2116,771,1486,327,1047,551,2102,2029,270,0,N\A
103,2010/09/30,4989,1879,2120,483,1445,206,704,4256,1799,2114,275,0,N\A
103,2010/10/16,7296,3514,2116,338,2162,162,582,540,2735,2233,302,0,N\A
103,2010/11/01,8415,3923,2120,181,2104,125,479,5071,2749,2376,314,1,N\A
103,2010/11/17,8322,5747,2116,327,3572,189,549,1992,3213,2335,325,0,N\A
103,2010/12/03,7918,5480,2116,416,3582,218,707,2368,3884,465,352,0,N\A
103,2010/12/19,7766,4567,34961,363,2888,166,614,1964,3677,2309,357,1,N\A
104,2010/01/01,6998,4623,2120,553,3132,334,1066,4228,4090,423,2,0,N\A
104,2010/01/17,7918,5754,34893,421,3624,298,705,3557,3312,2240,28,1,N\A
104,2010/02/02,7351,4732,34893,447,2928,334,763,2395,3237,2186,37,1,N\A
104,2010/02/18,6445,4703,2116,802,3711,408,1377,3175,3267,217,57,0,N\A
104,2010/03/06,5080,3048,2116,919,2817,369,1103,462,2677,120,71,0,N\A
104,2010/03/22,4898,3579,2120,1302,3802,554,1805,4219,2887,51,82,0,N\A
104,2010/04/07,4140,1959,2116,770,1858,346,932,992,2009,1597,110,0,N\A
104,2010/04/23,5559,3449,2120,762,2670,455,1281,4248,2602,-207,114,0,N\A
104,2010/05/09,6171,3387,2116,523,2209,387,995,1019,2252,1355,142,0,N\A
104,2010/05/25,6880,3667,2116,411,2224,311,375,1029,2422,1320,158,0,N\A
104,2010/06/10,7375,3896,2116,331,2191,299,340,1029,2525,1302,174,0,N\A
104,2010/06/26,7202,3912,2116,384,2361,271,595,1030,2528,1372,190,0,N\A
104,2010/07/12,6899,3716,2116,459,2502,202,460,1011,2430,1422,206,0,N\A
104,2010/07/28,5758,5564,2066,1178,4377,943,940,5730,3199,-293,212,3,N\A
104,2010/08/13,6416,3442,34893,516,2364,272,526,515,2299,-209,231,1,N\A
104,2010/08/29,7463,5297,2120,526,3622,289,813,4238,2643,-121,242,0,N\A
104,2010/09/14,5382,2969,2116,704,2345,367,813,3174,2433,92,265,0,N\A
104,2010/09/30,4316,1966,2116,692,1743,338,602,2432,2018,2089,277,0,N\A
104,2010/10/16,4602,2152,2116,696,1883,303,739,2423,2365,2210,293,0,N\A
104,2010/11/01,5105,2460,2116,648,2000,287,673,1893,3294,454,320,0,N\A
104,2010/11/17,6998,4224,2116,491,2781,290,623,1902,3616,482,336,0,N\A
104,2010/12/03,6724,3513,2116,454,2318,237,568,1028,3651,2307,350,0,N\A
104,2010/12/19,7931,4559,2185,326,2826,143,488,2404,3629,2327,357,1,N\A
105,2010/01/01,7808,6185,2120,511,4153,333,875,4228,4081,417,2,0,N\A
105,2010/01/17,7571,5087,2116,462,3343,261,609,1002,3462,2211,30,0,N\A
105,2010/02/02,6971,4312,2116,538,3015,251,616,481,3403,291,39,0,N\A
105,2010/02/18,5106,2986,2116,864,2667,368,1272,1047,2752,2051,62,0,N\A
105,2010/03/06,4673,2583,2116,869,2394,380,1339,2426,2448,2001,69,0,N\A
105,2010/03/22,4302,1184,34837,347,871,253,604,3595,1831,1793,92,1,N\A
105,2010/04/07,3454,1801,2116,1008,2072,447,1872,2413,1889,1691,101,0,N\A
105,2010/04/23,3196,2163,2120,1523,2954,741,2489,4248,2607,-209,114,0,N\A
105,2010/05/09,3327,1450,2116,774,1546,385,935,1029,2261,1372,142,0,N\A
105,2010/05/25,2907,1182,2116,760,1383,369,526,461,2482,-456,151,0,N\A
105,2010/06/10,2751,1155,2116,802,1411,406,453,1047,2535,1320,174,0,N\A
105,2010/06/26,7583,4491,2116,380,2765,236,511,1038,2538,1334,190,0,N\A
105,2010/07/12,8587,5941,2116,269,3539,186,640,2413,2384,1345,197,0,N\A
105,2010/07/28,7525,6919,34837,678,4803,529,1020,1965,2529,-266,224,1,N\A
105,2010/08/13,8583,7508,2116,270,3542,569,998,1010,2078,1624,238,0,N\A
105,2010/08/29,8320,7110,2120,463,5052,226,782,4228,2645,-124,242,0,N\A
105,2010/09/14,5292,3595,2116,1057,3434,433,1084,3165,2429,82,265,0,N\A
105,2010/09/30,4107,2075,34893,812,1944,424,751,2431,2011,2072,277,1,N\A
105,2010/10/16,3263,1567,2061,808,1591,527,795,2432,2355,2216,293,1,N\A
105,2010/11/01,3017,1245,2120,780,1454,348,512,4552,2562,2338,307,1,N\A
105,2010/11/17,6266,3527,2116,579,2523,296,758,1893,3605,470,336,0,N\A
105,2010/12/03,8006,5665,2116,387,3496,280,625,3174,3830,458,345,0,N\A
105,2010/12/19,8671,6195,2185,266,3739,176,628,2413,3617,2312,357,1,N\A
106,2010/01/01,7739,3710,2116,274,2150,154,517,451,3724,2300,7,0,N\A
106,2010/01/17,8593,6775,2116,331,4375,192,823,3635,3951,382,18,0,N\A
106,2010/02/02,8853,8275,2120,359,5901,175,1157,5332,3961,292,36,1,N\A
106,2010/02/18,7849,6497,2116,578,4797,271,802,2415,3173,222,57,0,N\A
106,2010/03/06,7345,5450,34841,599,3914,307,730,5041,2156,2063,67,1,N\A
106,2010/03/22,5715,2148,35878,388,1423,228,740,5040,1752,1911,83,3,N\A
106,2010/04/07,4747,2875,2116,992,2785,420,1353,1075,2226,-222,112,0,N\A
106,2010/04/23,7212,3449,34841,352,2174,144,806,5680,1451,1377,122,1,N\A
106,2010/05/09,3021,1429,2116,850,1586,509,856,1900,2199,1336,142,0,N\A
106,2010/05/25,2452,966,2116,791,1305,368,422,2423,2684,-430,153,0,N\A
106,2010/06/10,4796,1779,2116,493,1402,212,380,1919,2478,1290,174,0,N\A
106,2010/06/26,8242,4364,2185,247,2564,103,551,2424,2851,-429,185,1,N\A
106,2010/07/12,8582,6699,2116,329,4314,189,740,2433,2798,-387,201,0,N\A
106,2010/07/28,8529,7927,34966,435,5482,290,1007,6446,3397,-275,214,3,N\A
106,2010/08/13,8335,5360,2116,302,3326,138,449,424,2221,1533,231,0,N\A
106,2010/08/29,8651,6304,2120,287,3970,145,526,5030,1489,1655,243,1,N\A
106,2010/09/14,5714,4324,2116,1163,4264,442,1132,3597,2475,8,258,0,N\A
106,2010/09/30,5601,3080,2190,688,2440,313,1015,4218,1963,2190,284,3,N\A
106,2010/10/16,4837,2745,2116,795,2285,465,1230,3182,2283,2222,293,0,N\A
106,2010/11/01,5911,3145,2261,478,1860,499,806,5702,2642,2402,314,1,N\A
106,2010/11/17,3494,1648,34837,823,1707,432,925,3588,3442,431,322,1,N\A
106,2010/12/03,2891,930,2116,601,1090,208,313,1039,3756,498,352,0,N\A
106,2010/12/19,6800,2972,34838,339,1780,111,497,3172,3556,2331,357,3,N\A
107,2010/01/01,6005,3471,34893,621,2488,369,661,189,3722,2295,7,1,N\A
107,2010/01/17,5249,2721,34893,714,2292,277,588,1312,3567,334,32,1,N\A
107,2010/02/02,7063,2909,34897,326,1894,50,423,4044,2892,2166,44,1,N\A
107,2010/02/18,7343,5646,2189,636,4152,320,916,4700,3412,188,59,1,N\A
107,2010/03/06,6791,5397,2120,819,4286,419,1139,5434,3368,124,68,1,N\A
107,2010/03/22,6336,3334,34897,464,2069,376,858,4909,1773,1902,83,1,N\A
107,2010/04/07,5629,3057,2116,653,2335,333,745,1645,1962,1573,110,0,N\A
107,2010/04/23,6424,3299,2120,489,2246,249,652,4888,1551,1482,115,1,N\A
107,2010/05/09,3952,1801,2116,707,1631,407,514,1667,2237,1343,142,0,N\A
107,2010/05/25,2795,1173,2116,795,1412,405,267,2636,2722,-427,153,0,N\A
107,2010/06/10,3951,1699,2116,679,1566,346,139,1683,2516,1314,174,0,N\A
107,2010/06/26,4719,2215,2116,673,1876,312,446,216,2646,1318,183,0,N\A
107,2010/07/12,8052,5547,2189,397,3680,169,796,5436,3254,-364,196,1,N\A
107,2010/07/28,8882,5540,34965,193,3260,77,645,6137,1770,1278,209,1,N\A
107,2010/08/13,8188,4559,2116,262,2631,162,540,2940,1992,1514,229,0,N\A
107,2010/08/29,7280,3800,2120,376,2389,187,493,4898,1521,1649,243,1,N\A
107,2010/09/14,6545,2219,34965,294,1408,83,394,4909,1466,1883,259,1,N\A
107,2010/09/30,5424,1107,34837,205,691,127,212,2986,1936,2081,277,1,N\A
107,2010/10/16,5462,2499,2116,554,1888,249,704,2987,2282,2226,293,0,N\A
107,2010/11/01,5063,2211,34841,563,1718,272,535,4919,2496,2348,307,1,N\A
107,2010/11/17,1183,542,2116,1184,1502,526,253,3768,3441,429,322,0,N\A
107,2010/12/03,3431,1469,34837,780,1595,321,392,3768,3745,446,338,1,N\A
107,2010/12/19,6580,5270,2066,806,3908,715,1020,6036,4316,384,365,3,N\A
108,2010/01/01,4935,1208,36941,293,864,108,282,1974,3537,2243,14,1,N\A
108,2010/01/17,7335,3187,2116,291,1893,143,558,967,3513,362,32,0,N\A
108,2010/02/02,8818,5365,2116,192,3058,114,654,3238,3100,2186,37,0,N\A
108,2010/02/18,8842,5603,2116,199,3239,116,502,577,2924,2079,55,0,N\A
108,2010/03/06,7842,6514,2116,561,4639,314,929,3527,3080,151,66,0,N\A
108,2010/03/22,5292,3544,2120,955,3102,492,1401,4512,2803,-38,91,1,N\A
108,2010/04/07,4638,2436,2116,787,2149,386,1334,976,2243,-245,112,0,N\A
108,2010/04/23,7277,3468,37013,338,2145,153,866,5723,1491,1353,122,1,N\A
108,2010/05/09,6797,3738,2116,471,2470,257,880,2001,2243,1328,142,0,N\A
108,2010/05/25,6896,4176,4164,528,2875,266,943,568,2466,1299,151,0,N\A
108,2010/06/10,6821,3938,36941,513,2715,242,800,2010,2527,1281,174,1,N\A
108,2010/06/26,-3000,-3000,51199,-1000,-1000,-1000,-1000,-10000,-10000,-4000,-1,-1,N\A
108,2010/07/12,4109,1535,36889,496,1188,386,350,5279,3252,-375,196,1,N\A
108,2010/07/28,5475,1702,36002,314,1074,240,374,6265,1780,1265,209,3,N\A
108,2010/08/13,6958,3214,4164,352,1963,206,547,1987,2004,1601,238,0,N\A
108,2010/08/29,8847,5373,2189,189,3090,97,606,4276,1577,1758,252,1,N\A
108,2010/09/14,8381,4951,2116,257,2919,136,505,577,2019,1896,263,0,N\A
108,2010/09/30,7963,6053,2116,460,4058,261,675,2323,2453,224,281,0,N\A
108,2010/10/16,7893,5389,2185,407,3458,233,702,3266,2227,2213,293,1,N\A
108,2010/11/01,6595,3833,2120,567,2764,245,848,5098,2442,2349,307,1,N\A
108,2010/11/17,4549,2759,4164,1041,2779,437,1269,3512,3385,423,322,0,N\A
108,2010/12/03,5296,3148,2116,818,2660,392,847,3521,3690,448,338,0,N\A
108,2010/12/19,3743,1240,35998,478,1050,256,429,3247,3494,2321,357,3,N\A
109,2010/01/01,4518,2164,2116,703,1862,359,633,3978,3979,411,2,0,N\A
109,2010/01/17,3638,1315,2185,583,1250,276,383,3997,3931,369,18,1,N\A
109,2010/02/02,4586,1946,2116,586,1579,312,558,2877,3507,284,41,0,N\A
109,2010/02/18,7293,3538,2116,342,2185,162,517,3881,2468,2069,60,0,N\A
109,2010/03/06,7359,4128,2116,389,2557,235,575,68,2607,336,71,0,N\A
109,2010/03/22,7988,4980,34893,322,2880,263,699,75,2313,-322,87,1,N\A
109,2010/04/07,7538,4690,2116,403,2872,284,829,1382,2017,1578,110,0,N\A
109,2010/04/23,6906,5566,2189,790,4317,429,1334,4007,2613,-232,114,1,N\A
109,2010/05/09,5008,2695,2116,767,2306,351,1041,1409,2311,1340,142,0,N\A
109,2010/05/25,4782,2702,2116,856,2425,406,1226,64,2533,-510,151,0,N\A
109,2010/06/10,4317,1763,2061,604,1522,284,502,1428,2593,1293,174,1,N\A
109,2010/06/26,2986,1074,2116,641,1187,311,411,1418,2590,1315,190,0,N\A
109,2010/07/12,4198,4748,2066,1174,2873,1463,1237,6139,3417,-333,205,3,N\A
109,2010/07/28,6857,2966,3298,343,1840,171,375,6057,1845,1276,209,3,N\A
109,2010/08/13,5066,2105,2116,520,1588,270,383,1391,2076,1590,238,0,N\A
109,2010/08/29,8207,4323,2189,244,2479,136,603,4758,1568,1627,243,1,N\A
109,2010/09/14,7473,4277,2116,388,2683,213,635,74,2078,-358,263,0,N\A
109,2010/09/30,8106,5034,2116,303,2898,244,601,2764,1927,2051,277,0,N\A
109,2010/10/16,7023,4198,2116,487,2785,270,721,2764,2253,2201,293,0,N\A
109,2010/11/01,6049,3752,3102,570,2316,547,1081,4778,2451,2334,307,3,N\A
109,2010/11/17,3180,1137,2185,608,1175,315,333,1529,3498,464,336,1,N\A
109,2010/12/03,2595,922,2116,656,1116,345,297,1547,3715,464,352,0,N\A
109,2010/12/19,3455,2443,2066,1291,2654,1210,850,6139,4293,376,365,3,N\A
110,2010/01/01,8455,6958,2120,395,4719,207,885,4296,4036,407,2,0,N\A
110,2010/01/17,7630,5119,34893,459,3415,231,514,894,3420,2209,30,1,N\A
110,2010/02/02,7534,4814,2116,462,3286,186,568,2306,3186,2169,37,0,N\A
110,2010/02/18,4389,2360,2116,889,2280,384,1076,3525,2526,2066,60,0,N\A
110,2010/03/06,4427,2466,2120,905,2343,426,1384,4491,2218,2034,67,0,N\A
110,2010/03/22,4726,2058,34965,650,1815,209,774,5256,1572,1805,90,1,N\A
110,2010/04/07,1556,733,2116,1134,1552,549,414,2057,2351,-215,112,0,N\A
110,2010/04/23,2242,1121,2116,1107,1747,549,505,3305,2527,-280,121,0,N\A
110,2010/05/09,7956,4705,2116,300,2636,270,534,3520,2063,1314,140,0,N\A
110,2010/05/25,8622,6472,2061,307,4150,153,761,3259,2811,-436,153,1,N\A
110,2010/06/10,8624,5376,2061,234,3168,124,512,938,2603,1317,174,1,N\A
110,2010/06/26,8211,4879,2116,289,2943,144,477,929,2604,1329,190,0,N\A
110,2010/07/12,7770,4873,2116,401,3197,168,547,2322,2449,1328,197,0,N\A
110,2010/07/28,5638,3803,3226,913,3274,431,952,5871,1856,1292,209,3,N\A
110,2010/08/13,3665,1371,2116,584,1260,325,564,2294,2082,1526,229,0,N\A
110,2010/08/29,6050,3092,3226,550,2235,255,1127,5256,1399,1736,250,3,N\A
110,2010/09/14,6636,2932,2189,368,1820,220,552,4491,1536,1867,259,1,N\A
110,2010/09/30,5843,2956,34842,580,2211,253,732,4501,1705,2091,275,3,N\A
110,2010/10/16,2739,1359,2116,1031,1809,492,484,2340,2310,2201,293,0,N\A
110,2010/11/01,4836,2234,2116,599,1721,368,291,3539,2811,2328,316,0,N\A
110,2010/11/17,5990,3613,2185,688,2744,353,711,1994,3553,459,336,1,N\A
110,2010/12/03,8728,8039,2189,390,5745,191,1097,6291,4222,397,349,1,N\A
110,2010/12/19,8126,5436,2185,360,3483,171,670,2321,3561,2307,357,1,N\A
111,2010/01/01,5430,3620,2120,982,3316,412,1018,4229,3995,410,2,0,N\A
111,2010/01/17,4795,2026,34841,585,1663,250,555,5298,3064,2271,26,1,N\A
111,2010/02/02,4361,1933,2116,662,1686,322,565,1902,3271,270,48,0,N\A
111,2010/02/18,6749,3117,2116,380,1958,211,546,1056,2702,2007,62,0,N\A
111,2010/03/06,7365,4124,2116,395,2604,211,518,444,2638,92,71,0,N\A
111,2010/03/22,8078,6790,2189,519,4884,257,991,4209,2876,19,82,1,N\A
111,2010/04/07,8281,5108,2116,290,3085,153,476,1020,2060,1561,110,0,N\A
111,2010/04/23,7527,5631,2185,578,4097,259,734,3211,2540,-297,121,1,N\A
111,2010/05/09,7435,4474,35878,434,2951,199,674,5922,1590,1271,129,3,N\A
111,2010/05/25,7112,2944,36002,300,1778,137,514,5922,1853,1187,145,3,N\A
111,2010/06/10,2680,1010,2116,703,1218,360,437,1056,2633,1282,174,0,N\A
111,2010/06/26,3614,1475,2116,659,1405,363,519,443,2762,-490,183,0,N\A
111,2010/07/12,7450,4266,36002,390,2670,220,611,5714,3366,-373,196,3,N\A
111,2010/07/28,5986,4551,35878,895,3565,569,1130,5922,1886,1278,209,3,N\A
111,2010/08/13,8726,5489,2116,217,3190,127,423,1030,2119,1616,238,0,N\A
111,2010/08/29,8077,5112,2116,339,3188,172,542,461,2174,-97,247,0,N\A
111,2010/09/14,7088,4670,2116,577,3387,241,568,443,2114,39,263,0,N\A
111,2010/09/30,6280,3621,2116,636,2784,236,598,2450,1951,2051,277,0,N\A
111,2010/10/16,5450,2904,2116,659,2238,347,916,2450,2269,2185,293,0,N\A
111,2010/11/01,6220,2997,2116,481,2064,233,815,3633,2764,2331,316,0,N\A
111,2010/11/17,7387,3625,34965,327,2176,185,694,5933,2703,2409,321,1,N\A
111,2010/12/03,4215,4067,2066,1323,3251,1245,1260,6255,4182,388,349,3,N\A
111,2010/12/19,4757,2169,2061,594,1672,375,456,461,3690,439,359,1,N\A
112,2010/01/01,5067,2626,2116,710,2169,339,891,2248,3539,2276,5,0,N\A
112,2010/01/17,5359,2468,2116,574,1900,255,736,822,3392,2204,30,0,N\A
112,2010/02/02,7773,5156,2116,401,3201,271,843,2085,3288,255,48,0,N\A
112,2010/02/18,7900,4682,2116,337,2874,180,614,867,2719,2041,62,0,N\A
112,2010/03/06,7219,4584,2116,503,3115,252,691,641,2657,135,71,0,N\A
112,2010/03/22,7734,4644,34965,374,2928,190,772,5225,1579,1789,90,1,N\A
112,2010/04/07,6142,4626,2189,928,3884,464,1487,5164,2824,-175,107,1,N\A
112,2010/04/23,6459,4253,35034,678,3152,357,1339,3435,1901,1400,124,3,N\A
112,2010/05/09,5521,3452,35930,786,2724,454,1636,2239,2136,1366,133,3,N\A
112,2010/05/25,6668,3313,35038,383,1916,353,1066,5855,1865,1190,145,3,N\A
112,2010/06/10,4684,1897,2116,561,1550,251,616,857,2649,1312,174,0,N\A
112,2010/06/26,6038,3362,2116,635,2571,265,867,2094,2884,-431,192,0,N\A
112,2010/07/12,7577,5513,34841,506,3671,314,932,5801,3385,-369,196,1,N\A
112,2010/07/28,6382,4836,35878,647,2930,668,823,5844,1902,1285,209,3,N\A
112,2010/08/13,4823,2110,2116,622,1781,238,567,830,2139,1598,238,0,N\A
112,2010/08/29,4189,1655,2116,588,1436,288,530,848,1997,1763,254,0,N\A
112,2010/09/14,5972,3605,2120,678,2689,375,867,4335,2588,-16,258,0,N\A
112,2010/09/30,6576,3651,34893,492,2382,319,761,2276,1968,2039,277,1,N\A
112,2010/10/16,7667,4338,2116,333,2522,254,463,857,2596,2220,302,0,N\A
112,2010/11/01,7962,4841,2116,334,2944,196,505,3482,2773,2321,316,0,N\A
112,2010/11/17,6515,3798,2116,605,2868,214,675,2067,3520,453,336,0,N\A
112,2010/12/03,7338,4572,34893,475,3095,216,552,642,3544,511,343,1,N\A
112,2010/12/19,4824,2590,34837,724,2074,452,707,669,3702,477,359,1,N\A
113,2010/01/01,7757,5187,2116,423,3349,238,590,1257,3757,421,7,0,N\A
113,2010/01/17,7386,4948,2116,501,3333,271,650,1284,3644,384,23,0,N\A
113,2010/02/02,4581,2590,2116,916,2465,402,1194,1257,3397,324,39,0,N\A
113,2010/02/18,5003,2578,2116,685,2057,382,1236,262,2777,1954,62,0,N\A
113,2010/03/06,4901,2953,2116,857,2505,493,1805,1230,2716,122,71,0,N\A
113,2010/03/22,4591,3158,34965,1105,2981,635,1121,4939,1637,1797,90,1,N\A
113,2010/04/07,5819,3396,4164,687,2600,352,1049,226,2134,1513,110,0,N\A
113,2010/04/23,7352,4973,2189,544,3565,219,765,6513,3200,-272,125,1,N\A
113,2010/05/09,7075,3479,34965,387,2260,150,530,5605,1642,1287,129,1,N\A
113,2010/05/25,4010,1745,2116,684,1600,345,376,1230,2630,-476,151,0,N\A
113,2010/06/10,2709,965,2116,674,1175,300,390,274,2685,1410,174,0,N\A
113,2010/06/26,5511,2245,2116,459,1586,239,459,262,2687,1383,190,0,N\A
113,2010/07/12,8413,4187,34965,205,2379,84,562,5622,2114,1228,193,1,N\A
113,2010/07/28,8590,4210,2116,178,2348,71,407,1691,2380,1400,213,0,N\A
113,2010/08/13,8059,4574,2116,290,2699,170,442,235,2194,1655,238,0,N\A
113,2010/08/29,8752,6053,2120,246,3699,122,533,4072,1687,1634,243,0,N\A
113,2010/09/14,7373,4638,2120,461,3049,249,672,4092,1596,1848,259,0,N\A
113,2010/09/30,4547,2344,2116,781,2084,383,811,1737,2023,2038,277,0,N\A
113,2010/10/16,2521,977,34893,706,1182,433,544,1737,2330,2192,293,1,N\A
113,2010/11/01,5931,3086,2120,558,2185,314,570,6496,3709,346,317,1,N\A
113,2010/11/17,8090,5237,4164,342,3241,194,736,2589,3564,462,336,0,N\A
113,2010/12/03,8286,5267,2116,306,3265,141,579,1229,3587,478,343,0,N\A
113,2010/12/19,8634,7112,34961,354,4832,162,796,3768,3942,422,361,1,N\A
114,2010/01/01,5047,2853,4110,684,2078,529,658,3892,4148,432,2,3,N\A
114,2010/01/17,7497,7333,36889,523,3656,815,726,5487,3251,2303,26,1,N\A
114,2010/02/02,8107,4652,2116,291,2784,151,639,35,3452,1555,39,0,N\A
114,2010/02/18,7935,4864,2116,345,2998,191,584,49,3077,1831,55,0,N\A
114,2010/03/06,6496,4846,2116,814,3833,419,1019,3873,3195,183,66,0,N\A
114,2010/03/22,5155,2220,2116,531,1661,283,566,3918,1789,1843,92,0,N\A
114,2010/04/07,4913,2898,2116,834,2445,474,1522,1484,2213,-165,112,0,N\A
114,2010/04/23,5566,2538,2116,518,1819,282,681,2790,1774,1556,117,0,N\A
114,2010/05/09,7050,3713,2116,412,2382,212,853,3909,1851,1337,140,0,N\A
114,2010/05/25,7392,3791,2120,352,2348,173,739,6074,1584,1215,145,1,N\A
114,2010/06/10,6281,3754,2116,603,2640,359,1329,1518,2387,1339,174,0,N\A
114,2010/06/26,6329,3619,2116,585,2603,290,1133,1509,2393,1363,190,0,N\A
114,2010/07/12,6506,3637,2116,535,2528,272,1093,2819,2240,1361,197,0,N\A
114,2010/07/28,3136,2445,2066,1269,2429,1091,862,4809,2894,-247,219,3,N\A
114,2010/08/13,5277,869,2120,153,495,211,379,6056,1409,1460,225,1,N\A
114,2010/08/29,5538,2281,2189,462,1609,242,650,4798,1502,1713,243,1,N\A
114,2010/09/14,8240,4643,2116,263,2726,139,582,3928,1767,2050,268,0,N\A
114,2010/09/30,8307,4881,2116,264,2855,156,448,1518,2350,2163,286,0,N\A
114,2010/10/16,8452,5234,2116,257,3064,160,549,2838,2425,2252,293,0,N\A
114,2010/11/01,6880,5282,2120,775,4194,355,1184,6060,3770,388,317,1,N\A
114,2010/11/17,4910,3185,2118,949,2780,547,1470,2756,3640,478,329,3,N\A
114,2010/12/03,3068,1168,2116,690,1301,316,587,1439,3904,477,352,0,N\A
114,2010/12/19,3475,1486,34837,717,1481,391,433,2793,4049,463,361,1,N\A
115,2010/01/01,4128,2133,2066,751,1807,525,584,5638,4351,401,4,3,N\A
115,2010/01/17,6623,2911,2185,375,1846,195,503,1757,3700,362,32,1,N\A
115,2010/02/02,7328,3357,2116,309,2004,165,474,293,3460,275,39,0,N\A
115,2010/02/18,8203,4120,2116,233,2361,113,395,1219,2789,2076,62,0,N\A
115,2010/03/06,8323,4703,2116,258,2820,100,542,2579,2478,2027,69,0,N\A
115,2010/03/22,7101,5474,2189,697,4112,360,913,4084,2878,73,82,1,N\A
115,2010/04/07,4461,2243,2116,772,2016,371,1106,1183,1955,1648,110,0,N\A
115,2010/04/23,5173,3037,2189,833,2619,389,1440,4122,2546,-185,114,1,N\A
115,2010/05/09,6326,3927,2189,660,2933,323,1116,6185,3084,-313,141,1,N\A
115,2010/05/25,4342,1501,34893,482,1222,239,316,3719,2076,1293,156,1,N\A
115,2010/06/10,4240,1847,2066,561,1387,477,309,6458,1776,1147,168,3,N\A
115,2010/06/26,3672,1315,2116,585,1264,249,376,1210,2436,1356,190,0,N\A
115,2010/07/12,5866,2683,35878,421,1616,401,575,5966,1847,1244,193,3,N\A
115,2010/07/28,5977,3951,3098,667,2649,548,578,1783,2456,-243,224,3,N\A
115,2010/08/13,7638,3691,2116,290,2166,160,424,1191,2026,1655,238,0,N\A
115,2010/08/29,8051,5924,2120,425,3938,222,787,4103,2601,-99,242,0,N\A
115,2010/09/14,6608,3620,2116,493,2414,281,571,273,2137,185,263,0,N\A
115,2010/09/30,6163,3198,35930,530,2233,280,817,2579,2058,2106,277,3,N\A
115,2010/10/16,5625,2587,2116,523,1868,268,868,2579,2427,2239,293,0,N\A
115,2010/11/01,7340,3383,34965,319,2080,131,661,5382,2793,2404,314,1,N\A
115,2010/11/17,4941,2678,2062,731,2159,429,549,3006,3640,474,329,3,N\A
115,2010/12/03,2960,989,2116,585,1077,288,312,1738,3903,480,352,0,N\A
115,2010/12/19,4161,1885,2066,646,1567,685,549,6456,3416,2418,360,3,N\A
116,2010/01/01,6645,3380,2116,454,2253,223,545,2902,3679,2306,5,0,N\A
116,2010/01/17,4743,2489,2116,784,2199,359,585,1375,3662,359,32,0,N\A
116,2010/02/02,6931,3793,34841,463,2555,206,781,6522,4260,276,38,1,N\A
116,2010/02/18,5550,2522,2189,527,1842,263,592,5551,2399,2163,58,1,N\A
116,2010/03/06,5558,2654,2116,545,1909,311,515,3816,3176,178,66,0,N\A
116,2010/03/22,7462,3828,2120,338,2326,183,505,4858,1815,1945,83,1,N\A
116,2010/04/07,7147,4327,2116,476,2862,258,714,1384,2214,-174,112,0,N\A
116,2010/04/23,7583,5147,2116,473,3442,248,708,2737,2374,-246,121,0,N\A
116,2010/05/09,6523,3359,2116,483,2296,227,618,1600,2137,1382,142,0,N\A
116,2010/05/25,6479,3442,2116,504,2359,255,789,1609,2304,1312,158,0,N\A
116,2010/06/10,6225,3124,2116,501,2154,258,776,1618,2407,1328,174,0,N\A
116,2010/06/26,5858,2636,2116,493,1888,216,396,1600,2412,1352,190,0,N\A
116,2010/07/12,4947,2164,2116,599,1772,242,461,2903,2258,1351,197,0,N\A
116,2010/07/28,5893,4305,2066,820,3174,590,616,5467,3095,-282,212,3,N\A
116,2010/08/13,5368,2365,34893,512,1699,297,436,104,2204,1779,231,1,N\A
116,2010/08/29,7060,3697,36002,399,2316,233,586,4853,1497,1703,243,3,N\A
116,2010/09/14,7206,4665,2116,511,3148,278,746,2682,2391,108,265,0,N\A
116,2010/09/30,8378,4953,2116,254,2879,154,484,2921,2018,2112,277,0,N\A
116,2010/10/16,8059,4860,2116,319,2969,167,534,2921,2392,2246,293,0,N\A
116,2010/11/01,7168,4849,2116,578,3505,251,756,3806,3192,394,306,0,N\A
116,2010/11/17,6545,4533,2190,721,3453,362,1104,4715,3824,444,331,3,N\A
116,2010/12/03,4581,2704,34837,1062,2858,350,773,1348,3869,478,352,1,N\A
116,2010/12/19,6578,4575,34961,716,3469,363,1062,2709,4016,461,361,1,N\A
117,2010/01/01,3303,1237,34841,602,1196,374,352,4848,3514,2342,3,1,N\A
117,2010/01/17,4040,2049,34893,849,2000,407,455,1393,3642,355,32,1,N\A
117,2010/02/02,5220,2348,2116,541,1723,318,476,119,3401,2406,39,0,N\A
117,2010/02/18,7475,4954,2116,469,3246,273,564,1357,2943,223,64,0,N\A
117,2010/03/06,6809,5166,34841,695,3662,1486,1355,4858,2227,2074,67,1,N\A
117,2010/03/22,8286,5399,2189,315,3361,153,637,4858,1806,1934,83,1,N\A
117,2010/04/07,4714,2754,2116,944,2628,401,1059,1402,2227,-182,112,0,N\A
117,2010/04/23,4821,2847,34961,908,2599,427,901,64,2095,1667,119,1,N\A
117,2010/05/09,7068,4708,2189,626,3645,183,951,6059,3076,-323,141,1,N\A
117,2010/05/25,6809,4623,34842,620,3266,357,871,6048,3202,-366,157,3,N\A
117,2010/06/10,2456,955,34893,763,1260,377,331,1600,2435,1323,174,1,N\A
117,2010/06/26,3108,1314,34893,757,1440,399,415,1591,2439,1347,190,1,N\A
117,2010/07/12,4580,2150,2116,669,1800,355,439,2893,2285,1345,197,0,N\A
117,2010/07/28,6660,5663,2066,686,3422,728,680,6102,1688,1304,209,3,N\A
117,2010/08/13,7961,3238,2116,194,1709,157,409,1564,2000,1644,238,0,N\A
117,2010/08/29,8367,5440,34893,298,3353,147,512,3986,1620,1812,252,1,N\A
117,2010/09/14,6844,5092,2116,727,3881,368,910,2701,2386,100,265,0,N\A
117,2010/09/30,6218,3508,35874,591,2535,297,880,2912,2001,2104,277,3,N\A
117,2010/10/16,4759,2336,2116,719,2025,315,661,128,2611,2303,295,0,N\A
117,2010/11/01,7106,1725,2062,158,934,85,326,3995,2904,2356,316,3,N\A
117,2010/11/17,4237,2153,34837,775,1915,444,605,1348,3628,475,336,1,N\A
117,2010/12/03,2109,667,34837,621,953,300,80,1366,3844,475,352,1,N\A
117,2010/12/19,3985,2523,2066,1020,2372,881,757,5474,4243,422,356,3,N\A
118,2010/01/01,5028,2600,2116,710,2146,347,479,344,3759,2210,7,0,N\A
118,2010/01/17,5079,3975,34841,835,2559,897,643,5637,3136,2293,26,1,N\A
118,2010/02/02,7285,4102,34965,412,2623,216,546,4140,2922,2183,44,1,N\A
118,2010/02/18,7885,5961,2116,463,3916,295,778,2507,3198,240,57,0,N\A
118,2010/03/06,7246,7849,34841,861,5392,817,1184,4606,3083,97,75,1,N\A
118,2010/03/22,8074,5200,2185,343,3220,193,578,3098,2017,1872,85,1,N\A
118,2010/04/07,7120,4401,35037,523,3109,208,620,5647,1330,1608,106,1,N\A
118,2010/04/23,6915,3784,34837,448,2457,250,554,3051,1799,1516,117,1,N\A
118,2010/05/09,7339,4542,2116,455,2966,250,701,1809,2178,1356,142,0,N\A
118,2010/05/25,7371,4759,2116,515,3404,176,941,2507,2665,-429,153,0,N\A
118,2010/06/10,5983,3385,2116,629,2503,325,942,1828,2455,1305,174,0,N\A
118,2010/06/26,4897,2703,34837,822,2400,365,763,1818,2456,1330,190,1,N\A
118,2010/07/12,6170,3629,34897,632,2669,324,607,5362,3201,-357,196,1,N\A
118,2010/07/28,6018,4817,2066,840,3379,699,954,6471,3386,-273,214,3,N\A
118,2010/08/13,6636,4145,2116,583,2884,334,811,2534,2488,-200,233,0,N\A
118,2010/08/29,8886,5420,36074,186,3155,77,657,5647,1301,1782,250,3,N\A
118,2010/09/14,7269,5443,2116,613,3877,342,995,2498,2354,96,265,0,N\A
118,2010/09/30,6675,4553,2116,655,3285,370,965,1112,2517,302,288,0,N\A
118,2010/10/16,6682,4782,2116,710,3570,384,1149,2498,2818,352,297,0,N\A
118,2010/11/01,4855,2871,34841,1101,3179,226,1059,5658,2681,2404,314,1,N\A
118,2010/11/17,7282,5932,3098,568,3612,559,1340,3654,3475,444,322,3,N\A
118,2010/12/03,6206,4278,35874,613,2619,610,900,2497,3798,472,345,3,N\A
118,2010/12/19,5353,3976,2066,982,3245,903,989,6467,4412,392,358,3,N\A