1,	47.57520,	133.19699
2,	47.31686,	133.39329
3,	47.83772,	134.16650
4,	47.30182,	133.25462
5,	47.58911,	133.69924
6,	47.59376,	133.61371
7,	47.35808,	133.65679
8,	47.60485,	133.83059
9,	47.67563,	134.14536
10,	47.87630,	134.25602
11,	46.73009,	132.90429
12,	46.66134,	132.96731
13,	46.82601,	133.19974
14,	46.87823,	133.98696
15,	47.26976,	132.56534
16,	47.50384,	132.25085
17,	47.58107,	132.15898
18,	47.57775,	132.25446
19,	47.33516,	131.90502
20,	47.41454,	132.06348
21,	47.38490,	131.93360
22,	47.57362,	132.07397
23,	47.40947,	131.98617
24,	47.51515,	132.29605
25,	47.60610,	132.23654
26,	47.15511,	131.72876
27,	47.30950,	131.80243
28,	47.64628,	132.29123
29,	47.74763,	134.15252
30,	46.82295,	131.92945
31,	47.23471,	132.92172
32,	47.38907,	132.75912
33,	47.83546,	133.17874
34,	47.18467,	132.77481
35,	47.59739,	131.98009
36,	47.45159,	132.18424
37,	47.57892,	132.31456
38,	47.61797,	131.90609
39,	47.61764,	131.90584
40,	47.42505,	132.13353
41,	47.46300,	132.20889
42,	47.08410,	131.97046
43,	47.13826,	131.97066
44,	46.92412,	132.03929
45,	47.03914,	131.96765
46,	46.93514,	131.96961
47,	47.20195,	131.99325
48,	47.40000,	132.70256
49,	47.16599,	132.88012
50,	47.21457,	132.68338
51,	47.12003,	132.54647
52,	47.31743,	132.82171
53,	46.99202,	132.55900
54,	47.03903,	132.28495
55,	47.23172,	132.64880
56,	47.19469,	132.96403
57,	47.31917,	132.55229
58,	47.11360,	132.17685
59,	47.17496,	132.10517
60,	47.27245,	132.64921
61,	47.32552,	132.76648
62,	47.29205,	132.87086
63,	47.84102,	133.50291
64,	47.93578,	133.76480
65,	47.69256,	132.52371
66,	47.97760,	133.85741
67,	47.81228,	133.38338
68,	47.80847,	132.91253
69,	48.05671,	134.18505
70,	48.01612,	133.97981
71,	47.88357,	132.99442
72,	47.79998,	133.25270
73,	48.05441,	134.18362
74,	48.02967,	134.10379
75,	47.88921,	133.63942
76,	47.70141,	132.66485
77,	47.44127,	133.06393
78,	47.93640,	134.31315
79,	47.30521,	133.77001
80,	47.59985,	133.94561
81,	47.33316,	133.52770
82,	47.51823,	133.09946
83,	47.32009,	131.79103
84,	46.87049,	131.93991
85,	46.92812,	132.12367
86,	47.93360,	133.16418
87,	47.97863,	134.39079
88,	47.58944,	134.09169
89,	47.19726,	133.76553
90,	47.34751,	133.10294
91,	47.57734,	133.35584
92,	47.57758,	133.48409