site-id,lat,lon,tile-h,tile-v,pixel-col,pixel_row
1,14.82651,99.67715,27,7,763,620
2,15.10653,100.02415,27,7,788,587
3,14.53313,100.12565,27,7,830,656
4,14.6705,100.37515,27,7,852,639
5,14.76528,100.44693,27,7,855,628
6,14.52054,100.55989,27,7,881,657
7,14.51312,100.82942,27,7,913,658
8,14.29234,100.13954,27,7,844,684
9,14.28868,100.60973,27,7,899,685
10,14.34029,100.86974,27,7,927,679
11,14.2546,101.06443,27,7,954,689
12,14.05285,100.1741,27,7,861,713
13,14.1545,100.50478,27,7,894,701
14,13.89866,100.8131,27,7,943,732
15,13.96792,101.20529,27,7,985,723
16,14.05771,101.35052,27,7,997,713
17,13.49009,100.06744,27,7,876,781
18,13.59776,100.58941,27,7,932,768
19,13.58976,101.03383,27,7,984,769
20,13.72198,101.2018,27,7,997,753
21,13.33792,100.93623,27,7,985,799
22,13.50474,101.16583,27,7,1004,779
id,Date,8-day daytime 1km grid Land-surface Temperature,Quality control for daytime LST and emissivity,Average time of daytime Land-surface Temperature observation,Average view zenith angle of daytime Land-surface Temperature,8-day nighttime 1km grid Land-surface Temperature,Quality control for nighttime LST and emissivity,Average time of nighttime Land-surface Temperature observation,Average view zenith angle of nighttime Land-surface Temperature,Band 31 emissivity,Band 32 emissivity,the days in clear-sky conditions and with validate LSTs,the nights in clear-sky conditions and with validate LSTs,actual_date
1,2012/01/01,15180,0,104,40,14695,65,223,61,246,248,225,247,N\A
1,2012/01/09,15055,0,104,48,14757,65,221,44,246,248,3,130,N\A
1,2012/01/17,15332,0,105,47,14805,0,224,78,247,248,130,163,N\A
1,2012/01/25,15367,0,108,82,14781,65,221,41,247,248,5,3,N\A
1,2012/02/02,15353,0,107,69,14887,0,224,67,246,248,250,244,N\A
1,2012/02/10,15315,65,107,72,14844,0,222,53,246,248,183,107,N\A
1,2012/02/18,15436,0,107,67,14785,0,223,58,246,248,248,222,N\A
1,2012/02/26,15573,0,108,77,14950,0,224,69,246,248,149,58,N\A
1,2012/03/05,15537,65,108,82,14937,0,221,46,247,248,2,3,N\A
1,2012/03/13,15591,0,108,71,14927,0,221,38,246,248,240,225,N\A
1,2012/03/21,15418,0,106,63,14876,0,221,51,246,248,75,7,N\A
1,2012/03/29,15340,65,105,54,0,2,255,255,246,248,115,0,N\A
1,2012/04/06,15455,0,108,71,14903,0,223,58,247,248,96,116,N\A
1,2012/04/14,15488,65,106,60,15002,0,222,49,247,248,69,224,N\A
1,2012/04/22,15446,65,103,29,14997,0,224,77,246,248,9,5,N\A
1,2012/04/30,15452,65,105,55,0,2,255,255,246,248,7,0,N\A
1,2012/05/08,15218,0,103,29,0,2,255,255,246,248,9,0,N\A
1,2012/05/16,0,2,255,255,0,2,255,255,0,0,0,0,N\A
1,2012/05/24,0,2,255,255,0,2,255,255,0,0,0,0,N\A
1,2012/06/01,0,2,255,255,0,2,255,255,0,0,0,0,N\A
1,2012/06/09,0,2,255,255,0,2,255,255,0,0,0,0,N\A
1,2012/06/17,15070,65,102,19,0,2,255,255,246,248,64,0,N\A
1,2012/06/25,0,2,255,255,0,2,255,255,0,0,0,0,N\A
1,2012/07/03,0,2,255,255,0,2,255,255,0,0,0,0,N\A
1,2012/07/11,0,2,255,255,14889,0,221,36,246,248,0,16,N\A
1,2012/07/19,15197,65,107,68,0,2,255,255,246,248,4,0,N\A
1,2012/07/27,0,2,255,255,0,2,255,255,0,0,0,0,N\A
1,2012/08/04,0,2,255,255,0,2,255,255,0,0,0,0,N\A
1,2012/08/12,0,2,255,255,0,2,255,255,0,0,0,0,N\A
1,2012/08/20,15200,65,105,40,0,2,255,255,246,248,16,0,N\A
1,2012/08/28,0,2,255,255,0,2,255,255,0,0,0,0,N\A
1,2012/09/05,0,2,255,255,0,2,255,255,0,0,0,0,N\A
1,2012/09/13,0,2,255,255,0,2,255,255,0,0,0,0,N\A
1,2012/09/21,15169,65,107,68,0,2,255,255,247,248,4,0,N\A
1,2012/09/29,15106,65,107,65,14745,65,221,46,246,248,104,146,N\A
1,2012/10/07,15114,65,105,39,14732,0,228,118,246,247,16,80,N\A
1,2012/10/15,14994,65,104,31,14790,0,225,75,247,248,168,120,N\A
1,2012/10/23,15058,65,109,88,14871,65,224,66,246,248,176,56,N\A
1,2012/10/31,15126,0,106,54,14789,65,224,71,246,248,184,58,N\A
1,2012/11/08,15114,65,107,67,14666,65,224,67,246,248,2,72,N\A
1,2012/11/16,0,2,255,255,14817,65,224,67,247,248,0,96,N\A
1,2012/11/24,14914,65,102,19,0,2,255,255,246,247,64,0,N\A
1,2012/12/02,15185,0,107,69,14828,0,226,89,246,248,250,188,N\A
1,2012/12/10,15183,0,106,63,14763,65,221,46,246,248,243,235,N\A
1,2012/12/18,15211,0,106,55,14740,0,223,55,247,248,155,95,N\A
1,2012/12/26,15118,0,103,34,14730,0,223,63,246,248,6,27,N\A
2,2012/01/01,14954,65,105,44,14764,65,225,74,247,248,233,245,N\A
2,2012/01/09,14898,0,106,68,14824,65,219,11,247,248,131,128,N\A
2,2012/01/17,15006,65,106,61,14843,65,224,71,247,249,226,39,N\A
2,2012/01/25,15071,65,109,91,0,2,255,255,246,248,133,0,N\A
2,2012/02/02,15167,0,109,82,14913,0,224,69,247,248,120,244,N\A
2,2012/02/10,15099,65,107,68,14885,0,224,69,247,248,182,106,N\A
2,2012/02/18,15128,0,108,83,14823,0,225,76,246,248,122,149,N\A
2,2012/02/26,15121,65,104,38,14890,0,223,59,247,248,22,59,N\A
2,2012/03/05,15265,0,108,85,14870,0,217,1,247,248,2,2,N\A
2,2012/03/13,15327,0,106,57,14867,0,224,66,247,248,208,248,N\A
2,2012/03/21,15273,0,105,49,14876,0,225,81,247,248,11,5,N\A
2,2012/03/29,15263,0,107,69,14835,0,223,61,247,248,17,25,N\A
2,2012/04/06,15316,0,106,53,14946,0,225,75,247,249,232,52,N\A
2,2012/04/14,15323,65,106,62,14999,0,222,51,247,249,69,224,N\A
2,2012/04/22,15296,129,103,25,15015,0,225,81,247,248,137,5,N\A
2,2012/04/30,15364,65,104,36,0,2,255,255,247,248,6,0,N\A
2,2012/05/08,15395,0,106,56,15026,65,224,67,247,248,8,4,N\A
2,2012/05/16,0,2,255,255,0,2,255,255,0,0,0,0,N\A
2,2012/05/24,0,2,255,255,0,2,255,255,0,0,0,0,N\A
2,2012/06/01,0,2,255,255,0,2,255,255,0,0,0,0,N\A
2,2012/06/09,0,2,255,255,0,2,255,255,0,0,0,0,N\A
2,2012/06/17,14956,65,110,106,0,2,255,255,246,249,128,0,N\A
2,2012/06/25,0,2,255,255,0,2,255,255,0,0,0,0,N\A
2,2012/07/03,14960,65,110,107,0,2,255,255,246,249,128,0,N\A
2,2012/07/11,15106,65,108,85,0,2,255,255,247,248,2,0,N\A
2,2012/07/19,15173,65,107,70,0,2,255,255,246,249,4,0,N\A
2,2012/07/27,0,2,255,255,0,2,255,255,0,0,0,0,N\A
2,2012/08/04,14965,65,109,96,0,2,255,255,246,248,1,0,N\A
2,2012/08/12,0,2,255,255,0,2,255,255,0,0,0,0,N\A
2,2012/08/20,0,2,255,255,0,2,255,255,0,0,0,0,N\A
2,2012/08/28,0,2,255,255,0,2,255,255,0,0,0,0,N\A
2,2012/09/05,0,2,255,255,0,2,255,255,0,0,0,0,N\A
2,2012/09/13,0,2,255,255,0,2,255,255,0,0,0,0,N\A
2,2012/09/21,0,2,255,255,0,2,255,255,0,0,0,0,N\A
2,2012/09/29,15108,65,108,84,14859,0,227,99,247,249,2,129,N\A
2,2012/10/07,15072,65,107,61,14942,0,222,52,247,248,112,8,N\A
2,2012/10/15,15005,0,106,53,14791,0,227,96,247,248,232,56,N\A
2,2012/10/23,15106,65,108,72,14921,0,223,52,247,248,240,8,N\A
2,2012/10/31,15020,0,105,46,14841,0,226,79,247,249,170,48,N\A
2,2012/11/08,15107,0,107,70,14786,0,219,11,247,249,2,64,N\A
2,2012/11/16,15053,65,104,30,0,2,255,255,247,248,32,0,N\A
2,2012/11/24,15146,65,107,70,0,2,255,255,247,248,4,0,N\A
2,2012/12/02,15049,0,107,70,14833,0,226,80,247,248,10,252,N\A
2,2012/12/10,15095,0,105,53,14820,0,222,50,247,248,211,187,N\A
2,2012/12/18,15117,0,106,57,14768,0,223,58,247,248,155,95,N\A
2,2012/12/26,14995,0,105,53,14741,0,225,72,247,248,23,58,N\A
3,2012/01/01,15054,0,105,45,14815,0,223,54,245,247,233,208,N\A
3,2012/01/09,14942,0,108,83,14829,0,222,46,245,247,163,130,N\A
3,2012/01/17,15081,65,106,62,14888,65,223,56,245,248,226,199,N\A
3,2012/01/25,15126,0,107,71,14909,0,224,67,245,247,17,10,N\A
3,2012/02/02,15182,0,108,84,14939,0,224,69,246,248,122,244,N\A
3,2012/02/10,15142,0,105,48,14927,0,224,68,246,248,87,106,N\A
3,2012/02/18,15196,0,107,72,14830,0,223,61,245,247,250,151,N\A
3,2012/02/26,15286,0,110,101,14874,0,225,69,245,247,165,56,N\A
3,2012/03/05,15275,65,108,87,14835,0,222,47,246,248,2,3,N\A
3,2012/03/13,15432,0,106,58,14894,0,223,51,246,248,208,232,N\A
3,2012/03/21,15423,0,105,47,14825,0,222,47,246,248,3,3,N\A
3,2012/03/29,15368,0,107,71,14900,0,222,39,245,247,21,40,N\A
3,2012/04/06,15368,65,106,63,14978,0,221,28,245,247,200,80,N\A
3,2012/04/14,0,2,255,255,14980,0,224,62,245,247,0,192,N\A
3,2012/04/22,15398,65,104,33,15033,0,225,80,245,247,9,5,N\A
3,2012/04/30,15537,65,108,86,0,2,255,255,245,247,5,0,N\A
3,2012/05/08,15495,65,106,58,15033,0,224,66,246,248,8,4,N\A
3,2012/05/16,0,2,255,255,0,2,255,255,0,0,0,0,N\A
3,2012/05/24,0,2,255,255,0,2,255,255,0,0,0,0,N\A
3,2012/06/01,0,2,255,255,0,2,255,255,0,0,0,0,N\A
3,2012/06/09,0,2,255,255,0,2,255,255,0,0,0,0,N\A
3,2012/06/17,0,2,255,255,0,2,255,255,0,0,0,0,N\A
3,2012/06/25,0,2,255,255,0,2,255,255,0,0,0,0,N\A
3,2012/07/03,0,2,255,255,0,2,255,255,0,0,0,0,N\A
3,2012/07/11,0,2,255,255,0,2,255,255,0,0,0,0,N\A
3,2012/07/19,15211,65,107,73,0,2,255,255,245,247,4,0,N\A
3,2012/07/27,0,2,255,255,0,2,255,255,0,0,0,0,N\A
3,2012/08/04,0,2,255,255,0,2,255,255,0,0,0,0,N\A
3,2012/08/12,0,2,255,255,0,2,255,255,0,0,0,0,N\A
3,2012/08/20,0,2,255,255,0,2,255,255,0,0,0,0,N\A
3,2012/08/28,0,2,255,255,0,2,255,255,0,0,0,0,N\A
3,2012/09/05,0,2,255,255,0,2,255,255,0,0,0,0,N\A
3,2012/09/13,0,2,255,255,0,2,255,255,0,0,0,0,N\A
3,2012/09/21,0,2,255,255,0,2,255,255,0,0,0,0,N\A
3,2012/09/29,15087,65,108,86,14993,0,224,66,246,248,2,4,N\A
3,2012/10/07,15241,65,105,44,14942,65,223,51,245,247,16,8,N\A
3,2012/10/15,15180,0,109,87,14816,65,225,73,245,247,72,216,N\A
3,2012/10/23,15228,65,105,44,14882,0,227,88,246,248,16,24,N\A
3,2012/10/31,15194,0,108,75,14855,0,227,84,246,248,58,24,N\A
3,2012/11/08,15115,0,109,90,0,2,255,255,246,248,66,0,N\A
3,2012/11/16,0,2,255,255,0,2,255,255,0,0,0,0,N\A
3,2012/11/24,0,2,255,255,0,2,255,255,0,0,0,0,N\A
3,2012/12/02,15169,0,105,48,14857,0,226,79,246,247,170,252,N\A
3,2012/12/10,15027,65,107,74,14878,0,221,35,245,248,183,171,N\A
3,2012/12/18,15045,0,106,63,14811,0,223,58,246,248,251,95,N\A
3,2012/12/26,14949,0,106,65,14840,0,226,86,246,248,38,26,N\A
4,2012/01/01,15027,65,105,47,14828,65,224,71,246,248,233,244,N\A
4,2012/01/09,14961,0,108,84,14857,0,222,48,246,248,163,130,N\A
4,2012/01/17,15128,0,105,54,14907,65,223,63,246,248,138,151,N\A
4,2012/01/25,15048,0,107,77,14916,0,225,83,246,248,148,2,N\A
4,2012/02/02,15124,0,108,85,14976,0,224,71,246,248,122,244,N\A
4,2012/02/10,15055,0,107,68,14901,0,225,81,246,248,247,122,N\A
4,2012/02/18,15128,0,107,74,14902,0,222,43,246,248,250,84,N\A
4,2012/02/26,15120,0,107,69,14849,0,224,67,246,248,247,248,N\A
4,2012/03/05,15079,65,105,49,14849,0,222,49,247,248,3,3,N\A
4,2012/03/13,15172,65,106,59,14881,0,223,56,246,248,208,184,N\A
4,2012/03/21,15235,0,105,52,14812,65,226,90,246,248,11,133,N\A
4,2012/03/29,15175,0,108,86,14842,0,223,54,246,248,53,8,N\A
4,2012/04/06,15247,65,106,64,14890,0,221,30,246,248,200,80,N\A
4,2012/04/14,15295,65,107,66,14993,0,224,63,246,248,192,192,N\A
4,2012/04/22,15475,65,106,60,14955,0,225,83,246,248,8,5,N\A
4,2012/04/30,0,2,255,255,0,2,255,255,0,0,0,0,N\A
4,2012/05/08,15490,65,106,60,15031,0,224,69,246,248,8,4,N\A
4,2012/05/16,0,2,255,255,0,2,255,255,0,0,0,0,N\A
4,2012/05/24,0,2,255,255,0,2,255,255,0,0,0,0,N\A
4,2012/06/01,0,2,255,255,0,2,255,255,0,0,0,0,N\A
4,2012/06/09,15088,65,104,33,0,2,255,255,246,247,32,0,N\A
4,2012/06/17,0,2,255,255,0,2,255,255,0,0,0,0,N\A
4,2012/06/25,15006,65,106,60,0,2,255,255,246,248,8,0,N\A
4,2012/07/03,0,2,255,255,0,2,255,255,0,0,0,0,N\A
4,2012/07/11,0,2,255,255,0,2,255,255,0,0,0,0,N\A
4,2012/07/19,0,2,255,255,0,2,255,255,0,0,0,0,N\A
4,2012/07/27,0,2,255,255,0,2,255,255,0,0,0,0,N\A
4,2012/08/04,0,2,255,255,0,2,255,255,0,0,0,0,N\A
4,2012/08/12,0,2,255,255,0,2,255,255,0,0,0,0,N\A
4,2012/08/20,0,2,255,255,0,2,255,255,0,0,0,0,N\A
4,2012/08/28,0,2,255,255,0,2,255,255,0,0,0,0,N\A
4,2012/09/05,0,2,255,255,0,2,255,255,0,0,0,0,N\A
4,2012/09/13,0,2,255,255,0,2,255,255,0,0,0,0,N\A
4,2012/09/21,0,2,255,255,0,2,255,255,0,0,0,0,N\A
4,2012/09/29,15166,65,106,60,0,2,255,255,246,248,42,0,N\A
4,2012/10/07,15136,0,104,34,14999,65,223,54,246,248,80,8,N\A
4,2012/10/15,15253,0,107,70,14890,0,223,56,246,248,104,208,N\A
4,2012/10/23,15186,0,109,84,14897,0,227,90,246,248,48,24,N\A
4,2012/10/31,15190,0,106,59,14767,0,226,81,246,248,184,48,N\A
4,2012/11/08,15241,65,109,92,0,2,255,255,246,248,66,0,N\A
4,2012/11/16,0,2,255,255,0,2,255,255,0,0,0,0,N\A
4,2012/11/24,15124,65,109,92,0,2,255,255,246,248,132,0,N\A
4,2012/12/02,15102,65,105,52,14898,0,224,61,246,248,227,112,N\A
4,2012/12/10,15113,0,108,79,14906,0,221,37,246,248,245,171,N\A
4,2012/12/18,15091,0,107,69,14814,65,224,65,246,248,219,55,N\A
4,2012/12/26,14909,0,106,62,14792,0,225,73,246,248,54,58,N\A
5,2012/01/01,15051,0,105,47,14770,0,223,60,246,248,233,212,N\A
5,2012/01/09,14957,65,108,84,14806,0,222,49,247,248,163,130,N\A
5,2012/01/17,15099,65,105,50,14834,65,223,62,247,248,170,69,N\A
5,2012/01/25,15149,0,108,88,14896,0,225,84,246,248,5,2,N\A
5,2012/02/02,15172,0,107,70,14937,0,225,72,246,248,104,240,N\A
5,2012/02/10,15052,0,107,69,14914,0,224,71,246,248,247,106,N\A
5,2012/02/18,15177,0,107,65,14883,0,222,44,246,248,186,84,N\A
5,2012/02/26,15144,0,107,69,14873,0,223,57,247,248,247,184,N\A
5,2012/03/05,15088,65,101,9,14855,0,222,50,246,248,1,3,N\A
5,2012/03/13,15217,0,107,66,14875,0,224,68,246,248,192,248,N\A
5,2012/03/21,15278,0,105,53,14843,0,225,83,246,249,11,5,N\A
5,2012/03/29,15268,0,106,61,14846,0,223,55,246,248,20,8,N\A
5,2012/04/06,15330,65,104,38,14913,0,224,61,246,248,136,112,N\A
5,2012/04/14,15326,65,110,109,14989,0,223,53,247,248,128,224,N\A
5,2012/04/22,15464,65,106,61,14984,0,225,83,246,248,8,5,N\A
5,2012/04/30,0,2,255,255,0,2,255,255,0,0,0,0,N\A
5,2012/05/08,0,2,255,255,15046,0,224,70,246,248,0,4,N\A
5,2012/05/16,0,2,255,255,0,2,255,255,0,0,0,0,N\A
5,2012/05/24,0,2,255,255,0,2,255,255,0,0,0,0,N\A
5,2012/06/01,0,2,255,255,0,2,255,255,0,0,0,0,N\A
5,2012/06/09,0,2,255,255,0,2,255,255,0,0,0,0,N\A
5,2012/06/17,0,2,255,255,0,2,255,255,0,0,0,0,N\A
5,2012/06/25,0,2,255,255,0,2,255,255,0,0,0,0,N\A
5,2012/07/03,0,2,255,255,0,2,255,255,0,0,0,0,N\A
5,2012/07/11,0,2,255,255,0,2,255,255,0,0,0,0,N\A
5,2012/07/19,0,2,255,255,0,2,255,255,0,0,0,0,N\A
5,2012/07/27,0,2,255,255,0,2,255,255,0,0,0,0,N\A
5,2012/08/04,0,2,255,255,0,2,255,255,0,0,0,0,N\A
5,2012/08/12,0,2,255,255,0,2,255,255,0,0,0,0,N\A
5,2012/08/20,0,2,255,255,0,2,255,255,0,0,0,0,N\A
5,2012/08/28,0,2,255,255,0,2,255,255,0,0,0,0,N\A
5,2012/09/05,0,2,255,255,0,2,255,255,0,0,0,0,N\A
5,2012/09/13,0,2,255,255,0,2,255,255,0,0,0,0,N\A
5,2012/09/21,0,2,255,255,0,2,255,255,0,0,0,0,N\A
5,2012/09/29,15172,65,107,75,14940,65,224,70,246,249,10,4,N\A
5,2012/10/07,15200,65,104,35,14936,0,226,85,247,248,80,72,N\A
5,2012/10/15,15254,0,107,70,14888,0,225,74,246,248,104,144,N\A
5,2012/10/23,15294,0,105,46,14859,0,227,91,247,248,16,24,N\A
5,2012/10/31,15219,0,108,74,14905,0,222,41,246,248,56,16,N\A
5,2012/11/08,0,2,255,255,14838,65,219,12,246,248,0,64,N\A
5,2012/11/16,15142,65,104,34,0,2,255,255,246,248,32,0,N\A
5,2012/11/24,14967,0,109,92,14966,65,223,55,247,249,132,8,N\A
5,2012/12/02,15141,0,108,80,14840,0,225,72,247,248,98,240,N\A
5,2012/12/10,15146,0,108,79,14890,0,221,37,246,248,245,171,N\A
5,2012/12/18,15112,0,107,69,14727,65,223,58,246,248,219,119,N\A
5,2012/12/26,14942,0,106,67,14763,0,225,74,246,248,38,58,N\A
6,2012/01/01,15065,0,105,48,14703,0,223,57,247,248,233,208,N\A
6,2012/01/09,14979,65,106,72,14814,0,222,49,246,248,131,130,N\A
6,2012/01/17,15141,0,106,65,14882,0,223,69,247,248,226,131,N\A
6,2012/01/25,14984,65,108,84,0,2,255,255,246,249,149,0,N\A
6,2012/02/02,15134,0,107,76,14928,0,224,72,246,248,106,244,N\A
6,2012/02/10,15079,0,106,61,14887,0,223,58,247,248,215,107,N\A
6,2012/02/18,15139,0,107,75,14910,0,222,45,247,248,250,84,N\A
6,2012/02/26,15147,65,108,81,14857,0,224,65,247,249,245,152,N\A
6,2012/03/05,15188,65,108,90,14787,65,222,50,247,248,2,3,N\A
6,2012/03/13,15135,0,110,106,14864,0,224,68,247,248,129,248,N\A
6,2012/03/21,15147,65,106,59,14775,0,222,50,247,248,203,3,N\A
6,2012/03/29,15239,0,107,75,14798,0,223,55,246,248,21,8,N\A
6,2012/04/06,15363,65,102,16,14834,0,225,71,247,248,128,96,N\A
6,2012/04/14,0,2,255,255,14964,0,224,64,247,248,0,192,N\A
6,2012/04/22,0,2,255,255,14927,0,225,84,247,249,0,5,N\A
6,2012/04/30,15521,65,109,101,0,2,255,255,246,249,1,0,N\A
6,2012/05/08,15338,65,111,118,15008,0,224,70,247,248,64,4,N\A
6,2012/05/16,0,2,255,255,0,2,255,255,0,0,0,0,N\A
6,2012/05/24,0,2,255,255,0,2,255,255,0,0,0,0,N\A
6,2012/06/01,0,2,255,255,0,2,255,255,0,0,0,0,N\A
6,2012/06/09,0,2,255,255,0,2,255,255,0,0,0,0,N\A
6,2012/06/17,14833,65,110,110,0,2,255,255,247,248,128,0,N\A
6,2012/06/25,0,2,255,255,0,2,255,255,0,0,0,0,N\A
6,2012/07/03,0,2,255,255,0,2,255,255,0,0,0,0,N\A
6,2012/07/11,0,2,255,255,0,2,255,255,0,0,0,0,N\A
6,2012/07/19,0,2,255,255,0,2,255,255,0,0,0,0,N\A
6,2012/07/27,0,2,255,255,0,2,255,255,0,0,0,0,N\A
6,2012/08/04,0,2,255,255,0,2,255,255,0,0,0,0,N\A
6,2012/08/12,0,2,255,255,0,2,255,255,0,0,0,0,N\A
6,2012/08/20,0,2,255,255,0,2,255,255,0,0,0,0,N\A
6,2012/08/28,0,2,255,255,0,2,255,255,0,0,0,0,N\A
6,2012/09/05,0,2,255,255,0,2,255,255,0,0,0,0,N\A
6,2012/09/13,0,2,255,255,0,2,255,255,0,0,0,0,N\A
6,2012/09/21,0,2,255,255,0,2,255,255,0,0,0,0,N\A
6,2012/09/29,15138,65,106,62,0,2,255,255,247,248,42,0,N\A
6,2012/10/07,15084,65,107,74,14997,0,226,85,247,248,113,72,N\A
6,2012/10/15,15187,65,107,72,14920,0,225,75,247,248,104,144,N\A
6,2012/10/23,15134,65,108,82,14925,0,227,91,247,248,52,24,N\A
6,2012/10/31,15124,65,107,71,15039,0,222,42,246,249,248,16,N\A
6,2012/11/08,15110,65,107,70,0,2,255,255,246,248,98,0,N\A
6,2012/11/16,15100,65,104,35,0,2,255,255,247,249,32,0,N\A
6,2012/11/24,15021,65,103,24,14988,0,223,56,247,249,64,8,N\A
6,2012/12/02,15028,65,108,75,14880,0,225,73,247,248,56,240,N\A
6,2012/12/10,15108,0,108,81,14867,0,224,67,247,248,241,219,N\A
6,2012/12/18,15126,0,106,57,14880,0,224,65,247,248,187,51,N\A
6,2012/12/26,15032,0,106,63,14781,0,225,74,247,248,54,58,N\A
7,2012/01/01,15103,0,106,60,14768,0,224,69,246,248,232,209,N\A
7,2012/01/09,14933,65,107,73,14774,65,221,36,247,249,131,131,N\A
7,2012/01/17,15166,0,106,58,14871,0,224,71,247,248,224,227,N\A
7,2012/01/25,15002,0,109,96,0,2,255,255,247,249,132,0,N\A
7,2012/02/02,15068,0,108,81,15007,0,224,65,247,248,58,116,N\A
7,2012/02/10,15078,0,106,62,14901,0,223,54,247,248,215,105,N\A
7,2012/02/18,15076,0,106,66,14854,0,222,48,247,248,254,87,N\A
7,2012/02/26,15169,0,110,98,14862,0,223,59,247,248,177,184,N\A
7,2012/03/05,15007,65,107,74,14728,65,217,3,247,248,67,2,N\A
7,2012/03/13,15022,65,108,78,14843,0,224,70,247,249,240,248,N\A
7,2012/03/21,15095,65,105,51,14819,0,222,51,247,248,207,3,N\A
7,2012/03/29,15162,0,107,77,14773,65,224,64,247,248,21,25,N\A
7,2012/04/06,15103,65,105,55,14864,0,220,22,247,248,238,64,N\A
7,2012/04/14,0,2,255,255,14928,0,224,65,247,248,0,192,N\A
7,2012/04/22,15371,65,106,65,14938,65,224,73,247,249,8,4,N\A
7,2012/04/30,15436,65,109,103,0,2,255,255,246,248,1,0,N\A
7,2012/05/08,0,2,255,255,0,2,255,255,0,0,0,0,N\A
7,2012/05/16,0,2,255,255,0,2,255,255,0,0,0,0,N\A
7,2012/05/24,0,2,255,255,0,2,255,255,0,0,0,0,N\A
7,2012/06/01,0,2,255,255,0,2,255,255,0,0,0,0,N\A
7,2012/06/09,0,2,255,255,0,2,255,255,0,0,0,0,N\A
7,2012/06/17,0,2,255,255,0,2,255,255,0,0,0,0,N\A
7,2012/06/25,0,2,255,255,0,2,255,255,0,0,0,0,N\A
7,2012/07/03,0,2,255,255,0,2,255,255,0,0,0,0,N\A
7,2012/07/11,0,2,255,255,0,2,255,255,0,0,0,0,N\A
7,2012/07/19,0,2,255,255,0,2,255,255,0,0,0,0,N\A
7,2012/07/27,0,2,255,255,0,2,255,255,0,0,0,0,N\A
7,2012/08/04,0,2,255,255,0,2,255,255,0,0,0,0,N\A
7,2012/08/12,0,2,255,255,0,2,255,255,0,0,0,0,N\A
7,2012/08/20,15135,65,105,50,0,2,255,255,246,248,16,0,N\A
7,2012/08/28,0,2,255,255,0,2,255,255,0,0,0,0,N\A
7,2012/09/05,0,2,255,255,0,2,255,255,0,0,0,0,N\A
7,2012/09/13,0,2,255,255,0,2,255,255,0,0,0,0,N\A
7,2012/09/21,0,2,255,255,0,2,255,255,0,0,0,0,N\A
7,2012/09/29,15040,65,106,65,0,2,255,255,247,248,42,0,N\A
7,2012/10/07,15016,65,107,76,14864,0,223,58,247,248,117,8,N\A
7,2012/10/15,15089,0,107,73,14803,0,226,83,247,248,104,48,N\A
7,2012/10/23,15080,0,109,91,14841,0,223,58,246,248,180,8,N\A
7,2012/10/31,15187,0,105,51,14849,0,222,44,246,249,40,16,N\A
7,2012/11/08,15212,65,107,72,14708,65,219,14,247,248,98,64,N\A
7,2012/11/16,15148,0,104,37,0,2,255,255,247,249,32,0,N\A
7,2012/11/24,15121,65,105,53,14899,0,226,87,247,248,68,72,N\A
7,2012/12/02,15195,0,107,79,14825,0,226,83,247,248,10,48,N\A
7,2012/12/10,15181,0,104,40,14825,0,222,52,247,248,86,235,N\A
7,2012/12/18,15177,0,104,48,14806,65,224,68,247,248,239,55,N\A
7,2012/12/26,15051,0,107,78,14855,0,224,73,247,249,39,10,N\A
8,2012/01/01,15017,65,106,56,14973,0,223,54,246,248,232,208,N\A
8,2012/01/09,14926,65,109,99,14861,65,221,32,247,248,1,131,N\A
8,2012/01/17,15061,65,106,62,14896,65,223,56,246,248,226,199,N\A
8,2012/01/25,15150,65,107,72,0,2,255,255,246,248,17,0,N\A
8,2012/02/02,15152,65,108,84,15007,0,225,70,246,248,122,240,N\A
8,2012/02/10,15139,65,106,66,14939,0,225,79,246,248,151,122,N\A
8,2012/02/18,15202,65,107,73,14852,0,222,45,246,248,250,214,N\A
8,2012/02/26,15242,0,108,82,14867,0,226,83,247,248,149,208,N\A
8,2012/03/05,15222,0,108,87,14844,65,217,0,247,248,2,2,N\A
8,2012/03/13,15254,0,106,59,14933,0,223,51,246,248,208,232,N\A
8,2012/03/21,15174,0,104,36,14836,65,222,53,247,248,131,7,N\A
8,2012/03/29,15180,0,108,85,14825,65,224,68,246,248,53,56,N\A
8,2012/04/06,15242,0,106,55,14933,0,220,18,246,248,232,64,N\A
8,2012/04/14,15158,65,109,99,14899,0,224,62,247,248,1,192,N\A
8,2012/04/22,15194,65,106,52,14918,0,222,53,246,248,153,7,N\A
8,2012/04/30,15256,65,107,71,0,2,255,255,246,248,135,0,N\A
8,2012/05/08,15451,65,106,59,15011,0,224,66,246,248,8,4,N\A
8,2012/05/16,0,2,255,255,0,2,255,255,0,0,0,0,N\A
8,2012/05/24,0,2,255,255,0,2,255,255,0,0,0,0,N\A
8,2012/06/01,0,2,255,255,0,2,255,255,0,0,0,0,N\A
8,2012/06/09,0,2,255,255,0,2,255,255,0,0,0,0,N\A
8,2012/06/17,0,2,255,255,0,2,255,255,0,0,0,0,N\A
8,2012/06/25,0,2,255,255,0,2,255,255,0,0,0,0,N\A
8,2012/07/03,0,2,255,255,0,2,255,255,0,0,0,0,N\A
8,2012/07/11,0,2,255,255,0,2,255,255,0,0,0,0,N\A
8,2012/07/19,15168,65,107,73,0,2,255,255,246,248,4,0,N\A
8,2012/07/27,0,2,255,255,0,2,255,255,0,0,0,0,N\A
8,2012/08/04,0,2,255,255,0,2,255,255,0,0,0,0,N\A
8,2012/08/12,0,2,255,255,0,2,255,255,0,0,0,0,N\A
8,2012/08/20,15105,65,105,44,0,2,255,255,247,248,16,0,N\A
8,2012/08/28,0,2,255,255,0,2,255,255,0,0,0,0,N\A
8,2012/09/05,0,2,255,255,0,2,255,255,0,0,0,0,N\A
8,2012/09/13,0,2,255,255,0,2,255,255,0,0,0,0,N\A
8,2012/09/21,15171,65,107,73,0,2,255,255,246,248,4,0,N\A
8,2012/09/29,15112,65,106,59,15048,0,224,66,246,248,42,4,N\A
8,2012/10/07,0,2,255,255,15004,0,223,51,247,248,0,8,N\A
8,2012/10/15,15068,65,106,59,15035,0,224,61,246,248,42,192,N\A
8,2012/10/23,15085,65,108,80,15015,0,227,88,246,248,52,24,N\A
8,2012/10/31,15026,65,106,61,15019,0,222,38,246,248,234,16,N\A
8,2012/11/08,14972,65,107,68,14942,65,219,11,246,248,98,64,N\A
8,2012/11/16,14999,65,103,23,0,2,255,255,247,248,160,0,N\A
8,2012/11/24,15046,65,105,48,0,2,255,255,246,248,68,0,N\A
8,2012/12/02,15068,65,105,51,14969,0,224,69,246,248,227,244,N\A
8,2012/12/10,14985,65,108,78,14864,0,223,56,246,248,245,234,N\A
8,2012/12/18,15121,65,106,62,14958,0,222,49,246,248,59,23,N\A
8,2012/12/26,14914,65,106,66,14757,65,225,71,246,248,38,58,N\A
9,2012/01/01,15113,65,105,49,14652,0,224,64,247,248,233,192,N\A
9,2012/01/09,14984,0,105,53,14731,65,225,75,246,249,3,146,N\A
9,2012/01/17,15161,0,103,26,14837,0,226,86,247,248,160,225,N\A
9,2012/01/25,15239,65,107,76,14901,65,223,55,246,249,21,8,N\A
9,2012/02/02,15107,65,108,87,14981,0,224,63,247,248,122,116,N\A
9,2012/02/10,15115,65,107,78,14902,0,223,58,247,248,183,107,N\A
9,2012/02/18,15167,65,106,65,14863,0,221,34,247,248,254,86,N\A
9,2012/02/26,15216,65,107,76,14860,0,223,51,247,249,17,153,N\A
9,2012/03/05,15165,65,108,91,14644,65,217,2,247,248,2,2,N\A
9,2012/03/13,15361,0,110,111,14897,0,223,54,247,248,128,232,N\A
9,2012/03/21,15364,0,105,54,14806,0,222,53,247,248,11,23,N\A
9,2012/03/29,15297,65,107,76,14711,0,227,91,246,249,21,24,N\A
9,2012/04/06,0,2,255,255,14860,0,225,71,247,249,0,96,N\A
9,2012/04/14,0,2,255,255,14960,0,224,64,247,248,0,192,N\A
9,2012/04/22,15450,65,106,63,14800,0,217,2,247,248,8,2,N\A
9,2012/04/30,0,2,255,255,0,2,255,255,0,0,0,0,N\A
9,2012/05/08,0,2,255,255,15011,0,224,70,246,248,0,4,N\A
9,2012/05/16,0,2,255,255,0,2,255,255,0,0,0,0,N\A
9,2012/05/24,0,2,255,255,0,2,255,255,0,0,0,0,N\A
9,2012/06/01,0,2,255,255,0,2,255,255,0,0,0,0,N\A
9,2012/06/09,15140,65,104,35,0,2,255,255,246,248,32,0,N\A
9,2012/06/17,0,2,255,255,0,2,255,255,0,0,0,0,N\A
9,2012/06/25,0,2,255,255,0,2,255,255,0,0,0,0,N\A
9,2012/07/03,0,2,255,255,0,2,255,255,0,0,0,0,N\A
9,2012/07/11,0,2,255,255,0,2,255,255,0,0,0,0,N\A
9,2012/07/19,15167,65,107,78,0,2,255,255,246,248,4,0,N\A
9,2012/07/27,0,2,255,255,0,2,255,255,0,0,0,0,N\A
9,2012/08/04,0,2,255,255,0,2,255,255,0,0,0,0,N\A
9,2012/08/12,0,2,255,255,0,2,255,255,0,0,0,0,N\A
9,2012/08/20,0,2,255,255,0,2,255,255,0,0,0,0,N\A
9,2012/08/28,0,2,255,255,0,2,255,255,0,0,0,0,N\A
9,2012/09/05,0,2,255,255,14952,65,223,56,247,248,0,8,N\A
9,2012/09/13,0,2,255,255,0,2,255,255,0,0,0,0,N\A
9,2012/09/21,0,2,255,255,0,2,255,255,0,0,0,0,N\A
9,2012/09/29,15079,65,106,63,15055,65,224,70,247,249,42,4,N\A
9,2012/10/07,14939,65,109,86,15006,0,223,55,247,248,48,8,N\A
9,2012/10/15,15049,0,106,58,14999,0,225,75,246,249,232,144,N\A
9,2012/10/23,15128,65,109,90,14949,0,227,91,247,248,180,24,N\A
9,2012/10/31,15068,65,105,47,15005,0,222,42,247,248,162,16,N\A
9,2012/11/08,15106,65,107,71,0,2,255,255,246,248,98,0,N\A
9,2012/11/16,15034,65,104,35,0,2,255,255,247,248,32,0,N\A
9,2012/11/24,0,2,255,255,15005,0,223,55,246,248,0,8,N\A
9,2012/12/02,15128,65,108,82,14907,0,224,61,247,248,98,112,N\A
9,2012/12/10,15068,0,108,81,14899,0,224,65,247,248,245,75,N\A
9,2012/12/18,15146,0,106,57,14961,0,224,69,247,249,187,17,N\A
9,2012/12/26,15044,0,107,77,14792,0,226,89,247,248,39,26,N\A
10,2012/01/01,15019,0,108,76,14772,65,223,59,243,246,240,208,N\A
10,2012/01/09,15096,0,105,55,14743,65,225,76,244,246,3,146,N\A
10,2012/01/17,15214,65,107,74,14858,0,226,88,244,247,202,225,N\A
10,2012/01/25,15234,65,108,92,0,2,255,255,244,247,5,0,N\A
10,2012/02/02,15177,65,107,74,14901,0,225,74,244,246,104,240,N\A
10,2012/02/10,15207,65,106,63,14883,0,223,60,244,246,215,107,N\A
10,2012/02/18,15213,65,106,62,14822,0,222,48,243,246,252,87,N\A
10,2012/02/26,15306,81,109,93,14868,0,224,67,245,247,49,152,N\A
10,2012/03/05,15434,65,108,93,14729,65,217,3,246,248,2,2,N\A
10,2012/03/13,15224,81,111,112,14809,0,225,73,245,247,128,240,N\A
10,2012/03/21,15311,65,104,42,14817,0,222,51,245,247,15,3,N\A
10,2012/03/29,15385,65,107,78,14863,0,221,33,244,246,21,9,N\A
10,2012/04/06,0,2,255,255,14912,0,225,74,244,246,0,240,N\A
10,2012/04/14,0,2,255,255,14926,0,224,65,244,246,0,192,N\A
10,2012/04/22,0,2,255,255,15019,65,222,44,243,245,0,16,N\A
10,2012/04/30,15490,65,109,104,0,2,255,255,246,248,1,0,N\A
10,2012/05/08,0,2,255,255,0,2,255,255,0,0,0,0,N\A
10,2012/05/16,0,2,255,255,0,2,255,255,0,0,0,0,N\A
10,2012/05/24,0,2,255,255,0,2,255,255,0,0,0,0,N\A
10,2012/06/01,0,2,255,255,0,2,255,255,0,0,0,0,N\A
10,2012/06/09,0,2,255,255,0,2,255,255,0,0,0,0,N\A
10,2012/06/17,0,2,255,255,0,2,255,255,0,0,0,0,N\A
10,2012/06/25,0,2,255,255,0,2,255,255,0,0,0,0,N\A
10,2012/07/03,0,2,255,255,0,2,255,255,0,0,0,0,N\A
10,2012/07/11,0,2,255,255,0,2,255,255,0,0,0,0,N\A
10,2012/07/19,0,2,255,255,0,2,255,255,0,0,0,0,N\A
10,2012/07/27,0,2,255,255,0,2,255,255,0,0,0,0,N\A
10,2012/08/04,0,2,255,255,0,2,255,255,0,0,0,0,N\A
10,2012/08/12,0,2,255,255,0,2,255,255,0,0,0,0,N\A
10,2012/08/20,0,2,255,255,0,2,255,255,0,0,0,0,N\A
10,2012/08/28,0,2,255,255,0,2,255,255,0,0,0,0,N\A
10,2012/09/05,0,2,255,255,0,2,255,255,0,0,0,0,N\A
10,2012/09/13,0,2,255,255,0,2,255,255,0,0,0,0,N\A
10,2012/09/21,0,2,255,255,0,2,255,255,0,0,0,0,N\A
10,2012/09/29,0,2,255,255,14637,65,224,73,243,245,0,4,N\A
10,2012/10/07,15338,0,105,51,14968,81,223,58,242,245,16,8,N\A
10,2012/10/15,15291,17,104,40,14845,0,225,74,244,247,168,240,N\A
10,2012/10/23,15248,65,106,66,14922,0,223,58,244,246,20,8,N\A
10,2012/10/31,15298,0,105,51,14915,17,222,44,243,246,40,16,N\A
10,2012/11/08,0,2,255,255,0,2,255,255,0,0,0,0,N\A
10,2012/11/16,0,2,255,255,0,2,255,255,0,0,0,0,N\A
10,2012/11/24,0,2,255,255,14918,65,226,87,243,246,0,72,N\A
10,2012/12/02,15201,0,110,106,14743,65,225,74,244,246,66,240,N\A
10,2012/12/10,15233,0,104,40,14784,0,222,52,244,246,86,235,N\A
10,2012/12/18,15199,0,106,62,14820,0,224,67,244,247,223,51,N\A
10,2012/12/26,15256,81,105,60,14821,0,226,91,244,246,23,26,N\A
11,2012/01/01,15206,0,106,60,14720,0,224,70,246,248,224,209,N\A
11,2012/01/09,15232,0,110,105,14728,65,225,72,247,248,1,144,N\A
11,2012/01/17,15276,0,102,19,14784,0,224,72,247,248,128,227,N\A
11,2012/01/25,15343,0,108,82,14699,0,225,88,247,249,4,2,N\A
11,2012/02/02,15298,65,108,75,14881,0,224,67,247,248,104,116,N\A
11,2012/02/10,15285,65,109,90,14854,0,223,61,247,249,145,42,N\A
11,2012/02/18,15413,0,107,68,14806,0,222,48,246,248,42,84,N\A
11,2012/02/26,0,2,255,255,14851,0,221,38,247,249,0,136,N\A
11,2012/03/05,0,2,255,255,14728,65,222,52,247,249,0,3,N\A
11,2012/03/13,0,2,255,255,14806,65,226,87,247,248,0,208,N\A
11,2012/03/21,15364,0,105,53,14789,0,226,100,247,249,3,1,N\A
11,2012/03/29,15473,65,108,79,14857,0,221,34,247,248,17,9,N\A
11,2012/04/06,0,2,255,255,14869,65,220,23,246,248,0,64,N\A
11,2012/04/14,0,2,255,255,14856,0,224,66,247,249,0,192,N\A
11,2012/04/22,0,2,255,255,0,2,255,255,0,0,0,0,N\A
11,2012/04/30,0,2,255,255,0,2,255,255,0,0,0,0,N\A
11,2012/05/08,0,2,255,255,0,2,255,255,0,0,0,0,N\A
11,2012/05/16,0,2,255,255,0,2,255,255,0,0,0,0,N\A
11,2012/05/24,0,2,255,255,0,2,255,255,0,0,0,0,N\A
11,2012/06/01,0,2,255,255,0,2,255,255,0,0,0,0,N\A
11,2012/06/09,0,2,255,255,0,2,255,255,0,0,0,0,N\A
11,2012/06/17,0,2,255,255,0,2,255,255,0,0,0,0,N\A
11,2012/06/25,0,2,255,255,0,2,255,255,0,0,0,0,N\A
11,2012/07/03,0,2,255,255,0,2,255,255,0,0,0,0,N\A
11,2012/07/11,0,2,255,255,0,2,255,255,0,0,0,0,N\A
11,2012/07/19,0,2,255,255,0,2,255,255,0,0,0,0,N\A
11,2012/07/27,0,2,255,255,0,2,255,255,0,0,0,0,N\A
11,2012/08/04,0,2,255,255,0,2,255,255,0,0,0,0,N\A
11,2012/08/12,0,2,255,255,0,2,255,255,0,0,0,0,N\A
11,2012/08/20,15169,65,106,53,0,2,255,255,247,249,16,0,N\A
11,2012/08/28,0,2,255,255,0,2,255,255,0,0,0,0,N\A
11,2012/09/05,0,2,255,255,0,2,255,255,0,0,0,0,N\A
11,2012/09/13,0,2,255,255,0,2,255,255,0,0,0,0,N\A
11,2012/09/21,0,2,255,255,0,2,255,255,0,0,0,0,N\A
11,2012/09/29,15096,65,106,67,0,2,255,255,247,248,8,0,N\A
11,2012/10/07,15187,65,104,40,14809,65,228,117,247,249,80,64,N\A
11,2012/10/15,15333,0,106,53,14850,0,222,48,246,248,40,84,N\A
11,2012/10/23,15178,65,109,86,14764,0,227,94,247,248,52,24,N\A
11,2012/10/31,15162,0,106,53,14861,0,222,45,246,248,40,16,N\A
11,2012/11/08,15199,65,107,74,0,2,255,255,246,248,98,0,N\A
11,2012/11/16,0,2,255,255,0,2,255,255,0,0,0,0,N\A
11,2012/11/24,15148,0,106,55,14877,0,226,89,247,249,68,72,N\A
11,2012/12/02,15147,0,107,67,14767,65,225,85,246,248,34,145,N\A
11,2012/12/10,15144,65,105,54,14838,0,222,54,247,248,87,235,N\A
11,2012/12/18,15161,0,105,50,14860,0,224,73,247,248,239,17,N\A
11,2012/12/26,15192,0,106,61,14763,0,224,74,246,248,23,10,N\A
12,2012/01/01,15071,65,105,47,14851,0,224,61,246,248,233,192,N\A
12,2012/01/09,14925,65,107,75,14758,65,221,32,246,248,35,131,N\A
12,2012/01/17,15158,0,106,63,14868,0,223,66,246,248,226,131,N\A
12,2012/01/25,15201,0,107,72,14898,65,225,80,246,248,17,2,N\A
12,2012/02/02,15146,0,108,85,14948,0,225,70,246,248,122,240,N\A
12,2012/02/10,15153,65,106,66,14942,0,224,68,246,248,151,106,N\A
12,2012/02/18,15185,0,107,74,14827,0,224,59,247,248,250,222,N\A
12,2012/02/26,15178,0,108,86,14861,0,226,83,246,248,53,208,N\A
12,2012/03/05,15159,65,108,88,14710,65,217,0,247,248,2,2,N\A
12,2012/03/13,15284,65,108,75,14941,0,223,51,246,248,240,232,N\A
12,2012/03/21,15261,0,104,37,14827,0,222,53,246,248,131,7,N\A
12,2012/03/29,15231,0,107,73,14832,0,223,51,246,248,21,8,N\A
12,2012/04/06,15309,65,104,37,14956,0,220,18,246,248,136,64,N\A
12,2012/04/14,15345,65,107,74,14946,0,228,113,247,248,4,64,N\A
12,2012/04/22,0,2,255,255,14986,0,225,80,246,248,0,5,N\A
12,2012/04/30,0,2,255,255,0,2,255,255,0,0,0,0,N\A
12,2012/05/08,15469,65,106,60,14993,0,224,66,246,248,8,4,N\A
12,2012/05/16,0,2,255,255,0,2,255,255,0,0,0,0,N\A
12,2012/05/24,0,2,255,255,0,2,255,255,0,0,0,0,N\A
12,2012/06/01,0,2,255,255,0,2,255,255,0,0,0,0,N\A
12,2012/06/09,15071,65,104,33,0,2,255,255,246,248,32,0,N\A
12,2012/06/17,0,2,255,255,14455,65,230,125,246,248,0,16,N\A
12,2012/06/25,0,2,255,255,0,2,255,255,0,0,0,0,N\A
12,2012/07/03,15019,65,110,109,0,2,255,255,246,248,128,0,N\A
12,2012/07/11,0,2,255,255,0,2,255,255,0,0,0,0,N\A
12,2012/07/19,15223,65,107,74,0,2,255,255,246,248,4,0,N\A
12,2012/07/27,0,2,255,255,0,2,255,255,0,0,0,0,N\A
12,2012/08/04,0,2,255,255,0,2,255,255,0,0,0,0,N\A
12,2012/08/12,0,2,255,255,0,2,255,255,0,0,0,0,N\A
12,2012/08/20,0,2,255,255,0,2,255,255,0,0,0,0,N\A
12,2012/08/28,0,2,255,255,0,2,255,255,0,0,0,0,N\A
12,2012/09/05,0,2,255,255,0,2,255,255,0,0,0,0,N\A
12,2012/09/13,0,2,255,255,0,2,255,255,0,0,0,0,N\A
12,2012/09/21,0,2,255,255,0,2,255,255,0,0,0,0,N\A
12,2012/09/29,15095,65,106,60,0,2,255,255,246,248,42,0,N\A
12,2012/10/07,15016,65,109,84,14938,0,223,51,246,248,48,8,N\A
12,2012/10/15,15231,0,105,46,14975,0,224,61,246,248,40,192,N\A
12,2012/10/23,15157,65,108,81,14957,0,227,88,247,248,52,24,N\A
12,2012/10/31,15093,0,108,77,15009,0,222,38,246,248,58,16,N\A
12,2012/11/08,15170,65,109,91,0,2,255,255,246,248,66,0,N\A
12,2012/11/16,15025,65,102,14,0,2,255,255,246,248,128,0,N\A
12,2012/11/24,0,2,255,255,14941,65,223,51,246,248,0,8,N\A
12,2012/12/02,15089,0,106,64,14857,0,225,75,246,248,251,241,N\A
12,2012/12/10,15053,65,106,63,14868,0,223,55,246,248,246,107,N\A
12,2012/12/18,15020,65,106,55,14875,0,221,34,246,248,187,22,N\A
12,2012/12/26,15031,0,105,58,14872,0,224,66,246,248,7,10,N\A
13,2012/01/01,15126,65,105,48,14847,0,223,56,246,248,233,208,N\A
13,2012/01/09,14950,0,107,77,14798,65,221,34,246,248,35,131,N\A
13,2012/01/17,15103,65,106,58,14868,65,223,56,246,248,232,195,N\A
13,2012/01/25,15090,0,109,96,0,2,255,255,246,248,133,0,N\A
13,2012/02/02,15090,65,108,87,14973,0,224,63,246,248,122,116,N\A
13,2012/02/10,15103,65,106,68,14846,0,223,58,246,248,151,99,N\A
13,2012/02/18,15139,0,107,75,14848,0,221,33,246,248,250,86,N\A
13,2012/02/26,15159,0,108,88,14788,0,224,65,246,248,53,152,N\A
13,2012/03/05,15154,65,105,50,0,2,255,255,246,248,3,0,N\A
13,2012/03/13,15049,65,109,94,14930,0,223,53,246,248,176,232,N\A
13,2012/03/21,15316,0,105,50,14815,0,224,68,246,248,3,135,N\A
13,2012/03/29,15277,0,107,75,14767,0,227,90,246,248,21,24,N\A
13,2012/04/06,15119,65,108,73,14915,65,221,30,246,248,144,80,N\A
13,2012/04/14,0,2,255,255,14957,0,228,114,245,247,0,64,N\A
13,2012/04/22,15480,65,106,62,14770,65,217,1,246,248,8,2,N\A
13,2012/04/30,0,2,255,255,0,2,255,255,0,0,0,0,N\A
13,2012/05/08,15445,65,106,62,14983,65,224,69,246,248,8,4,N\A
13,2012/05/16,0,2,255,255,0,2,255,255,0,0,0,0,N\A
13,2012/05/24,0,2,255,255,0,2,255,255,0,0,0,0,N\A
13,2012/06/01,0,2,255,255,0,2,255,255,0,0,0,0,N\A
13,2012/06/09,0,2,255,255,0,2,255,255,0,0,0,0,N\A
13,2012/06/17,0,2,255,255,0,2,255,255,0,0,0,0,N\A
13,2012/06/25,0,2,255,255,0,2,255,255,0,0,0,0,N\A
13,2012/07/03,0,2,255,255,0,2,255,255,0,0,0,0,N\A
13,2012/07/11,0,2,255,255,0,2,255,255,0,0,0,0,N\A
13,2012/07/19,0,2,255,255,0,2,255,255,0,0,0,0,N\A
13,2012/07/27,0,2,255,255,0,2,255,255,0,0,0,0,N\A
13,2012/08/04,0,2,255,255,0,2,255,255,0,0,0,0,N\A
13,2012/08/12,0,2,255,255,0,2,255,255,0,0,0,0,N\A
13,2012/08/20,0,2,255,255,0,2,255,255,0,0,0,0,N\A
13,2012/08/28,0,2,255,255,0,2,255,255,0,0,0,0,N\A
13,2012/09/05,0,2,255,255,0,2,255,255,0,0,0,0,N\A
13,2012/09/13,0,2,255,255,0,2,255,255,0,0,0,0,N\A
13,2012/09/21,0,2,255,255,0,2,255,255,0,0,0,0,N\A
13,2012/09/29,15055,65,108,90,0,2,255,255,246,248,2,0,N\A
13,2012/10/07,15037,65,105,48,0,2,255,255,246,248,16,0,N\A
13,2012/10/15,15274,0,105,49,14957,0,224,63,246,248,40,192,N\A
13,2012/10/23,15209,65,108,83,14926,0,227,90,246,248,52,24,N\A
13,2012/10/31,15273,0,104,35,15009,0,222,40,246,248,32,16,N\A
13,2012/11/08,15285,0,109,93,0,2,255,255,246,248,66,0,N\A
13,2012/11/16,15122,65,104,35,0,2,255,255,246,248,32,0,N\A
13,2012/11/24,15126,65,107,77,14986,0,223,54,246,248,4,8,N\A
13,2012/12/02,15080,65,108,81,14863,0,225,72,246,247,98,240,N\A
13,2012/12/10,15018,65,107,77,14855,0,223,57,246,248,244,107,N\A
13,2012/12/18,15091,0,106,57,14892,0,224,68,246,248,187,17,N\A
13,2012/12/26,14976,0,107,76,14798,17,223,55,246,248,39,42,N\A
14,2012/01/01,15104,0,105,51,14809,0,223,57,247,248,233,208,N\A
14,2012/01/09,14987,65,108,78,14776,0,219,10,247,248,35,129,N\A
14,2012/01/17,15074,0,107,74,14807,0,223,61,247,249,202,99,N\A
14,2012/01/25,15012,0,109,104,0,2,255,255,246,248,1,0,N\A
14,2012/02/02,15113,0,107,74,14919,0,224,64,247,248,104,116,N\A
14,2012/02/10,15076,65,106,60,14895,0,225,86,247,249,211,74,N\A
14,2012/02/18,15114,0,107,75,14781,65,222,47,247,248,126,87,N\A
14,2012/02/26,15181,0,107,79,14866,0,225,72,247,248,21,56,N\A
14,2012/03/05,15152,65,108,93,14798,65,226,98,246,248,2,1,N\A
14,2012/03/13,15281,65,105,51,14854,0,224,72,247,248,16,250,N\A
14,2012/03/21,15270,0,107,74,14789,0,222,50,247,248,67,3,N\A
14,2012/03/29,15321,0,106,66,14803,0,223,56,246,248,20,8,N\A
14,2012/04/06,0,2,255,255,14924,0,222,43,246,248,0,16,N\A
14,2012/04/14,0,2,255,255,14926,0,225,74,247,249,0,96,N\A
14,2012/04/22,0,2,255,255,0,2,255,255,0,0,0,0,N\A
14,2012/04/30,0,2,255,255,0,2,255,255,0,0,0,0,N\A
14,2012/05/08,0,2,255,255,14979,0,224,72,247,248,0,4,N\A
14,2012/05/16,0,2,255,255,0,2,255,255,0,0,0,0,N\A
14,2012/05/24,0,2,255,255,0,2,255,255,0,0,0,0,N\A
14,2012/06/01,0,2,255,255,0,2,255,255,0,0,0,0,N\A
14,2012/06/09,0,2,255,255,0,2,255,255,0,0,0,0,N\A
14,2012/06/17,0,2,255,255,0,2,255,255,0,0,0,0,N\A
14,2012/06/25,0,2,255,255,0,2,255,255,0,0,0,0,N\A
14,2012/07/03,0,2,255,255,0,2,255,255,0,0,0,0,N\A
14,2012/07/11,15127,65,104,38,0,2,255,255,246,248,32,0,N\A
14,2012/07/19,15142,65,107,80,0,2,255,255,247,248,4,0,N\A
14,2012/07/27,0,2,255,255,0,2,255,255,0,0,0,0,N\A
14,2012/08/04,0,2,255,255,0,2,255,255,0,0,0,0,N\A
14,2012/08/12,0,2,255,255,0,2,255,255,0,0,0,0,N\A
14,2012/08/20,0,2,255,255,0,2,255,255,0,0,0,0,N\A
14,2012/08/28,0,2,255,255,0,2,255,255,0,0,0,0,N\A
14,2012/09/05,0,2,255,255,0,2,255,255,0,0,0,0,N\A
14,2012/09/13,0,2,255,255,0,2,255,255,0,0,0,0,N\A
14,2012/09/21,0,2,255,255,0,2,255,255,0,0,0,0,N\A
14,2012/09/29,15063,65,108,93,0,2,255,255,246,248,2,0,N\A
14,2012/10/07,15242,65,105,51,14964,65,223,56,247,248,16,8,N\A
14,2012/10/15,15327,0,106,65,14900,0,224,64,247,248,8,192,N\A
14,2012/10/23,15289,0,106,66,14879,0,227,92,247,248,20,24,N\A
14,2012/10/31,15233,0,105,51,14973,65,222,42,246,248,40,16,N\A
14,2012/11/08,15298,0,109,96,0,2,255,255,247,248,66,0,N\A
14,2012/11/16,0,2,255,255,0,2,255,255,0,0,0,0,N\A
14,2012/11/24,15125,65,107,80,14943,0,223,57,247,248,4,8,N\A
14,2012/12/02,15065,0,110,102,14822,0,226,87,246,248,90,49,N\A
14,2012/12/10,15189,0,107,80,14819,65,223,59,247,248,4,107,N\A
14,2012/12/18,15057,65,105,51,14788,65,224,74,247,248,191,179,N\A
14,2012/12/26,14949,0,107,79,14798,0,225,85,247,248,39,2,N\A
15,2012/01/01,15026,0,104,36,14773,0,225,76,246,248,169,240,N\A
15,2012/01/09,14883,65,108,81,14766,0,225,72,246,248,179,144,N\A
15,2012/01/17,15066,0,107,63,14785,0,223,59,246,248,232,195,N\A
15,2012/01/25,15032,0,109,95,0,2,255,255,246,248,5,0,N\A
15,2012/02/02,15106,0,107,69,14936,0,224,67,246,248,42,116,N\A
15,2012/02/10,15136,0,111,110,14885,0,222,48,246,248,129,43,N\A
15,2012/02/18,15188,0,105,52,14784,0,222,50,246,248,46,87,N\A
15,2012/02/26,0,2,255,255,14789,0,227,95,246,248,0,24,N\A
15,2012/03/05,0,2,255,255,0,2,255,255,0,0,0,0,N\A
15,2012/03/13,0,2,255,255,14805,65,225,74,246,248,0,250,N\A
15,2012/03/21,15551,65,105,54,14857,0,222,52,246,248,3,3,N\A
15,2012/03/29,15373,65,108,80,14919,0,221,34,247,248,17,9,N\A
15,2012/04/06,0,2,255,255,0,2,255,255,0,0,0,0,N\A
15,2012/04/14,0,2,255,255,0,2,255,255,0,0,0,0,N\A
15,2012/04/22,0,2,255,255,15002,0,222,47,246,248,0,16,N\A
15,2012/04/30,0,2,255,255,0,2,255,255,0,0,0,0,N\A
15,2012/05/08,15228,65,103,20,14977,65,224,75,246,248,128,4,N\A
15,2012/05/16,0,2,255,255,0,2,255,255,0,0,0,0,N\A
15,2012/05/24,0,2,255,255,0,2,255,255,0,0,0,0,N\A
15,2012/06/01,0,2,255,255,0,2,255,255,0,0,0,0,N\A
15,2012/06/09,0,2,255,255,0,2,255,255,0,0,0,0,N\A
15,2012/06/17,0,2,255,255,0,2,255,255,0,0,0,0,N\A
15,2012/06/25,0,2,255,255,0,2,255,255,0,0,0,0,N\A
15,2012/07/03,0,2,255,255,0,2,255,255,0,0,0,0,N\A
15,2012/07/11,15022,65,105,41,0,2,255,255,246,248,32,0,N\A
15,2012/07/19,15090,65,108,84,0,2,255,255,246,248,4,0,N\A
15,2012/07/27,0,2,255,255,0,2,255,255,0,0,0,0,N\A
15,2012/08/04,0,2,255,255,0,2,255,255,0,0,0,0,N\A
15,2012/08/12,0,2,255,255,0,2,255,255,0,0,0,0,N\A
15,2012/08/20,0,2,255,255,0,2,255,255,0,0,0,0,N\A
15,2012/08/28,0,2,255,255,0,2,255,255,0,0,0,0,N\A
15,2012/09/05,0,2,255,255,14953,65,223,61,246,248,0,8,N\A
15,2012/09/13,0,2,255,255,0,2,255,255,0,0,0,0,N\A
15,2012/09/21,0,2,255,255,0,2,255,255,0,0,0,0,N\A
15,2012/09/29,15021,65,105,41,0,2,255,255,246,248,32,0,N\A
15,2012/10/07,15102,65,107,69,14981,0,223,60,246,248,20,8,N\A
15,2012/10/15,15203,0,106,55,15007,0,224,67,246,248,40,192,N\A
15,2012/10/23,15186,65,109,88,14958,0,227,94,246,248,52,24,N\A
15,2012/10/31,15201,0,105,43,15013,0,222,46,246,248,168,16,N\A
15,2012/11/08,15291,0,108,75,0,2,255,255,246,248,98,0,N\A
15,2012/11/16,15064,65,103,20,0,2,255,255,246,248,128,0,N\A
15,2012/11/24,15055,0,106,56,14888,65,226,89,247,249,68,72,N\A
15,2012/12/02,15002,0,106,60,14878,0,226,90,246,248,235,49,N\A
15,2012/12/10,15050,0,109,86,14832,65,222,47,246,248,101,233,N\A
15,2012/12/18,15030,0,104,40,14808,0,223,62,246,248,143,119,N\A
15,2012/12/26,14978,0,108,75,14843,0,225,89,246,248,55,2,N\A
16,2012/01/01,15454,0,104,32,14686,65,225,82,246,248,160,241,N\A
16,2012/01/09,15353,65,110,107,14679,65,231,129,246,248,1,16,N\A
16,2012/01/17,0,2,255,255,14772,65,229,118,246,248,0,160,N\A
16,2012/01/25,15437,65,108,85,0,2,255,255,246,248,4,0,N\A
16,2012/02/02,15610,65,105,42,14897,0,224,68,245,247,32,116,N\A
16,2012/02/10,15353,65,107,71,14882,0,222,54,246,248,20,11,N\A
16,2012/02/18,15504,65,105,53,14805,0,222,51,246,247,46,87,N\A
16,2012/02/26,0,2,255,255,14809,65,223,64,245,247,0,28,N\A
16,2012/03/05,0,2,255,255,0,2,255,255,0,0,0,0,N\A
16,2012/03/13,15354,65,111,115,14784,65,226,81,245,247,128,216,N\A
16,2012/03/21,15638,0,106,55,14900,0,224,72,245,247,3,131,N\A
16,2012/03/29,0,2,255,255,14929,0,221,36,245,247,0,9,N\A
16,2012/04/06,0,2,255,255,0,2,255,255,0,0,0,0,N\A
16,2012/04/14,0,2,255,255,14932,65,225,77,246,248,0,96,N\A
16,2012/04/22,0,2,255,255,14992,65,224,63,246,248,0,20,N\A
16,2012/04/30,0,2,255,255,0,2,255,255,0,0,0,0,N\A
16,2012/05/08,0,2,255,255,14956,65,225,77,246,248,0,4,N\A
16,2012/05/16,0,2,255,255,0,2,255,255,0,0,0,0,N\A
16,2012/05/24,0,2,255,255,0,2,255,255,0,0,0,0,N\A
16,2012/06/01,0,2,255,255,0,2,255,255,0,0,0,0,N\A
16,2012/06/09,0,2,255,255,0,2,255,255,0,0,0,0,N\A
16,2012/06/17,0,2,255,255,0,2,255,255,0,0,0,0,N\A
16,2012/06/25,0,2,255,255,0,2,255,255,0,0,0,0,N\A
16,2012/07/03,0,2,255,255,0,2,255,255,0,0,0,0,N\A
16,2012/07/11,14908,65,102,13,0,2,255,255,243,246,1,0,N\A
16,2012/07/19,15149,65,108,85,0,2,255,255,243,245,4,0,N\A
16,2012/07/27,0,2,255,255,0,2,255,255,0,0,0,0,N\A
16,2012/08/04,0,2,255,255,0,2,255,255,0,0,0,0,N\A
16,2012/08/12,0,2,255,255,0,2,255,255,0,0,0,0,N\A
16,2012/08/20,0,2,255,255,0,2,255,255,0,0,0,0,N\A
16,2012/08/28,0,2,255,255,0,2,255,255,0,0,0,0,N\A
16,2012/09/05,0,2,255,255,14954,65,223,62,246,248,0,8,N\A
16,2012/09/13,0,2,255,255,0,2,255,255,0,0,0,0,N\A
16,2012/09/21,15002,65,108,85,0,2,255,255,246,248,4,0,N\A
16,2012/09/29,15090,65,107,70,0,2,255,255,245,248,42,0,N\A
16,2012/10/07,15082,65,108,70,15047,0,223,62,246,248,112,8,N\A
16,2012/10/15,15077,0,106,57,14905,0,223,61,245,247,170,208,N\A
16,2012/10/23,15117,65,110,95,14834,0,227,96,246,247,180,24,N\A
16,2012/10/31,15150,0,107,63,14900,0,222,47,246,248,232,16,N\A
16,2012/11/08,15227,0,108,76,0,2,255,255,245,247,98,0,N\A
16,2012/11/16,15119,65,104,31,0,2,255,255,245,248,160,0,N\A
16,2012/11/24,15135,65,106,57,14881,65,222,49,246,248,68,40,N\A
16,2012/12/02,15326,0,106,56,14799,0,224,75,246,248,40,17,N\A
16,2012/12/10,15375,0,107,70,14873,0,222,45,245,247,20,225,N\A
16,2012/12/18,15386,0,105,45,14813,0,223,57,246,248,15,23,N\A
16,2012/12/26,15447,0,107,70,14757,65,228,110,246,248,20,18,N\A
17,2012/01/01,15053,0,108,80,14829,0,225,70,247,248,216,144,N\A
17,2012/01/09,14991,65,110,111,14725,65,220,31,246,246,161,131,N\A
17,2012/01/17,15153,0,108,79,14858,65,222,53,247,246,98,195,N\A
17,2012/01/25,15243,0,109,100,14806,65,220,27,246,246,1,9,N\A
17,2012/02/02,15140,0,106,62,15009,0,223,57,247,247,234,112,N\A
17,2012/02/10,15156,65,106,66,14930,0,224,66,247,247,151,106,N\A
17,2012/02/18,15213,0,106,59,14891,0,225,68,247,247,184,93,N\A
17,2012/02/26,15206,0,108,86,14889,0,227,88,246,246,53,24,N\A
17,2012/03/05,15250,65,108,88,0,2,255,255,247,248,2,0,N\A
17,2012/03/13,15312,0,106,59,14986,0,222,49,247,247,208,224,N\A
17,2012/03/21,15343,0,105,48,14917,0,222,51,246,247,3,7,N\A
17,2012/03/29,15246,0,107,73,14866,0,223,49,247,247,21,8,N\A
17,2012/04/06,15154,65,103,24,0,2,255,255,248,248,160,0,N\A
17,2012/04/14,15368,0,105,45,0,2,255,255,248,248,16,0,N\A
17,2012/04/22,15376,0,104,34,15012,0,224,64,247,248,9,17,N\A
17,2012/04/30,15655,65,100,3,0,2,255,255,246,245,2,0,N\A
17,2012/05/08,15428,0,106,60,0,2,255,255,246,247,8,0,N\A
17,2012/05/16,0,2,255,255,0,2,255,255,0,0,0,0,N\A
17,2012/05/24,0,2,255,255,0,2,255,255,0,0,0,0,N\A
17,2012/06/01,0,2,255,255,0,2,255,255,0,0,0,0,N\A
17,2012/06/09,0,2,255,255,0,2,255,255,0,0,0,0,N\A
17,2012/06/17,0,2,255,255,0,2,255,255,0,0,0,0,N\A
17,2012/06/25,0,2,255,255,0,2,255,255,0,0,0,0,N\A
17,2012/07/03,0,2,255,255,0,2,255,255,0,0,0,0,N\A
17,2012/07/11,0,2,255,255,0,2,255,255,0,0,0,0,N\A
17,2012/07/19,15155,65,107,74,0,2,255,255,249,248,4,0,N\A
17,2012/07/27,0,2,255,255,0,2,255,255,0,0,0,0,N\A
17,2012/08/04,0,2,255,255,0,2,255,255,0,0,0,0,N\A
17,2012/08/12,0,2,255,255,0,2,255,255,0,0,0,0,N\A
17,2012/08/20,0,2,255,255,0,2,255,255,0,0,0,0,N\A
17,2012/08/28,0,2,255,255,0,2,255,255,0,0,0,0,N\A
17,2012/09/05,0,2,255,255,0,2,255,255,0,0,0,0,N\A
17,2012/09/13,0,2,255,255,0,2,255,255,0,0,0,0,N\A
17,2012/09/21,0,2,255,255,0,2,255,255,0,0,0,0,N\A
17,2012/09/29,15086,0,107,74,0,2,255,255,247,248,10,0,N\A
17,2012/10/07,15097,0,105,45,0,2,255,255,246,247,16,0,N\A
17,2012/10/15,15158,65,105,46,14868,0,219,16,246,247,40,64,N\A
17,2012/10/23,15102,65,108,81,14907,65,224,66,247,247,52,56,N\A
17,2012/10/31,14997,65,108,85,14988,0,222,36,247,247,122,16,N\A
17,2012/11/08,15113,0,109,92,0,2,255,255,247,248,66,0,N\A
17,2012/11/16,15036,65,102,14,0,2,255,255,246,247,128,0,N\A
17,2012/11/24,14880,65,103,22,0,2,255,255,246,247,64,0,N\A
17,2012/12/02,15100,0,107,73,14829,0,225,80,247,247,250,253,N\A
17,2012/12/10,15047,0,106,61,14891,0,222,46,247,246,199,235,N\A
17,2012/12/18,15068,0,107,71,14879,0,223,62,246,247,27,55,N\A
17,2012/12/26,15023,0,105,58,14804,0,226,84,246,247,7,26,N\A
18,2012/01/01,15138,81,105,50,14878,17,224,66,240,243,233,209,N\A
18,2012/01/09,15089,81,107,70,14843,81,219,9,241,243,243,129,N\A
18,2012/01/17,15148,81,106,66,14855,17,222,49,240,243,226,3,N\A
18,2012/01/25,15006,81,108,88,14753,81,218,6,240,243,145,1,N\A
18,2012/02/02,14992,81,109,95,15013,17,224,62,240,243,26,116,N\A
18,2012/02/10,15155,65,106,65,14955,17,223,57,240,243,85,107,N\A
18,2012/02/18,15192,81,105,57,14918,17,222,52,240,243,190,23,N\A
18,2012/02/26,15150,81,108,85,14950,81,225,70,240,243,52,56,N\A
18,2012/03/05,15298,81,108,92,0,2,255,255,241,244,2,0,N\A
18,2012/03/13,15221,81,107,80,14999,81,223,52,240,243,193,232,N\A
18,2012/03/21,15396,81,106,60,15018,17,222,49,240,243,195,3,N\A
18,2012/03/29,15289,81,107,77,15052,145,223,54,240,243,21,8,N\A
18,2012/04/06,15261,65,105,50,0,2,255,255,242,244,40,0,N\A
18,2012/04/14,15199,81,107,77,0,2,255,255,240,243,17,0,N\A
18,2012/04/22,15234,145,104,44,15074,81,225,83,240,243,157,5,N\A
18,2012/04/30,15304,65,108,81,0,2,255,255,241,244,144,0,N\A
18,2012/05/08,15283,145,105,58,15040,145,224,69,241,244,138,4,N\A
18,2012/05/16,15253,145,105,50,15013,145,223,54,240,243,16,8,N\A
18,2012/05/24,0,2,255,255,0,2,255,255,0,0,0,0,N\A
18,2012/06/01,15240,145,105,49,0,2,255,255,240,243,16,0,N\A
18,2012/06/09,15063,81,108,91,0,2,255,255,240,243,2,0,N\A
18,2012/06/17,0,2,255,255,0,2,255,255,0,0,0,0,N\A
18,2012/06/25,0,2,255,255,0,2,255,255,0,0,0,0,N\A
18,2012/07/03,0,2,255,255,0,2,255,255,0,0,0,0,N\A
18,2012/07/11,15228,81,105,51,0,2,255,255,240,243,40,0,N\A
18,2012/07/19,0,2,255,255,0,2,255,255,0,0,0,0,N\A
18,2012/07/27,0,2,255,255,0,2,255,255,0,0,0,0,N\A
18,2012/08/04,0,2,255,255,0,2,255,255,0,0,0,0,N\A
18,2012/08/12,0,2,255,255,0,2,255,255,0,0,0,0,N\A
18,2012/08/20,15167,145,105,50,0,2,255,255,240,243,16,0,N\A
18,2012/08/28,0,2,255,255,0,2,255,255,0,0,0,0,N\A
18,2012/09/05,0,2,255,255,0,2,255,255,0,0,0,0,N\A
18,2012/09/13,0,2,255,255,0,2,255,255,0,0,0,0,N\A
18,2012/09/21,0,2,255,255,0,2,255,255,0,0,0,0,N\A
18,2012/09/29,15081,81,104,36,0,2,255,255,241,244,32,0,N\A
18,2012/10/07,0,2,255,255,14982,145,223,54,240,243,0,8,N\A
18,2012/10/15,14985,0,109,92,14980,145,220,19,240,243,72,64,N\A
18,2012/10/23,15300,65,106,64,14956,17,225,70,240,243,20,56,N\A
18,2012/10/31,15337,145,106,64,15063,81,222,40,241,243,8,16,N\A
18,2012/11/08,15128,81,109,95,0,2,255,255,241,243,66,0,N\A
18,2012/11/16,0,2,255,255,0,2,255,255,0,0,0,0,N\A
18,2012/11/24,0,2,255,255,14995,145,223,54,240,243,0,8,N\A
18,2012/12/02,15073,81,108,92,14887,17,226,91,240,243,74,177,N\A
18,2012/12/10,15129,81,105,54,14911,81,222,50,240,243,214,235,N\A
18,2012/12/18,15192,81,104,46,14906,81,224,65,240,243,139,55,N\A
18,2012/12/26,15113,81,107,78,14966,17,225,83,240,243,39,2,N\A
19,2012/01/01,15027,65,105,52,14867,0,223,59,247,248,233,208,N\A
19,2012/01/09,14864,65,106,62,14749,0,219,11,247,247,211,129,N\A
19,2012/01/17,15110,65,106,57,14825,65,223,63,247,248,227,147,N\A
19,2012/01/25,14920,65,111,110,0,2,255,255,247,248,129,0,N\A
19,2012/02/02,15099,65,108,81,14966,0,224,74,247,248,106,244,N\A
19,2012/02/10,15158,65,108,77,14936,0,222,51,247,248,213,11,N\A
19,2012/02/18,15109,65,106,58,14881,0,222,48,247,248,238,87,N\A
19,2012/02/26,15229,65,110,105,14937,0,222,46,247,248,37,40,N\A
19,2012/03/05,15009,65,103,36,0,2,255,255,247,247,7,0,N\A
19,2012/03/13,15125,65,109,86,14927,0,223,55,247,248,241,232,N\A
19,2012/03/21,15218,65,105,53,14919,0,222,51,247,247,207,3,N\A
19,2012/03/29,15248,65,109,92,14996,0,218,7,247,248,53,1,N\A
19,2012/04/06,15350,65,107,68,14968,65,222,44,248,249,8,16,N\A
19,2012/04/14,14971,65,110,100,14923,65,228,116,247,247,177,64,N\A
19,2012/04/22,15283,65,107,69,15027,0,225,86,247,248,8,5,N\A
19,2012/04/30,15061,65,109,84,0,2,255,255,248,248,144,0,N\A
19,2012/05/08,15147,65,107,62,15016,0,224,73,247,249,232,4,N\A
19,2012/05/16,15051,65,106,63,14949,65,223,58,247,249,81,8,N\A
19,2012/05/24,0,2,255,255,0,2,255,255,0,0,0,0,N\A
19,2012/06/01,15183,65,106,53,0,2,255,255,247,248,16,0,N\A
19,2012/06/09,14959,65,104,45,0,2,255,255,247,249,38,0,N\A
19,2012/06/17,15115,65,108,83,0,2,255,255,247,249,4,0,N\A
19,2012/06/25,0,2,255,255,0,2,255,255,0,0,0,0,N\A
19,2012/07/03,14859,65,111,114,0,2,255,255,247,248,128,0,N\A
19,2012/07/11,14884,65,101,12,14950,0,222,44,247,248,1,16,N\A
19,2012/07/19,15108,65,108,83,0,2,255,255,248,249,4,0,N\A
19,2012/07/27,14908,65,105,40,0,2,255,255,247,248,32,0,N\A
19,2012/08/04,0,2,255,255,0,2,255,255,0,0,0,0,N\A
19,2012/08/12,15035,65,109,95,0,2,255,255,247,248,2,0,N\A
19,2012/08/20,14713,65,113,126,0,2,255,255,247,248,32,0,N\A
19,2012/08/28,0,2,255,255,0,2,255,255,0,0,0,0,N\A
19,2012/09/05,0,2,255,255,0,2,255,255,0,0,0,0,N\A
19,2012/09/13,14927,65,109,95,0,2,255,255,247,249,2,0,N\A
19,2012/09/21,14982,65,108,83,0,2,255,255,247,248,4,0,N\A
19,2012/09/29,15061,65,106,54,14957,65,224,73,247,248,40,4,N\A
19,2012/10/07,14953,65,106,55,0,2,255,255,248,249,68,0,N\A
19,2012/10/15,15006,65,107,68,14943,0,220,22,247,248,42,64,N\A
19,2012/10/23,15150,65,108,73,14913,0,227,93,246,247,116,24,N\A
19,2012/10/31,15002,65,105,45,14957,0,222,44,247,248,228,16,N\A
19,2012/11/08,15103,65,106,57,0,2,255,255,247,248,99,0,N\A
19,2012/11/16,14898,65,101,10,0,2,255,255,247,247,132,0,N\A
19,2012/11/24,0,2,255,255,0,2,255,255,0,0,0,0,N\A
19,2012/12/02,15028,65,108,76,14885,0,226,91,246,248,104,176,N\A
19,2012/12/10,15120,0,108,82,14928,0,223,62,247,248,166,226,N\A
19,2012/12/18,15062,0,105,53,14804,0,225,83,246,248,207,163,N\A
19,2012/12/26,15062,65,107,73,14941,0,224,73,247,248,51,10,N\A
20,2012/01/01,15121,0,105,44,14804,0,223,60,247,249,168,208,N\A
20,2012/01/09,14989,0,111,111,14782,65,221,37,247,248,129,131,N\A
20,2012/01/17,15109,65,107,70,14798,65,223,71,247,248,226,131,N\A
20,2012/01/25,14898,65,108,84,0,2,255,255,248,249,4,0,N\A
20,2012/02/02,15226,0,106,56,14908,0,225,76,247,248,40,240,N\A
20,2012/02/10,15185,65,107,70,14913,0,222,52,247,249,20,11,N\A
20,2012/02/18,15148,0,105,46,14859,0,221,37,247,249,174,86,N\A
20,2012/02/26,15233,65,109,96,14917,0,223,61,247,248,5,8,N\A
20,2012/03/05,0,2,255,255,0,2,255,255,0,0,0,0,N\A
20,2012/03/13,15302,65,105,43,14837,0,225,74,247,248,80,250,N\A
20,2012/03/21,15302,0,107,76,14864,0,222,59,247,249,67,7,N\A
20,2012/03/29,15294,65,108,82,14976,0,218,8,247,249,21,1,N\A
20,2012/04/06,0,2,255,255,0,2,255,255,0,0,0,0,N\A
20,2012/04/14,0,2,255,255,0,2,255,255,0,0,0,0,N\A
20,2012/04/22,0,2,255,255,14930,65,225,88,247,248,0,5,N\A
20,2012/04/30,0,2,255,255,14928,65,225,88,247,249,0,2,N\A
20,2012/05/08,15333,65,107,70,14947,0,224,75,248,249,8,4,N\A
20,2012/05/16,0,2,255,255,0,2,255,255,0,0,0,0,N\A
20,2012/05/24,0,2,255,255,0,2,255,255,0,0,0,0,N\A
20,2012/06/01,0,2,255,255,0,2,255,255,0,0,0,0,N\A
20,2012/06/09,0,2,255,255,0,2,255,255,0,0,0,0,N\A
20,2012/06/17,0,2,255,255,0,2,255,255,0,0,0,0,N\A
20,2012/06/25,0,2,255,255,0,2,255,255,0,0,0,0,N\A
20,2012/07/03,0,2,255,255,0,2,255,255,0,0,0,0,N\A
20,2012/07/11,0,2,255,255,14925,0,222,46,247,249,0,16,N\A
20,2012/07/19,0,2,255,255,0,2,255,255,0,0,0,0,N\A
20,2012/07/27,0,2,255,255,0,2,255,255,0,0,0,0,N\A
20,2012/08/04,0,2,255,255,0,2,255,255,0,0,0,0,N\A
20,2012/08/12,0,2,255,255,0,2,255,255,0,0,0,0,N\A
20,2012/08/20,0,2,255,255,0,2,255,255,0,0,0,0,N\A
20,2012/08/28,0,2,255,255,0,2,255,255,0,0,0,0,N\A
20,2012/09/05,0,2,255,255,0,2,255,255,0,0,0,0,N\A
20,2012/09/13,0,2,255,255,0,2,255,255,0,0,0,0,N\A
20,2012/09/21,0,2,255,255,0,2,255,255,0,0,0,0,N\A
20,2012/09/29,15071,65,107,70,0,2,255,255,248,249,8,0,N\A
20,2012/10/07,14923,65,113,126,0,2,255,255,246,247,32,0,N\A
20,2012/10/15,15223,0,106,56,14928,0,220,23,247,248,40,64,N\A
20,2012/10/23,15108,65,108,84,14890,0,227,94,247,248,148,24,N\A
20,2012/10/31,15174,65,105,43,14944,0,222,45,248,249,168,16,N\A
20,2012/11/08,15226,65,108,75,0,2,255,255,247,248,98,0,N\A
20,2012/11/16,0,2,255,255,0,2,255,255,0,0,0,0,N\A
20,2012/11/24,14881,65,104,29,0,2,255,255,248,248,64,0,N\A
20,2012/12/02,15251,0,107,70,14796,0,226,85,247,249,8,48,N\A
20,2012/12/10,15109,0,108,78,14859,65,222,52,247,248,135,227,N\A
20,2012/12/18,15121,0,106,64,14828,0,225,82,247,248,203,167,N\A
20,2012/12/26,15031,0,108,75,14879,0,224,74,247,249,55,10,N\A
21,2012/01/01,15074,81,105,43,14802,17,224,65,243,245,168,192,N\A
21,2012/01/09,14984,0,105,56,14756,81,221,35,242,244,3,131,N\A
21,2012/01/17,15174,81,109,95,14837,81,223,69,243,244,2,131,N\A
21,2012/01/25,15056,65,110,110,0,2,255,255,245,245,129,0,N\A
21,2012/02/02,15255,81,108,76,14944,81,224,71,243,244,104,100,N\A
21,2012/02/10,15111,81,106,67,14881,17,222,50,242,244,65,11,N\A
21,2012/02/18,15268,81,104,37,14909,17,223,58,243,244,44,20,N\A
21,2012/02/26,15394,81,109,95,14940,81,223,57,242,244,5,8,N\A
21,2012/03/05,0,2,255,255,0,2,255,255,0,0,0,0,N\A
21,2012/03/13,15371,81,107,66,14929,81,224,68,242,244,208,104,N\A
21,2012/03/21,15411,17,105,54,14896,81,223,69,243,244,3,131,N\A
21,2012/03/29,15345,81,110,105,14999,17,221,32,243,244,1,9,N\A
21,2012/04/06,15332,81,102,19,15007,81,222,43,243,245,128,16,N\A
21,2012/04/14,0,2,255,255,0,2,255,255,0,0,0,0,N\A
21,2012/04/22,0,2,255,255,15031,65,225,85,245,246,0,5,N\A
21,2012/04/30,0,2,255,255,0,2,255,255,0,0,0,0,N\A
21,2012/05/08,15267,65,110,95,15055,145,224,72,243,244,72,4,N\A
21,2012/05/16,0,2,255,255,0,2,255,255,0,0,0,0,N\A
21,2012/05/24,0,2,255,255,0,2,255,255,0,0,0,0,N\A
21,2012/06/01,0,2,255,255,0,2,255,255,0,0,0,0,N\A
21,2012/06/09,15278,81,105,39,0,2,255,255,243,245,32,0,N\A
21,2012/06/17,0,2,255,255,0,2,255,255,0,0,0,0,N\A
21,2012/06/25,0,2,255,255,0,2,255,255,0,0,0,0,N\A
21,2012/07/03,0,2,255,255,0,2,255,255,0,0,0,0,N\A
21,2012/07/11,0,2,255,255,0,2,255,255,0,0,0,0,N\A
21,2012/07/19,0,2,255,255,0,2,255,255,0,0,0,0,N\A
21,2012/07/27,0,2,255,255,0,2,255,255,0,0,0,0,N\A
21,2012/08/04,0,2,255,255,0,2,255,255,0,0,0,0,N\A
21,2012/08/12,0,2,255,255,0,2,255,255,0,0,0,0,N\A
21,2012/08/20,14200,81,113,126,0,2,255,255,242,243,32,0,N\A
21,2012/08/28,0,2,255,255,0,2,255,255,0,0,0,0,N\A
21,2012/09/05,0,2,255,255,0,2,255,255,0,0,0,0,N\A
21,2012/09/13,15242,81,107,68,0,2,255,255,243,245,8,0,N\A
21,2012/09/21,0,2,255,255,0,2,255,255,0,0,0,0,N\A
21,2012/09/29,15174,81,104,40,0,2,255,255,242,244,32,0,N\A
21,2012/10/07,0,2,255,255,0,2,255,255,0,0,0,0,N\A
21,2012/10/15,15397,17,107,68,14723,81,225,72,242,244,8,96,N\A
21,2012/10/23,15199,81,105,54,14874,17,227,92,243,245,84,24,N\A
21,2012/10/31,15118,65,105,44,0,2,255,255,243,245,136,0,N\A
21,2012/11/08,15207,145,111,114,0,2,255,255,243,244,64,0,N\A
21,2012/11/16,0,2,255,255,0,2,255,255,0,0,0,0,N\A
21,2012/11/24,14994,81,108,82,14872,81,221,31,242,244,4,32,N\A
21,2012/12/02,15176,17,110,94,14874,81,226,87,242,244,72,49,N\A
21,2012/12/10,15220,0,110,98,14967,17,223,53,242,244,132,224,N\A
21,2012/12/18,15112,65,107,66,14830,65,224,70,245,245,73,17,N\A
21,2012/12/26,15245,17,106,61,14895,17,224,71,243,245,23,10,N\A
22,2012/01/01,15027,65,107,64,14754,0,223,59,247,249,232,208,N\A
22,2012/01/09,14744,65,106,66,14636,65,222,50,247,248,7,145,N\A
22,2012/01/17,15176,0,103,20,14781,65,221,43,247,248,128,83,N\A
22,2012/01/25,14933,65,111,110,0,2,255,255,247,248,129,0,N\A
22,2012/02/02,15223,65,108,77,14864,0,224,75,247,249,104,244,N\A
22,2012/02/10,15170,65,108,82,14789,0,222,52,246,248,21,11,N\A
22,2012/02/18,15160,0,105,53,14794,0,221,37,247,248,46,86,N\A
22,2012/02/26,0,2,255,255,14812,0,227,94,247,248,0,24,N\A
22,2012/03/05,0,2,255,255,14813,65,220,23,246,249,0,64,N\A
22,2012/03/13,15128,65,111,115,14754,0,225,80,247,248,128,216,N\A
22,2012/03/21,15358,0,104,43,14824,0,223,71,247,248,131,131,N\A
22,2012/03/29,15406,65,109,95,14951,0,218,8,247,249,5,1,N\A
22,2012/04/06,0,2,255,255,0,2,255,255,0,0,0,0,N\A
22,2012/04/14,15379,65,104,30,0,2,255,255,246,248,64,0,N\A
22,2012/04/22,0,2,255,255,14934,0,225,87,247,249,0,5,N\A
22,2012/04/30,0,2,255,255,0,2,255,255,0,0,0,0,N\A
22,2012/05/08,15405,65,107,70,0,2,255,255,246,249,8,0,N\A
22,2012/05/16,0,2,255,255,0,2,255,255,0,0,0,0,N\A
22,2012/05/24,0,2,255,255,0,2,255,255,0,0,0,0,N\A
22,2012/06/01,0,2,255,255,0,2,255,255,0,0,0,0,N\A
22,2012/06/09,0,2,255,255,0,2,255,255,0,0,0,0,N\A
22,2012/06/17,0,2,255,255,0,2,255,255,0,0,0,0,N\A
22,2012/06/25,0,2,255,255,0,2,255,255,0,0,0,0,N\A
22,2012/07/03,0,2,255,255,0,2,255,255,0,0,0,0,N\A
22,2012/07/11,0,2,255,255,14910,0,222,45,247,248,0,16,N\A
22,2012/07/19,0,2,255,255,0,2,255,255,0,0,0,0,N\A
22,2012/07/27,0,2,255,255,0,2,255,255,0,0,0,0,N\A
22,2012/08/04,0,2,255,255,0,2,255,255,0,0,0,0,N\A
22,2012/08/12,0,2,255,255,0,2,255,255,0,0,0,0,N\A
22,2012/08/20,0,2,255,255,0,2,255,255,0,0,0,0,N\A
22,2012/08/28,0,2,255,255,0,2,255,255,0,0,0,0,N\A
22,2012/09/05,0,2,255,255,0,2,255,255,0,0,0,0,N\A
22,2012/09/13,0,2,255,255,0,2,255,255,0,0,0,0,N\A
22,2012/09/21,0,2,255,255,0,2,255,255,0,0,0,0,N\A
22,2012/09/29,15201,65,107,70,0,2,255,255,246,248,8,0,N\A
22,2012/10/07,15041,65,107,70,0,2,255,255,247,248,112,0,N\A
22,2012/10/15,15277,0,107,70,14958,0,221,34,246,248,8,80,N\A
22,2012/10/23,15180,65,109,88,14892,0,227,94,247,248,52,24,N\A
22,2012/10/31,15187,65,105,43,14953,0,222,45,247,248,168,16,N\A
22,2012/11/08,15304,0,108,76,0,2,255,255,246,248,98,0,N\A
22,2012/11/16,15141,0,103,20,0,2,255,255,247,248,128,0,N\A
22,2012/11/24,0,2,255,255,0,2,255,255,0,0,0,0,N\A
22,2012/12/02,15186,0,108,77,14835,0,226,94,247,248,104,177,N\A
22,2012/12/10,15144,0,108,82,14920,0,223,63,247,248,183,226,N\A
22,2012/12/18,15044,0,105,52,14771,0,225,81,247,249,239,167,N\A
22,2012/12/26,15003,0,108,75,14870,0,224,74,246,248,55,10,N\A