site-id,lat,lon,tile-h,tile-v,pixel-col,pixel_row
1,14.82651,99.67715,27,7,763,620
2,15.10653,100.02415,27,7,788,587
3,14.53313,100.12565,27,7,830,656
4,14.6705,100.37515,27,7,852,639
5,14.76528,100.44693,27,7,855,628
6,14.52054,100.55989,27,7,881,657
7,14.51312,100.82942,27,7,913,658
8,14.29234,100.13954,27,7,844,684
9,14.28868,100.60973,27,7,899,685
10,14.34029,100.86974,27,7,927,679
11,14.2546,101.06443,27,7,954,689
12,14.05285,100.1741,27,7,861,713
13,14.1545,100.50478,27,7,894,701
14,13.89866,100.8131,27,7,943,732
15,13.96792,101.20529,27,7,985,723
16,14.05771,101.35052,27,7,997,713
17,13.49009,100.06744,27,7,876,781
18,13.59776,100.58941,27,7,932,768
19,13.58976,101.03383,27,7,984,769
20,13.72198,101.2018,27,7,997,753
21,13.33792,100.93623,27,7,985,799
22,13.50474,101.16583,27,7,1004,779
id,Date,8-day daytime 1km grid Land-surface Temperature,Quality control for daytime LST and emissivity,Average time of daytime Land-surface Temperature observation,Average view zenith angle of daytime Land-surface Temperature,8-day nighttime 1km grid Land-surface Temperature,Quality control for nighttime LST and emissivity,Average time of nighttime Land-surface Temperature observation,Average view zenith angle of nighttime Land-surface Temperature,Band 31 emissivity,Band 32 emissivity,the days in clear-sky conditions and with validate LSTs,the nights in clear-sky conditions and with validate LSTs,actual_date
1,2013/01/01,15268,0,105,46,14679,65,224,71,246,248,134,239,N\A
1,2013/01/09,15276,0,107,64,14734,0,223,57,246,248,223,239,N\A
1,2013/01/17,15227,0,106,60,14687,65,224,70,247,248,239,255,N\A
1,2013/01/25,15109,65,107,68,14788,65,224,75,246,248,84,34,N\A
1,2013/02/02,15234,0,105,47,14845,0,221,47,246,248,44,92,N\A
1,2013/02/10,15213,0,107,70,14831,0,222,45,246,248,156,175,N\A
1,2013/02/18,15183,65,105,46,14695,65,224,73,246,248,229,44,N\A
1,2013/02/26,15309,65,105,44,14888,0,222,52,246,248,30,142,N\A
1,2013/03/06,15462,0,106,60,14867,0,225,80,247,248,239,247,N\A
1,2013/03/14,15537,65,110,99,14931,0,223,59,246,248,149,233,N\A
1,2013/03/22,15567,0,107,67,14991,0,226,91,246,248,238,245,N\A
1,2013/03/30,15613,0,107,72,15038,0,225,80,246,248,23,75,N\A
1,2013/04/07,15482,0,101,6,14951,65,220,34,247,248,4,14,N\A
1,2013/04/15,15669,0,104,35,15075,0,222,49,246,247,24,32,N\A
1,2013/04/23,14998,65,113,126,14876,0,225,77,246,248,64,192,N\A
1,2013/05/01,15422,65,102,12,14989,0,223,60,246,248,2,3,N\A
1,2013/05/09,0,2,255,255,14972,0,221,35,246,248,0,64,N\A
1,2013/05/17,0,2,255,255,0,2,255,255,0,0,0,0,N\A
1,2013/05/25,15015,65,103,19,0,2,255,255,246,248,1,0,N\A
1,2013/06/02,0,2,255,255,0,2,255,255,0,0,0,0,N\A
1,2013/06/10,0,2,255,255,0,2,255,255,0,0,0,0,N\A
1,2013/06/18,0,2,255,255,0,2,255,255,0,0,0,0,N\A
1,2013/06/26,14785,65,113,126,14927,0,224,63,247,248,64,16,N\A
1,2013/07/04,14847,65,111,113,0,2,255,255,246,248,1,0,N\A
1,2013/07/12,0,2,255,255,0,2,255,255,0,0,0,0,N\A
1,2013/07/20,0,2,255,255,0,2,255,255,0,0,0,0,N\A
1,2013/07/28,0,2,255,255,0,2,255,255,0,0,0,0,N\A
1,2013/08/05,0,2,255,255,0,2,255,255,0,0,0,0,N\A
1,2013/08/13,0,2,255,255,0,2,255,255,0,0,0,0,N\A
1,2013/08/21,15000,65,112,120,0,2,255,255,246,246,128,0,N\A
1,2013/08/29,0,2,255,255,0,2,255,255,0,0,0,0,N\A
1,2013/09/06,0,2,255,255,0,2,255,255,0,0,0,0,N\A
1,2013/09/14,0,2,255,255,0,2,255,255,0,0,0,0,N\A
1,2013/09/22,14637,65,112,120,0,2,255,255,247,247,128,0,N\A
1,2013/09/30,14882,65,109,92,14396,65,231,129,246,248,106,32,N\A
1,2013/10/08,14890,65,104,47,14758,65,225,83,246,248,12,104,N\A
1,2013/10/16,14948,65,108,69,14848,0,224,72,246,248,224,208,N\A
1,2013/10/24,15000,65,108,78,14810,65,225,83,246,248,85,104,N\A
1,2013/11/01,15102,0,105,53,14792,65,222,53,247,248,15,15,N\A
1,2013/11/09,14845,65,103,34,14774,0,223,59,246,248,24,3,N\A
1,2013/11/17,15033,65,110,105,14667,65,223,64,247,248,2,130,N\A
1,2013/11/25,14933,0,109,80,14619,65,222,50,247,248,192,228,N\A
1,2013/12/03,15016,0,107,67,14571,65,225,80,247,248,238,41,N\A
1,2013/12/11,15025,0,109,85,14580,65,223,61,246,248,135,230,N\A
1,2013/12/19,14997,0,106,60,14455,0,224,70,247,248,239,255,N\A
1,2013/12/27,14907,0,106,58,14384,0,223,60,246,248,31,3,N\A
2,2013/01/01,15077,0,107,71,14667,65,227,99,247,248,206,229,N\A
2,2013/01/09,15121,0,108,77,14812,0,222,48,247,249,215,175,N\A
2,2013/01/17,15052,0,105,51,14770,65,226,84,246,248,175,196,N\A
2,2013/01/25,15028,0,108,81,14811,65,227,104,246,248,85,2,N\A
2,2013/02/02,15112,0,105,49,14913,0,224,66,247,249,44,124,N\A
2,2013/02/10,15006,65,106,57,14817,0,223,59,247,248,222,239,N\A
2,2013/02/18,15082,0,104,31,14778,65,227,101,247,249,164,53,N\A
2,2013/02/26,15124,0,106,59,14879,0,221,43,247,248,31,12,N\A
2,2013/03/06,15222,0,106,62,14868,0,225,74,247,248,239,215,N\A
2,2013/03/14,15267,0,106,65,14963,0,224,64,247,248,93,201,N\A
2,2013/03/22,15344,0,107,69,14926,0,224,66,246,248,238,214,N\A
2,2013/03/30,15373,0,108,77,14950,0,225,77,247,248,215,107,N\A
2,2013/04/07,15393,0,101,7,14936,0,223,53,246,248,4,6,N\A
2,2013/04/15,15631,0,107,71,15039,0,223,53,247,248,16,32,N\A
2,2013/04/23,0,2,255,255,14999,0,222,39,246,248,0,64,N\A
2,2013/05/01,15450,65,106,60,14952,0,224,62,246,248,22,3,N\A
2,2013/05/09,15510,65,104,30,15016,0,222,38,247,248,128,64,N\A
2,2013/05/17,0,2,255,255,0,2,255,255,0,0,0,0,N\A
2,2013/05/25,15196,65,104,30,0,2,255,255,246,248,128,0,N\A
2,2013/06/02,0,2,255,255,0,2,255,255,0,0,0,0,N\A
2,2013/06/10,0,2,255,255,0,2,255,255,0,0,0,0,N\A
2,2013/06/18,0,2,255,255,0,2,255,255,0,0,0,0,N\A
2,2013/06/26,0,2,255,255,14942,0,224,67,247,248,0,16,N\A
2,2013/07/04,0,2,255,255,0,2,255,255,0,0,0,0,N\A
2,2013/07/12,0,2,255,255,0,2,255,255,0,0,0,0,N\A
2,2013/07/20,0,2,255,255,0,2,255,255,0,0,0,0,N\A
2,2013/07/28,0,2,255,255,0,2,255,255,0,0,0,0,N\A
2,2013/08/05,0,2,255,255,0,2,255,255,0,0,0,0,N\A
2,2013/08/13,0,2,255,255,0,2,255,255,0,0,0,0,N\A
2,2013/08/21,0,2,255,255,0,2,255,255,0,0,0,0,N\A
2,2013/08/29,0,2,255,255,0,2,255,255,0,0,0,0,N\A
2,2013/09/06,0,2,255,255,0,2,255,255,0,0,0,0,N\A
2,2013/09/14,0,2,255,255,0,2,255,255,0,0,0,0,N\A
2,2013/09/22,0,2,255,255,0,2,255,255,0,0,0,0,N\A
2,2013/09/30,15170,0,108,82,0,2,255,255,247,249,34,0,N\A
2,2013/10/08,15093,65,105,53,14908,0,224,67,246,248,92,40,N\A
2,2013/10/16,15105,0,105,43,14740,0,227,89,247,248,160,240,N\A
2,2013/10/24,14969,65,107,66,14857,0,225,80,247,248,220,8,N\A
2,2013/11/01,15165,0,106,54,14865,0,223,54,247,248,15,15,N\A
2,2013/11/09,15184,0,109,96,0,2,255,255,247,249,4,0,N\A
2,2013/11/17,14874,65,106,56,14702,65,231,130,247,248,6,32,N\A
2,2013/11/25,14907,0,108,78,14649,65,222,40,247,249,208,160,N\A
2,2013/12/03,14929,0,107,68,14590,65,220,20,246,248,238,72,N\A
2,2013/12/11,14945,0,109,87,14588,65,223,53,247,248,135,228,N\A
2,2013/12/19,14845,0,106,62,14490,0,223,55,247,248,239,222,N\A
2,2013/12/27,14855,0,107,74,14435,0,224,62,247,248,23,3,N\A
3,2013/01/01,15117,0,106,58,14689,0,224,63,245,247,142,207,N\A
3,2013/01/09,15172,0,106,62,14795,0,224,64,246,248,219,111,N\A
3,2013/01/17,15086,0,105,52,14736,65,226,85,245,248,175,135,N\A
3,2013/01/25,15067,0,106,57,14830,0,227,104,245,248,86,2,N\A
3,2013/02/02,15198,0,105,46,14884,0,225,72,246,248,172,60,N\A
3,2013/02/10,15247,0,106,57,14842,0,222,48,245,248,86,175,N\A
3,2013/02/18,15173,0,104,33,14857,65,224,63,246,248,36,19,N\A
3,2013/02/26,15355,65,107,75,14887,0,223,54,246,248,23,142,N\A
3,2013/03/06,15382,0,107,72,14902,0,225,74,245,247,235,215,N\A
3,2013/03/14,15363,65,109,96,14971,0,222,45,246,248,21,169,N\A
3,2013/03/22,15528,0,106,63,14986,0,224,63,245,248,239,223,N\A
3,2013/03/30,15543,0,107,69,15029,0,226,83,245,247,71,67,N\A
3,2013/04/07,15535,65,105,48,14982,0,223,53,245,247,12,6,N\A
3,2013/04/15,15747,0,107,73,14902,0,224,67,246,248,16,40,N\A
3,2013/04/23,0,2,255,255,15026,0,222,39,245,248,0,64,N\A
3,2013/05/01,15605,65,102,14,15001,0,224,61,245,247,2,3,N\A
3,2013/05/09,0,2,255,255,0,2,255,255,0,0,0,0,N\A
3,2013/05/17,0,2,255,255,0,2,255,255,0,0,0,0,N\A
3,2013/05/25,15260,65,104,32,0,2,255,255,246,248,128,0,N\A
3,2013/06/02,0,2,255,255,0,2,255,255,0,0,0,0,N\A
3,2013/06/10,0,2,255,255,0,2,255,255,0,0,0,0,N\A
3,2013/06/18,0,2,255,255,0,2,255,255,0,0,0,0,N\A
3,2013/06/26,15229,65,106,58,14954,17,224,66,246,249,32,16,N\A
3,2013/07/04,0,2,255,255,0,2,255,255,0,0,0,0,N\A
3,2013/07/12,0,2,255,255,0,2,255,255,0,0,0,0,N\A
3,2013/07/20,0,2,255,255,0,2,255,255,0,0,0,0,N\A
3,2013/07/28,0,2,255,255,0,2,255,255,0,0,0,0,N\A
3,2013/08/05,0,2,255,255,0,2,255,255,0,0,0,0,N\A
3,2013/08/13,0,2,255,255,0,2,255,255,0,0,0,0,N\A
3,2013/08/21,0,2,255,255,0,2,255,255,0,0,0,0,N\A
3,2013/08/29,0,2,255,255,0,2,255,255,0,0,0,0,N\A
3,2013/09/06,0,2,255,255,0,2,255,255,0,0,0,0,N\A
3,2013/09/14,0,2,255,255,0,2,255,255,0,0,0,0,N\A
3,2013/09/22,0,2,255,255,0,2,255,255,0,0,0,0,N\A
3,2013/09/30,15174,65,108,83,0,2,255,255,246,248,34,0,N\A
3,2013/10/08,15282,65,108,79,0,2,255,255,246,248,208,0,N\A
3,2013/10/16,15204,65,104,31,14794,0,227,89,245,247,128,240,N\A
3,2013/10/24,15125,0,109,90,14892,65,225,69,245,247,213,105,N\A
3,2013/11/01,15285,0,106,67,14867,0,223,54,246,248,14,15,N\A
3,2013/11/09,0,2,255,255,14787,65,227,104,246,248,0,2,N\A
3,2013/11/17,15098,65,108,86,0,2,255,255,245,247,8,0,N\A
3,2013/11/25,14846,0,106,56,14697,65,222,40,245,247,200,160,N\A
3,2013/12/03,14969,0,106,62,14756,65,222,39,245,247,236,64,N\A
3,2013/12/11,14997,0,108,85,14544,0,221,28,246,248,151,128,N\A
3,2013/12/19,14878,0,106,63,14509,0,224,63,246,248,239,223,N\A
3,2013/12/27,14871,0,107,76,14504,0,224,62,245,247,23,3,N\A
4,2013/01/01,15037,0,106,60,14760,0,224,68,246,248,142,198,N\A
4,2013/01/09,15110,0,108,79,14822,0,223,61,246,248,215,239,N\A
4,2013/01/17,15026,0,105,54,14724,65,225,77,246,248,175,199,N\A
4,2013/01/25,14955,65,107,72,14765,65,224,73,246,248,214,138,N\A
4,2013/02/02,15073,65,106,60,14926,0,222,55,246,248,174,28,N\A
4,2013/02/10,15086,0,105,48,14869,0,222,50,246,248,94,175,N\A
4,2013/02/18,15053,65,104,42,14806,0,224,73,246,248,173,23,N\A
4,2013/02/26,15123,65,107,72,14922,0,226,95,246,248,159,10,N\A
4,2013/03/06,15268,0,106,64,14890,0,225,76,246,248,239,215,N\A
4,2013/03/14,15289,0,111,117,14974,0,222,45,246,248,1,137,N\A
4,2013/03/22,15496,0,108,84,14965,0,224,65,246,248,234,223,N\A
4,2013/03/30,15480,0,107,70,14977,0,226,84,246,248,71,67,N\A
4,2013/04/07,15488,65,106,69,14988,0,222,50,246,248,14,70,N\A
4,2013/04/15,15638,0,107,75,15032,0,223,55,246,248,16,32,N\A
4,2013/04/23,0,2,255,255,14995,0,222,41,246,248,0,64,N\A
4,2013/05/01,15615,65,102,15,14981,0,224,63,246,248,2,3,N\A
4,2013/05/09,0,2,255,255,0,2,255,255,0,0,0,0,N\A
4,2013/05/17,0,2,255,255,0,2,255,255,0,0,0,0,N\A
4,2013/05/25,0,2,255,255,0,2,255,255,0,0,0,0,N\A
4,2013/06/02,0,2,255,255,0,2,255,255,0,0,0,0,N\A
4,2013/06/10,0,2,255,255,0,2,255,255,0,0,0,0,N\A
4,2013/06/18,0,2,255,255,0,2,255,255,0,0,0,0,N\A
4,2013/06/26,15163,65,107,74,14966,0,224,69,246,248,40,16,N\A
4,2013/07/04,0,2,255,255,0,2,255,255,0,0,0,0,N\A
4,2013/07/12,0,2,255,255,0,2,255,255,0,0,0,0,N\A
4,2013/07/20,0,2,255,255,0,2,255,255,0,0,0,0,N\A
4,2013/07/28,0,2,255,255,0,2,255,255,0,0,0,0,N\A
4,2013/08/05,0,2,255,255,0,2,255,255,0,0,0,0,N\A
4,2013/08/13,0,2,255,255,0,2,255,255,0,0,0,0,N\A
4,2013/08/21,0,2,255,255,0,2,255,255,0,0,0,0,N\A
4,2013/08/29,0,2,255,255,0,2,255,255,0,0,0,0,N\A
4,2013/09/06,0,2,255,255,0,2,255,255,0,0,0,0,N\A
4,2013/09/14,0,2,255,255,0,2,255,255,0,0,0,0,N\A
4,2013/09/22,0,2,255,255,0,2,255,255,0,0,0,0,N\A
4,2013/09/30,15231,0,108,85,0,2,255,255,246,248,34,0,N\A
4,2013/10/08,15167,0,110,99,14946,0,224,69,246,248,144,40,N\A
4,2013/10/16,15025,0,109,81,15002,0,223,54,246,248,192,80,N\A
4,2013/10/24,15098,0,109,91,14979,0,223,54,246,248,213,32,N\A
4,2013/11/01,15198,0,106,57,14932,0,223,56,246,248,15,15,N\A
4,2013/11/09,14960,65,107,73,0,2,255,255,246,248,68,0,N\A
4,2013/11/17,14976,65,108,88,0,2,255,255,246,248,8,0,N\A
4,2013/11/25,14903,0,109,85,14631,65,221,29,246,248,192,128,N\A
4,2013/12/03,14962,0,106,60,14620,65,223,56,246,248,174,15,N\A
4,2013/12/11,14945,0,108,79,14624,0,222,42,246,248,215,160,N\A
4,2013/12/19,14839,0,106,60,14554,0,223,57,246,248,231,222,N\A
4,2013/12/27,14841,0,107,77,14561,0,224,63,246,248,23,3,N\A
5,2013/01/01,15026,0,107,74,14730,0,225,73,247,248,206,195,N\A
5,2013/01/09,15141,0,106,63,14794,0,222,50,246,248,219,175,N\A
5,2013/01/17,15067,0,105,54,14754,0,226,94,247,248,175,197,N\A
5,2013/01/25,14956,65,108,81,14774,65,226,95,246,248,208,10,N\A
5,2013/02/02,15200,0,105,52,14905,0,222,56,246,248,44,28,N\A
5,2013/02/10,15184,0,105,48,14871,0,222,50,246,248,30,175,N\A
5,2013/02/18,15170,65,104,43,14829,0,224,66,246,248,173,19,N\A
5,2013/02/26,15315,0,106,63,14929,0,226,95,246,248,22,10,N\A
5,2013/03/06,15345,0,106,65,14905,0,225,76,247,248,239,215,N\A
5,2013/03/14,15387,65,110,109,14902,0,222,45,246,248,5,137,N\A
5,2013/03/22,15497,0,107,67,14984,0,224,66,247,248,233,223,N\A
5,2013/03/30,15474,0,107,70,14993,0,226,85,247,248,71,67,N\A
5,2013/04/07,15481,0,106,60,14957,0,222,51,247,248,6,70,N\A
5,2013/04/15,15707,65,107,76,15064,0,223,56,246,248,16,32,N\A
5,2013/04/23,0,2,255,255,15048,0,222,42,247,249,0,64,N\A
5,2013/05/01,0,2,255,255,14978,0,224,64,246,248,0,3,N\A
5,2013/05/09,0,2,255,255,0,2,255,255,0,0,0,0,N\A
5,2013/05/17,0,2,255,255,0,2,255,255,0,0,0,0,N\A
5,2013/05/25,0,2,255,255,0,2,255,255,0,0,0,0,N\A
5,2013/06/02,0,2,255,255,0,2,255,255,0,0,0,0,N\A
5,2013/06/10,0,2,255,255,0,2,255,255,0,0,0,0,N\A
5,2013/06/18,0,2,255,255,0,2,255,255,0,0,0,0,N\A
5,2013/06/26,0,2,255,255,14971,0,224,70,247,249,0,16,N\A
5,2013/07/04,0,2,255,255,0,2,255,255,0,0,0,0,N\A
5,2013/07/12,0,2,255,255,0,2,255,255,0,0,0,0,N\A
5,2013/07/20,0,2,255,255,0,2,255,255,0,0,0,0,N\A
5,2013/07/28,0,2,255,255,0,2,255,255,0,0,0,0,N\A
5,2013/08/05,0,2,255,255,0,2,255,255,0,0,0,0,N\A
5,2013/08/13,0,2,255,255,0,2,255,255,0,0,0,0,N\A
5,2013/08/21,0,2,255,255,0,2,255,255,0,0,0,0,N\A
5,2013/08/29,0,2,255,255,0,2,255,255,0,0,0,0,N\A
5,2013/09/06,0,2,255,255,0,2,255,255,0,0,0,0,N\A
5,2013/09/14,0,2,255,255,0,2,255,255,0,0,0,0,N\A
5,2013/09/22,0,2,255,255,0,2,255,255,0,0,0,0,N\A
5,2013/09/30,15133,0,108,85,0,2,255,255,247,248,34,0,N\A
5,2013/10/08,15223,0,107,75,14941,0,225,84,246,248,16,8,N\A
5,2013/10/16,15190,0,104,33,14889,0,225,77,246,248,128,208,N\A
5,2013/10/24,15142,65,108,85,14861,0,225,71,247,248,85,105,N\A
5,2013/11/01,15251,0,106,57,14859,0,223,58,247,248,15,31,N\A
5,2013/11/09,15189,65,109,100,14830,0,227,106,247,248,4,2,N\A
5,2013/11/17,0,2,255,255,0,2,255,255,0,0,0,0,N\A
5,2013/11/25,14963,0,109,85,14704,65,222,43,246,248,192,160,N\A
5,2013/12/03,14991,0,106,60,14614,0,218,7,247,248,174,10,N\A
5,2013/12/11,15001,0,108,79,14542,0,221,30,246,248,215,128,N\A
5,2013/12/19,14914,0,104,32,14529,0,223,57,246,248,165,222,N\A
5,2013/12/27,14858,0,107,77,14507,0,224,64,246,248,23,3,N\A
6,2013/01/01,14988,0,107,71,14764,0,225,73,247,248,198,195,N\A
6,2013/01/09,15158,0,108,81,14800,0,222,48,247,248,215,39,N\A
6,2013/01/17,15083,0,106,59,14765,0,226,94,247,248,47,197,N\A
6,2013/01/25,15104,0,106,63,14720,65,226,85,247,248,80,75,N\A
6,2013/02/02,15236,0,105,54,14872,0,222,56,247,249,44,28,N\A
6,2013/02/10,15278,0,106,64,14853,0,222,51,247,248,22,175,N\A
6,2013/02/18,15088,0,105,49,14828,65,224,66,247,249,172,19,N\A
6,2013/02/26,15245,65,107,78,14881,0,223,66,247,248,23,14,N\A
6,2013/03/06,15279,0,105,55,14890,0,223,58,247,248,175,222,N\A
6,2013/03/14,15215,65,109,98,14918,0,223,54,247,248,17,41,N\A
6,2013/03/22,15424,0,107,76,14943,0,224,66,247,248,235,223,N\A
6,2013/03/30,15542,65,107,76,14956,0,226,85,247,248,84,67,N\A
6,2013/04/07,15374,0,101,9,14876,0,223,55,246,248,4,6,N\A
6,2013/04/15,15376,65,104,41,14987,0,224,71,247,249,24,40,N\A
6,2013/04/23,0,2,255,255,14900,0,222,42,246,248,0,64,N\A
6,2013/05/01,15472,65,109,101,14921,0,222,45,247,248,4,7,N\A
6,2013/05/09,0,2,255,255,0,2,255,255,0,0,0,0,N\A
6,2013/05/17,0,2,255,255,0,2,255,255,0,0,0,0,N\A
6,2013/05/25,0,2,255,255,0,2,255,255,0,0,0,0,N\A
6,2013/06/02,0,2,255,255,0,2,255,255,0,0,0,0,N\A
6,2013/06/10,0,2,255,255,0,2,255,255,0,0,0,0,N\A
6,2013/06/18,0,2,255,255,0,2,255,255,0,0,0,0,N\A
6,2013/06/26,15316,65,106,62,14964,0,224,70,247,248,32,16,N\A
6,2013/07/04,0,2,255,255,0,2,255,255,0,0,0,0,N\A
6,2013/07/12,0,2,255,255,0,2,255,255,0,0,0,0,N\A
6,2013/07/20,0,2,255,255,0,2,255,255,0,0,0,0,N\A
6,2013/07/28,0,2,255,255,0,2,255,255,0,0,0,0,N\A
6,2013/08/05,0,2,255,255,0,2,255,255,0,0,0,0,N\A
6,2013/08/13,0,2,255,255,0,2,255,255,0,0,0,0,N\A
6,2013/08/21,0,2,255,255,0,2,255,255,0,0,0,0,N\A
6,2013/08/29,0,2,255,255,0,2,255,255,0,0,0,0,N\A
6,2013/09/06,0,2,255,255,0,2,255,255,0,0,0,0,N\A
6,2013/09/14,0,2,255,255,0,2,255,255,0,0,0,0,N\A
6,2013/09/22,0,2,255,255,0,2,255,255,0,0,0,0,N\A
6,2013/09/30,15167,0,110,110,0,2,255,255,247,248,2,0,N\A
6,2013/10/08,15028,65,108,80,14979,0,225,84,247,248,153,8,N\A
6,2013/10/16,14994,0,109,81,15012,0,223,56,247,249,192,80,N\A
6,2013/10/24,15028,65,107,78,14943,0,225,72,247,248,221,105,N\A
6,2013/11/01,15178,0,106,58,14952,0,223,59,247,248,15,31,N\A
6,2013/11/09,15031,65,107,75,14865,65,227,107,247,249,84,2,N\A
6,2013/11/17,14908,0,108,90,14783,65,226,93,247,248,8,17,N\A
6,2013/11/25,14865,0,109,86,14679,65,227,92,247,248,192,96,N\A
6,2013/12/03,14947,0,106,61,14717,65,222,42,247,248,174,64,N\A
6,2013/12/11,15020,0,108,81,14618,65,223,55,247,248,215,196,N\A
6,2013/12/19,14896,0,106,58,14526,0,223,58,247,248,237,222,N\A
6,2013/12/27,14840,0,107,78,14520,0,224,64,247,248,23,3,N\A
7,2013/01/01,15055,0,105,50,14733,0,225,74,247,248,158,195,N\A
7,2013/01/09,15158,0,106,66,14835,0,224,69,247,248,219,111,N\A
7,2013/01/17,15088,0,106,61,14781,0,225,78,247,248,47,215,N\A
7,2013/01/25,14996,65,107,79,14805,65,224,72,247,248,16,11,N\A
7,2013/02/02,15130,0,104,42,14939,0,224,72,247,248,60,84,N\A
7,2013/02/10,15086,0,106,64,14876,0,222,52,247,249,31,175,N\A
7,2013/02/18,14969,65,104,38,14901,65,219,14,246,248,189,2,N\A
7,2013/02/26,15055,0,107,75,14930,0,226,98,247,248,159,10,N\A
7,2013/03/06,15139,0,105,55,14887,0,223,59,247,248,143,222,N\A
7,2013/03/14,15046,65,107,76,14942,0,223,56,246,248,29,41,N\A
7,2013/03/22,15256,0,107,66,14923,0,224,68,247,248,251,223,N\A
7,2013/03/30,15229,0,107,78,14979,0,224,66,246,248,84,3,N\A
7,2013/04/07,15172,0,105,52,14826,0,223,57,247,248,12,6,N\A
7,2013/04/15,15069,65,104,45,15032,0,223,59,247,248,88,32,N\A
7,2013/04/23,0,2,255,255,14802,65,222,45,246,249,0,64,N\A
7,2013/05/01,0,2,255,255,14896,0,222,43,247,249,0,135,N\A
7,2013/05/09,0,2,255,255,0,2,255,255,0,0,0,0,N\A
7,2013/05/17,0,2,255,255,0,2,255,255,0,0,0,0,N\A
7,2013/05/25,0,2,255,255,0,2,255,255,0,0,0,0,N\A
7,2013/06/02,0,2,255,255,0,2,255,255,0,0,0,0,N\A
7,2013/06/10,0,2,255,255,0,2,255,255,0,0,0,0,N\A
7,2013/06/18,0,2,255,255,0,2,255,255,0,0,0,0,N\A
7,2013/06/26,0,2,255,255,14922,0,224,73,246,248,0,16,N\A
7,2013/07/04,0,2,255,255,0,2,255,255,0,0,0,0,N\A
7,2013/07/12,0,2,255,255,0,2,255,255,0,0,0,0,N\A
7,2013/07/20,0,2,255,255,0,2,255,255,0,0,0,0,N\A
7,2013/07/28,0,2,255,255,0,2,255,255,0,0,0,0,N\A
7,2013/08/05,0,2,255,255,0,2,255,255,0,0,0,0,N\A
7,2013/08/13,0,2,255,255,0,2,255,255,0,0,0,0,N\A
7,2013/08/21,0,2,255,255,0,2,255,255,0,0,0,0,N\A
7,2013/08/29,0,2,255,255,0,2,255,255,0,0,0,0,N\A
7,2013/09/06,0,2,255,255,0,2,255,255,0,0,0,0,N\A
7,2013/09/14,0,2,255,255,0,2,255,255,0,0,0,0,N\A
7,2013/09/22,14934,65,109,103,0,2,255,255,247,248,4,0,N\A
7,2013/09/30,15017,65,111,112,0,2,255,255,247,248,2,0,N\A
7,2013/10/08,14970,65,107,69,14867,0,224,72,246,248,155,40,N\A
7,2013/10/16,15029,0,108,77,14822,0,226,83,246,248,224,192,N\A
7,2013/10/24,15056,0,110,99,14782,65,223,63,247,248,197,35,N\A
7,2013/11/01,15106,0,104,48,14791,0,224,75,247,248,31,23,N\A
7,2013/11/09,15037,65,109,103,14713,0,227,108,247,248,4,2,N\A
7,2013/11/17,15057,0,107,79,0,2,255,255,247,248,40,0,N\A
7,2013/11/25,14891,0,109,87,14678,65,224,70,247,248,192,108,N\A
7,2013/12/03,15193,0,108,77,14538,65,219,20,247,248,170,74,N\A
7,2013/12/11,15237,0,108,78,14433,0,226,80,247,249,211,192,N\A
7,2013/12/19,15108,0,107,70,14440,0,223,60,247,248,233,222,N\A
7,2013/12/27,15017,0,107,80,14446,0,223,57,247,248,23,15,N\A
8,2013/01/01,15106,0,106,59,14738,0,225,72,246,248,142,239,N\A
8,2013/01/09,15221,0,106,62,14836,0,225,76,246,248,219,107,N\A
8,2013/01/17,15099,0,105,53,14768,65,229,114,246,248,175,164,N\A
8,2013/01/25,15070,65,107,72,14702,65,230,125,247,248,84,64,N\A
8,2013/02/02,15061,0,106,58,14910,0,225,72,246,248,174,60,N\A
8,2013/02/10,15041,0,108,78,14900,0,222,48,246,248,215,175,N\A
8,2013/02/18,14996,0,104,30,14825,65,224,63,246,248,165,19,N\A
8,2013/02/26,15098,0,107,71,14861,0,223,54,246,248,159,142,N\A
8,2013/03/06,15205,0,107,73,14873,0,224,63,246,248,235,223,N\A
8,2013/03/14,15125,0,106,58,14943,0,222,45,246,248,95,169,N\A
8,2013/03/22,15313,0,106,64,14952,0,224,63,246,248,239,223,N\A
8,2013/03/30,15280,0,107,69,14970,0,226,83,246,248,71,67,N\A
8,2013/04/07,15270,0,101,8,14891,0,223,53,246,248,4,6,N\A
8,2013/04/15,15538,0,107,74,14993,0,224,67,246,248,16,40,N\A
8,2013/04/23,0,2,255,255,14995,0,222,38,246,248,0,64,N\A
8,2013/05/01,15449,0,102,14,14947,0,220,18,246,248,2,1,N\A
8,2013/05/09,0,2,255,255,0,2,255,255,0,0,0,0,N\A
8,2013/05/17,0,2,255,255,0,2,255,255,0,0,0,0,N\A
8,2013/05/25,0,2,255,255,0,2,255,255,0,0,0,0,N\A
8,2013/06/02,0,2,255,255,0,2,255,255,0,0,0,0,N\A
8,2013/06/10,0,2,255,255,0,2,255,255,0,0,0,0,N\A
8,2013/06/18,0,2,255,255,0,2,255,255,0,0,0,0,N\A
8,2013/06/26,15271,0,106,58,14939,0,224,66,246,248,32,16,N\A
8,2013/07/04,0,2,255,255,0,2,255,255,0,0,0,0,N\A
8,2013/07/12,0,2,255,255,0,2,255,255,0,0,0,0,N\A
8,2013/07/20,0,2,255,255,0,2,255,255,0,0,0,0,N\A
8,2013/07/28,0,2,255,255,0,2,255,255,0,0,0,0,N\A
8,2013/08/05,0,2,255,255,0,2,255,255,0,0,0,0,N\A
8,2013/08/13,0,2,255,255,0,2,255,255,0,0,0,0,N\A
8,2013/08/21,0,2,255,255,0,2,255,255,0,0,0,0,N\A
8,2013/08/29,0,2,255,255,0,2,255,255,0,0,0,0,N\A
8,2013/09/06,0,2,255,255,0,2,255,255,0,0,0,0,N\A
8,2013/09/14,0,2,255,255,0,2,255,255,0,0,0,0,N\A
8,2013/09/22,0,2,255,255,0,2,255,255,0,0,0,0,N\A
8,2013/09/30,15026,65,106,58,0,2,255,255,247,248,6,0,N\A
8,2013/10/08,15131,65,108,86,15004,0,225,80,246,248,20,8,N\A
8,2013/10/16,15067,65,104,32,15009,0,223,52,246,248,128,80,N\A
8,2013/10/24,15062,65,109,91,14973,0,227,88,246,248,213,96,N\A
8,2013/11/01,15125,65,106,56,15037,0,223,54,246,248,15,15,N\A
8,2013/11/09,14820,65,105,44,14925,0,227,104,246,248,64,2,N\A
8,2013/11/17,14647,65,101,7,0,2,255,255,246,248,4,0,N\A
8,2013/11/25,14879,65,106,56,14774,0,225,68,247,248,200,224,N\A
8,2013/12/03,14850,65,105,46,14778,65,226,89,246,248,172,166,N\A
8,2013/12/11,14986,65,108,77,14743,65,222,40,246,248,150,160,N\A
8,2013/12/19,14870,65,106,56,14535,65,224,66,246,248,237,214,N\A
8,2013/12/27,14862,65,107,76,14555,65,224,61,246,248,23,3,N\A
9,2013/01/01,15029,0,106,62,14733,0,225,73,247,248,174,195,N\A
9,2013/01/09,15258,0,107,77,14792,0,222,48,247,248,211,39,N\A
9,2013/01/17,15172,0,106,60,14753,65,225,76,247,248,47,215,N\A
9,2013/01/25,15139,65,105,49,14811,65,224,71,247,248,64,11,N\A
9,2013/02/02,15205,0,105,54,14919,0,225,84,246,248,44,20,N\A
9,2013/02/10,15267,0,106,65,14838,0,223,55,247,248,22,47,N\A
9,2013/02/18,15062,65,104,41,14808,0,224,64,247,248,161,3,N\A
9,2013/02/26,15310,65,107,79,14932,0,226,96,247,248,23,10,N\A
9,2013/03/06,15296,65,105,56,14886,0,223,58,247,248,175,222,N\A
9,2013/03/14,15188,65,107,78,14931,0,222,48,247,249,16,169,N\A
9,2013/03/22,15461,65,108,86,14956,0,224,66,247,248,234,223,N\A
9,2013/03/30,15411,0,107,76,14951,0,226,85,247,248,68,67,N\A
9,2013/04/07,15474,0,106,61,14911,0,226,97,246,248,6,4,N\A
9,2013/04/15,15604,65,107,78,14971,0,224,71,246,248,16,40,N\A
9,2013/04/23,14892,65,106,63,0,2,255,255,246,248,32,0,N\A
9,2013/05/01,15442,65,106,59,14940,0,224,71,247,248,6,11,N\A
9,2013/05/09,14863,65,110,111,0,2,255,255,247,248,2,0,N\A
9,2013/05/17,0,2,255,255,0,2,255,255,0,0,0,0,N\A
9,2013/05/25,0,2,255,255,0,2,255,255,0,0,0,0,N\A
9,2013/06/02,0,2,255,255,0,2,255,255,0,0,0,0,N\A
9,2013/06/10,15154,65,106,63,0,2,255,255,247,248,32,0,N\A
9,2013/06/18,0,2,255,255,0,2,255,255,0,0,0,0,N\A
9,2013/06/26,0,2,255,255,14959,0,224,70,247,249,0,16,N\A
9,2013/07/04,0,2,255,255,0,2,255,255,0,0,0,0,N\A
9,2013/07/12,0,2,255,255,0,2,255,255,0,0,0,0,N\A
9,2013/07/20,0,2,255,255,0,2,255,255,0,0,0,0,N\A
9,2013/07/28,0,2,255,255,0,2,255,255,0,0,0,0,N\A
9,2013/08/05,0,2,255,255,0,2,255,255,0,0,0,0,N\A
9,2013/08/13,0,2,255,255,0,2,255,255,0,0,0,0,N\A
9,2013/08/21,0,2,255,255,0,2,255,255,0,0,0,0,N\A
9,2013/08/29,0,2,255,255,0,2,255,255,0,0,0,0,N\A
9,2013/09/06,0,2,255,255,0,2,255,255,0,0,0,0,N\A
9,2013/09/14,0,2,255,255,0,2,255,255,0,0,0,0,N\A
9,2013/09/22,14957,65,109,102,0,2,255,255,246,248,4,0,N\A
9,2013/09/30,15068,65,110,111,0,2,255,255,247,248,2,0,N\A
9,2013/10/08,14981,65,106,68,14967,0,224,70,247,249,152,40,N\A
9,2013/10/16,15048,65,109,82,15000,0,223,56,247,249,192,80,N\A
9,2013/10/24,15020,65,107,79,14966,0,225,72,247,248,205,105,N\A
9,2013/11/01,15197,0,106,59,14962,0,223,57,247,248,15,15,N\A
9,2013/11/09,14914,65,100,4,0,2,255,255,247,248,8,0,N\A
9,2013/11/17,14745,65,108,91,14885,0,224,70,247,248,8,16,N\A
9,2013/11/25,14772,0,109,87,14752,0,227,92,247,248,192,96,N\A
9,2013/12/03,14969,0,105,60,14739,65,224,67,246,248,186,87,N\A
9,2013/12/11,15002,0,108,81,14666,65,221,30,246,249,215,128,N\A
9,2013/12/19,14915,0,104,44,14582,65,224,67,247,248,245,220,N\A
9,2013/12/27,14832,0,107,79,14571,0,224,64,247,248,23,3,N\A
10,2013/01/01,15104,65,104,40,14767,0,223,60,245,247,150,194,N\A
10,2013/01/09,15237,0,108,83,14776,0,222,49,244,246,215,39,N\A
10,2013/01/17,15250,0,106,61,14767,65,225,78,243,246,47,215,N\A
10,2013/01/25,15169,145,108,80,14755,65,223,56,243,246,16,15,N\A
10,2013/02/02,15263,17,105,56,14935,0,224,72,243,246,44,84,N\A
10,2013/02/10,15385,0,106,66,14853,0,222,45,244,246,22,167,N\A
10,2013/02/18,15207,65,103,33,14831,0,224,65,244,246,48,3,N\A
10,2013/02/26,15370,81,106,67,14900,0,223,59,244,246,22,142,N\A
10,2013/03/06,15343,65,106,58,14908,0,224,67,244,246,175,223,N\A
10,2013/03/14,0,2,255,255,14980,0,223,56,244,246,0,41,N\A
10,2013/03/22,15476,65,109,88,14985,0,224,68,244,246,234,223,N\A
10,2013/03/30,15436,65,104,35,15036,0,224,66,244,246,66,3,N\A
10,2013/04/07,15304,65,101,11,15026,0,226,99,244,246,4,4,N\A
10,2013/04/15,0,2,255,255,15053,0,223,59,244,246,0,32,N\A
10,2013/04/23,0,2,255,255,0,2,255,255,0,0,0,0,N\A
10,2013/05/01,14923,65,112,119,14900,0,222,46,244,246,1,7,N\A
10,2013/05/09,0,2,255,255,0,2,255,255,0,0,0,0,N\A
10,2013/05/17,0,2,255,255,0,2,255,255,0,0,0,0,N\A
10,2013/05/25,0,2,255,255,0,2,255,255,0,0,0,0,N\A
10,2013/06/02,0,2,255,255,14576,65,230,128,245,247,0,64,N\A
10,2013/06/10,0,2,255,255,0,2,255,255,0,0,0,0,N\A
10,2013/06/18,0,2,255,255,0,2,255,255,0,0,0,0,N\A
10,2013/06/26,0,2,255,255,14963,0,224,73,243,246,0,16,N\A
10,2013/07/04,0,2,255,255,0,2,255,255,0,0,0,0,N\A
10,2013/07/12,0,2,255,255,0,2,255,255,0,0,0,0,N\A
10,2013/07/20,0,2,255,255,0,2,255,255,0,0,0,0,N\A
10,2013/07/28,0,2,255,255,0,2,255,255,0,0,0,0,N\A
10,2013/08/05,0,2,255,255,0,2,255,255,0,0,0,0,N\A
10,2013/08/13,0,2,255,255,0,2,255,255,0,0,0,0,N\A
10,2013/08/21,0,2,255,255,0,2,255,255,0,0,0,0,N\A
10,2013/08/29,0,2,255,255,0,2,255,255,0,0,0,0,N\A
10,2013/09/06,0,2,255,255,0,2,255,255,0,0,0,0,N\A
10,2013/09/14,0,2,255,255,0,2,255,255,0,0,0,0,N\A
10,2013/09/22,0,2,255,255,0,2,255,255,0,0,0,0,N\A
10,2013/09/30,0,2,255,255,0,2,255,255,0,0,0,0,N\A
10,2013/10/08,15345,0,107,80,14848,0,225,86,244,246,16,8,N\A
10,2013/10/16,15283,65,104,37,14880,0,226,83,244,247,128,192,N\A
10,2013/10/24,15237,0,108,85,14821,65,225,79,245,247,65,99,N\A
10,2013/11/01,15321,0,104,48,14827,0,223,61,244,246,31,31,N\A
10,2013/11/09,0,2,255,255,14748,65,227,108,244,247,0,2,N\A
10,2013/11/17,0,2,255,255,14775,0,226,95,243,246,0,17,N\A
10,2013/11/25,15253,17,105,51,14715,65,223,58,244,246,64,32,N\A
10,2013/12/03,15074,0,106,59,14569,65,225,80,244,246,223,65,N\A
10,2013/12/11,15113,0,108,78,14650,65,223,57,244,247,195,228,N\A
10,2013/12/19,15074,0,105,52,14526,0,223,59,243,246,253,222,N\A
10,2013/12/27,14990,0,108,80,14530,0,224,73,244,247,23,11,N\A
11,2013/01/01,15122,0,104,41,14734,0,223,61,247,249,150,194,N\A
11,2013/01/09,15241,0,109,84,14699,0,223,63,246,248,215,171,N\A
11,2013/01/17,15237,0,106,63,14705,0,225,79,247,248,47,215,N\A
11,2013/01/25,15141,0,107,68,14737,0,223,59,247,248,80,6,N\A
11,2013/02/02,15347,0,108,81,14847,0,222,59,247,249,40,28,N\A
11,2013/02/10,15326,0,107,68,14764,0,225,79,247,248,22,110,N\A
11,2013/02/18,15364,0,111,113,14837,0,223,58,247,249,2,6,N\A
11,2013/02/26,15341,65,109,94,14855,0,223,68,247,248,20,14,N\A
11,2013/03/06,15324,0,105,48,14841,0,224,72,247,248,135,214,N\A
11,2013/03/14,15533,65,106,53,14893,0,223,57,246,248,64,41,N\A
11,2013/03/22,15495,65,106,58,14934,0,224,68,247,249,169,223,N\A
11,2013/03/30,15525,65,105,36,14996,0,224,67,247,249,66,3,N\A
11,2013/04/07,15547,0,102,12,15006,0,226,100,247,249,4,4,N\A
11,2013/04/15,15474,65,107,68,15066,0,223,60,246,248,80,32,N\A
11,2013/04/23,0,2,255,255,0,2,255,255,0,0,0,0,N\A
11,2013/05/01,0,2,255,255,14916,0,222,47,247,248,0,7,N\A
11,2013/05/09,0,2,255,255,0,2,255,255,0,0,0,0,N\A
11,2013/05/17,0,2,255,255,0,2,255,255,0,0,0,0,N\A
11,2013/05/25,0,2,255,255,0,2,255,255,0,0,0,0,N\A
11,2013/06/02,0,2,255,255,0,2,255,255,0,0,0,0,N\A
11,2013/06/10,0,2,255,255,0,2,255,255,0,0,0,0,N\A
11,2013/06/18,0,2,255,255,0,2,255,255,0,0,0,0,N\A
11,2013/06/26,15325,65,107,67,14844,65,226,100,246,248,32,4,N\A
11,2013/07/04,0,2,255,255,0,2,255,255,0,0,0,0,N\A
11,2013/07/12,0,2,255,255,0,2,255,255,0,0,0,0,N\A
11,2013/07/20,0,2,255,255,0,2,255,255,0,0,0,0,N\A
11,2013/07/28,0,2,255,255,0,2,255,255,0,0,0,0,N\A
11,2013/08/05,0,2,255,255,0,2,255,255,0,0,0,0,N\A
11,2013/08/13,0,2,255,255,0,2,255,255,0,0,0,0,N\A
11,2013/08/21,0,2,255,255,0,2,255,255,0,0,0,0,N\A
11,2013/08/29,0,2,255,255,0,2,255,255,0,0,0,0,N\A
11,2013/09/06,0,2,255,255,0,2,255,255,0,0,0,0,N\A
11,2013/09/14,0,2,255,255,0,2,255,255,0,0,0,0,N\A
11,2013/09/22,0,2,255,255,0,2,255,255,0,0,0,0,N\A
11,2013/09/30,0,2,255,255,0,2,255,255,0,0,0,0,N\A
11,2013/10/08,15193,65,108,81,14814,0,225,88,246,248,16,8,N\A
11,2013/10/16,15181,0,106,53,14829,0,226,84,247,248,160,192,N\A
11,2013/10/24,15092,0,107,72,14844,65,223,62,247,248,93,171,N\A
11,2013/11/01,15185,0,105,52,14790,0,223,62,247,248,63,31,N\A
11,2013/11/09,0,2,255,255,14777,0,224,66,247,249,0,3,N\A
11,2013/11/17,0,2,255,255,14771,65,226,97,247,248,0,21,N\A
11,2013/11/25,14950,65,109,92,14727,65,224,71,247,249,212,108,N\A
11,2013/12/03,15068,0,105,51,14596,65,223,59,247,248,158,95,N\A
11,2013/12/11,15025,65,109,85,14575,65,224,68,247,249,199,68,N\A
11,2013/12/19,15073,0,105,51,14473,0,225,79,247,248,191,215,N\A
11,2013/12/27,15020,0,108,82,14490,0,224,74,246,249,23,11,N\A
12,2013/01/01,15051,0,106,60,14757,0,225,75,246,248,142,199,N\A
12,2013/01/09,15198,0,105,50,14831,0,223,52,246,248,91,47,N\A
12,2013/01/17,15073,0,105,53,14742,65,224,65,246,248,175,254,N\A
12,2013/01/25,15041,0,107,72,14628,65,230,125,246,248,68,64,N\A
12,2013/02/02,15141,0,106,59,14862,0,225,82,246,248,174,188,N\A
12,2013/02/10,15183,0,107,71,14879,0,223,54,246,248,214,142,N\A
12,2013/02/18,15118,0,104,34,14804,65,224,63,246,248,36,19,N\A
12,2013/02/26,15264,0,107,76,14889,0,223,54,246,248,23,142,N\A
12,2013/03/06,15296,0,107,74,14891,0,226,82,246,248,235,247,N\A
12,2013/03/14,15285,65,107,74,14974,0,222,45,246,248,84,169,N\A
12,2013/03/22,15424,0,106,64,14994,0,224,63,246,248,239,223,N\A
12,2013/03/30,15307,0,107,70,14961,0,225,75,246,248,71,99,N\A
12,2013/04/07,15082,65,101,8,14906,0,224,73,246,248,4,7,N\A
12,2013/04/15,15571,0,107,75,15032,0,224,67,246,248,16,40,N\A
12,2013/04/23,0,2,255,255,14899,65,222,38,246,248,0,64,N\A
12,2013/05/01,15427,65,106,58,14958,0,224,61,246,248,6,3,N\A
12,2013/05/09,15379,65,106,59,0,2,255,255,246,248,32,0,N\A
12,2013/05/17,0,2,255,255,0,2,255,255,0,0,0,0,N\A
12,2013/05/25,0,2,255,255,0,2,255,255,0,0,0,0,N\A
12,2013/06/02,0,2,255,255,0,2,255,255,0,0,0,0,N\A
12,2013/06/10,0,2,255,255,0,2,255,255,0,0,0,0,N\A
12,2013/06/18,0,2,255,255,0,2,255,255,0,0,0,0,N\A
12,2013/06/26,15071,65,108,88,14959,0,224,66,246,248,8,16,N\A
12,2013/07/04,0,2,255,255,0,2,255,255,0,0,0,0,N\A
12,2013/07/12,0,2,255,255,0,2,255,255,0,0,0,0,N\A
12,2013/07/20,0,2,255,255,0,2,255,255,0,0,0,0,N\A
12,2013/07/28,0,2,255,255,0,2,255,255,0,0,0,0,N\A
12,2013/08/05,0,2,255,255,0,2,255,255,0,0,0,0,N\A
12,2013/08/13,0,2,255,255,0,2,255,255,0,0,0,0,N\A
12,2013/08/21,0,2,255,255,0,2,255,255,0,0,0,0,N\A
12,2013/08/29,0,2,255,255,0,2,255,255,0,0,0,0,N\A
12,2013/09/06,0,2,255,255,0,2,255,255,0,0,0,0,N\A
12,2013/09/14,0,2,255,255,0,2,255,255,0,0,0,0,N\A
12,2013/09/22,15023,65,109,100,0,2,255,255,246,248,4,0,N\A
12,2013/09/30,15166,0,110,109,0,2,255,255,246,248,2,0,N\A
12,2013/10/08,15161,0,108,87,14976,0,225,80,246,248,20,8,N\A
12,2013/10/16,0,2,255,255,14763,65,225,74,246,248,0,208,N\A
12,2013/10/24,15115,65,109,91,14848,65,223,56,246,248,213,109,N\A
12,2013/11/01,15146,0,106,57,14917,0,223,54,246,248,47,15,N\A
12,2013/11/09,14954,65,100,2,0,2,255,255,246,248,8,0,N\A
12,2013/11/17,14957,0,108,88,0,2,255,255,246,248,8,0,N\A
12,2013/11/25,14919,0,109,84,14807,65,223,51,246,248,192,32,N\A
12,2013/12/03,14909,0,106,59,14690,65,225,77,246,248,174,103,N\A
12,2013/12/11,15023,0,108,86,14657,65,225,68,246,248,151,224,N\A
12,2013/12/19,14938,0,104,42,14532,0,223,55,246,248,173,222,N\A
12,2013/12/27,14882,0,107,77,14536,0,224,61,246,248,23,3,N\A
13,2013/01/01,15050,0,107,71,14700,0,225,72,246,248,198,195,N\A
13,2013/01/09,15146,0,107,77,14821,0,222,47,246,248,211,39,N\A
13,2013/01/17,15050,0,106,66,14768,65,224,71,246,247,239,211,N\A
13,2013/01/25,14949,65,111,113,14768,65,227,105,246,248,132,74,N\A
13,2013/02/02,15206,0,105,49,14854,0,222,55,246,248,172,28,N\A
13,2013/02/10,15177,0,105,49,14885,0,223,54,246,248,30,47,N\A
13,2013/02/18,15211,65,103,24,14853,65,224,65,246,248,1,19,N\A
13,2013/02/26,15306,0,106,65,14896,0,223,56,246,248,22,142,N\A
13,2013/03/06,15317,0,107,76,14900,0,224,65,246,248,235,223,N\A
13,2013/03/14,15368,65,106,63,14981,0,222,47,246,248,80,169,N\A
13,2013/03/22,15416,0,107,73,15026,0,224,65,246,248,238,223,N\A
13,2013/03/30,15302,65,105,56,15017,0,226,84,246,248,70,67,N\A
13,2013/04/07,15336,0,106,70,14930,0,224,75,246,248,14,7,N\A
13,2013/04/15,15545,65,107,78,15037,0,224,70,246,248,16,40,N\A
13,2013/04/23,15253,65,104,35,0,2,255,255,246,248,128,0,N\A
13,2013/05/01,15373,65,105,55,14988,0,224,70,246,248,70,11,N\A
13,2013/05/09,0,2,255,255,0,2,255,255,0,0,0,0,N\A
13,2013/05/17,0,2,255,255,0,2,255,255,0,0,0,0,N\A
13,2013/05/25,15282,65,104,35,0,2,255,255,247,248,128,0,N\A
13,2013/06/02,0,2,255,255,0,2,255,255,0,0,0,0,N\A
13,2013/06/10,0,2,255,255,0,2,255,255,0,0,0,0,N\A
13,2013/06/18,0,2,255,255,0,2,255,255,0,0,0,0,N\A
13,2013/06/26,15285,65,106,62,14954,17,224,69,246,248,32,16,N\A
13,2013/07/04,0,2,255,255,0,2,255,255,0,0,0,0,N\A
13,2013/07/12,0,2,255,255,0,2,255,255,0,0,0,0,N\A
13,2013/07/20,0,2,255,255,0,2,255,255,0,0,0,0,N\A
13,2013/07/28,0,2,255,255,0,2,255,255,0,0,0,0,N\A
13,2013/08/05,0,2,255,255,0,2,255,255,0,0,0,0,N\A
13,2013/08/13,0,2,255,255,0,2,255,255,0,0,0,0,N\A
13,2013/08/21,0,2,255,255,0,2,255,255,0,0,0,0,N\A
13,2013/08/29,0,2,255,255,0,2,255,255,0,0,0,0,N\A
13,2013/09/06,0,2,255,255,0,2,255,255,0,0,0,0,N\A
13,2013/09/14,0,2,255,255,0,2,255,255,0,0,0,0,N\A
13,2013/09/22,0,2,255,255,0,2,255,255,0,0,0,0,N\A
13,2013/09/30,14928,65,110,111,0,2,255,255,244,247,2,0,N\A
13,2013/10/08,15049,65,109,98,14975,17,225,83,246,248,17,8,N\A
13,2013/10/16,15040,0,109,82,15014,0,222,40,246,249,192,64,N\A
13,2013/10/24,14977,65,108,84,14961,0,224,66,246,248,157,97,N\A
13,2013/11/01,15226,0,106,58,14947,0,223,56,246,248,15,15,N\A
13,2013/11/09,15032,65,102,16,0,2,255,255,246,248,2,0,N\A
13,2013/11/17,14971,65,109,100,0,2,255,255,243,246,10,0,N\A
13,2013/11/25,15121,0,105,48,14737,65,227,90,246,248,64,96,N\A
13,2013/12/03,15028,0,106,62,14697,0,221,27,246,248,168,66,N\A
13,2013/12/11,15014,0,108,81,14785,0,218,6,246,248,215,4,N\A
13,2013/12/19,14943,0,106,59,14581,0,226,92,246,248,237,193,N\A
13,2013/12/27,14873,0,107,78,14593,65,224,63,245,247,23,3,N\A
14,2013/01/01,14966,0,108,73,14736,0,226,94,247,248,198,193,N\A
14,2013/01/09,15155,0,108,83,14779,0,222,45,247,248,215,167,N\A
14,2013/01/17,15055,0,106,58,14719,0,225,77,247,249,175,215,N\A
14,2013/01/25,15042,0,110,103,14772,65,223,55,247,248,144,15,N\A
14,2013/02/02,15183,0,104,38,14867,0,224,70,246,248,36,84,N\A
14,2013/02/10,15281,0,106,67,14840,0,223,55,247,248,22,47,N\A
14,2013/02/18,15239,65,107,68,14824,0,224,64,247,249,35,3,N\A
14,2013/02/26,15207,65,107,80,14863,0,223,58,247,248,16,142,N\A
14,2013/03/06,15352,65,106,56,14873,0,224,67,247,248,143,223,N\A
14,2013/03/14,15402,65,105,52,14918,0,223,55,247,248,64,41,N\A
14,2013/03/22,15391,65,108,78,14961,0,224,67,247,248,235,223,N\A
14,2013/03/30,15492,0,102,18,14983,0,225,79,247,248,2,99,N\A
14,2013/04/07,15380,0,101,11,14939,0,226,98,246,248,4,4,N\A
14,2013/04/15,0,2,255,255,15030,0,223,57,246,249,0,32,N\A
14,2013/04/23,0,2,255,255,0,2,255,255,0,0,0,0,N\A
14,2013/05/01,0,2,255,255,14977,0,223,62,247,249,0,139,N\A
14,2013/05/09,0,2,255,255,0,2,255,255,0,0,0,0,N\A
14,2013/05/17,0,2,255,255,0,2,255,255,0,0,0,0,N\A
14,2013/05/25,0,2,255,255,0,2,255,255,0,0,0,0,N\A
14,2013/06/02,0,2,255,255,0,2,255,255,0,0,0,0,N\A
14,2013/06/10,0,2,255,255,0,2,255,255,0,0,0,0,N\A
14,2013/06/18,0,2,255,255,0,2,255,255,0,0,0,0,N\A
14,2013/06/26,15274,65,107,66,14914,65,224,71,247,249,32,16,N\A
14,2013/07/04,0,2,255,255,0,2,255,255,0,0,0,0,N\A
14,2013/07/12,0,2,255,255,0,2,255,255,0,0,0,0,N\A
14,2013/07/20,0,2,255,255,0,2,255,255,0,0,0,0,N\A
14,2013/07/28,0,2,255,255,0,2,255,255,0,0,0,0,N\A
14,2013/08/05,0,2,255,255,0,2,255,255,0,0,0,0,N\A
14,2013/08/13,0,2,255,255,0,2,255,255,0,0,0,0,N\A
14,2013/08/21,0,2,255,255,0,2,255,255,0,0,0,0,N\A
14,2013/08/29,0,2,255,255,0,2,255,255,0,0,0,0,N\A
14,2013/09/06,0,2,255,255,0,2,255,255,0,0,0,0,N\A
14,2013/09/14,0,2,255,255,0,2,255,255,0,0,0,0,N\A
14,2013/09/22,0,2,255,255,0,2,255,255,0,0,0,0,N\A
14,2013/09/30,0,2,255,255,0,2,255,255,0,0,0,0,N\A
14,2013/10/08,15049,0,109,100,14967,0,225,85,247,248,17,8,N\A
14,2013/10/16,15077,65,109,83,0,2,255,255,247,248,192,0,N\A
14,2013/10/24,15105,0,107,71,14920,65,224,68,247,248,223,97,N\A
14,2013/11/01,15236,0,105,51,14900,0,223,57,247,249,63,15,N\A
14,2013/11/09,0,2,255,255,0,2,255,255,0,0,0,0,N\A
14,2013/11/17,15143,65,107,66,14813,65,226,94,247,248,32,21,N\A
14,2013/11/25,15052,65,109,93,14664,0,230,127,247,249,196,64,N\A
14,2013/12/03,14993,0,104,39,14618,65,225,80,247,248,189,65,N\A
14,2013/12/11,14996,65,108,83,14750,0,222,47,247,248,199,12,N\A
14,2013/12/19,14961,0,106,60,14575,0,224,73,247,248,255,211,N\A
14,2013/12/27,14940,0,108,81,14547,0,224,72,247,248,23,11,N\A
15,2013/01/01,15002,0,105,42,14734,65,224,72,246,248,150,214,N\A
15,2013/01/09,15099,0,108,74,14803,0,223,55,246,248,223,175,N\A
15,2013/01/17,15034,0,105,52,14756,65,223,63,246,248,191,83,N\A
15,2013/01/25,15036,0,111,105,14738,65,223,58,246,248,144,15,N\A
15,2013/02/02,15201,0,106,59,14866,0,224,74,246,248,44,84,N\A
15,2013/02/10,15319,0,109,95,14827,0,224,67,246,248,20,46,N\A
15,2013/02/18,15375,0,108,78,14853,65,219,15,246,248,130,2,N\A
15,2013/02/26,15306,65,108,84,14842,0,223,61,246,248,16,142,N\A
15,2013/03/06,15265,0,106,52,14878,0,224,78,246,248,7,221,N\A
15,2013/03/14,15373,65,106,55,14933,0,224,75,246,248,64,40,N\A
15,2013/03/22,15596,65,106,56,14954,0,223,61,246,248,160,222,N\A
15,2013/03/30,15634,65,103,20,14996,0,224,65,246,248,2,35,N\A
15,2013/04/07,15577,65,106,55,14882,0,228,110,246,248,12,5,N\A
15,2013/04/15,15569,65,108,84,15021,0,224,75,246,248,16,40,N\A
15,2013/04/23,0,2,255,255,0,2,255,255,0,0,0,0,N\A
15,2013/05/01,0,2,255,255,14988,0,222,48,246,248,0,7,N\A
15,2013/05/09,0,2,255,255,0,2,255,255,0,0,0,0,N\A
15,2013/05/17,0,2,255,255,0,2,255,255,0,0,0,0,N\A
15,2013/05/25,0,2,255,255,0,2,255,255,0,0,0,0,N\A
15,2013/06/02,0,2,255,255,0,2,255,255,0,0,0,0,N\A
15,2013/06/10,0,2,255,255,0,2,255,255,0,0,0,0,N\A
15,2013/06/18,0,2,255,255,0,2,255,255,0,0,0,0,N\A
15,2013/06/26,15178,65,108,83,0,2,255,255,246,248,40,0,N\A
15,2013/07/04,0,2,255,255,0,2,255,255,0,0,0,0,N\A
15,2013/07/12,0,2,255,255,0,2,255,255,0,0,0,0,N\A
15,2013/07/20,0,2,255,255,0,2,255,255,0,0,0,0,N\A
15,2013/07/28,0,2,255,255,0,2,255,255,0,0,0,0,N\A
15,2013/08/05,0,2,255,255,0,2,255,255,0,0,0,0,N\A
15,2013/08/13,0,2,255,255,0,2,255,255,0,0,0,0,N\A
15,2013/08/21,0,2,255,255,0,2,255,255,0,0,0,0,N\A
15,2013/08/29,15039,65,104,30,0,2,255,255,246,248,1,0,N\A
15,2013/09/06,0,2,255,255,0,2,255,255,0,0,0,0,N\A
15,2013/09/14,0,2,255,255,0,2,255,255,0,0,0,0,N\A
15,2013/09/22,0,2,255,255,0,2,255,255,0,0,0,0,N\A
15,2013/09/30,0,2,255,255,0,2,255,255,0,0,0,0,N\A
15,2013/10/08,0,2,255,255,15054,0,225,89,246,248,0,8,N\A
15,2013/10/16,15077,65,105,41,15011,0,222,46,246,248,128,64,N\A
15,2013/10/24,15078,0,105,37,14949,65,226,87,246,248,66,75,N\A
15,2013/11/01,15118,65,104,41,15014,0,223,59,246,248,61,15,N\A
15,2013/11/09,15051,65,109,95,0,2,255,255,246,248,20,0,N\A
15,2013/11/17,15042,65,109,92,14844,0,225,88,246,248,34,20,N\A
15,2013/11/25,14979,0,108,75,14588,65,231,128,246,248,220,64,N\A
15,2013/12/03,14950,0,106,56,14706,65,221,41,246,248,190,88,N\A
15,2013/12/11,14956,0,110,93,14811,65,225,78,246,248,135,138,N\A
15,2013/12/19,14945,0,105,52,14596,65,224,78,246,248,191,221,N\A
15,2013/12/27,14846,0,107,70,14588,0,224,67,246,248,22,3,N\A
16,2013/01/01,15472,0,108,79,14756,65,224,72,244,246,130,198,N\A
16,2013/01/09,15384,0,109,86,14711,65,224,65,245,248,215,171,N\A
16,2013/01/17,15373,0,107,65,14664,65,223,58,245,247,47,79,N\A
16,2013/01/25,15136,65,108,85,14765,65,220,25,246,249,16,1,N\A
16,2013/02/02,15396,65,107,70,14857,0,226,89,246,248,32,20,N\A
16,2013/02/10,15441,65,107,70,14776,0,221,40,245,247,22,141,N\A
16,2013/02/18,15453,65,109,97,0,2,255,255,244,246,8,0,N\A
16,2013/02/26,0,2,255,255,14862,0,224,70,245,247,0,14,N\A
16,2013/03/06,15464,0,106,53,14854,0,224,62,245,247,7,222,N\A
16,2013/03/14,15572,65,106,56,14905,0,222,44,246,248,64,33,N\A
16,2013/03/22,15787,81,107,71,15004,0,224,62,246,248,32,222,N\A
16,2013/03/30,0,2,255,255,14931,65,221,45,245,248,0,19,N\A
16,2013/04/07,15767,65,102,13,14933,0,228,110,245,247,4,5,N\A
16,2013/04/15,15180,65,105,46,14995,0,225,77,245,247,24,40,N\A
16,2013/04/23,0,2,255,255,0,2,255,255,0,0,0,0,N\A
16,2013/05/01,0,2,255,255,15010,0,222,48,245,247,0,7,N\A
16,2013/05/09,0,2,255,255,0,2,255,255,0,0,0,0,N\A
16,2013/05/17,0,2,255,255,0,2,255,255,0,0,0,0,N\A
16,2013/05/25,0,2,255,255,0,2,255,255,0,0,0,0,N\A
16,2013/06/02,0,2,255,255,0,2,255,255,0,0,0,0,N\A
16,2013/06/10,15098,65,107,71,0,2,255,255,246,248,32,0,N\A
16,2013/06/18,0,2,255,255,0,2,255,255,0,0,0,0,N\A
16,2013/06/26,0,2,255,255,0,2,255,255,0,0,0,0,N\A
16,2013/07/04,0,2,255,255,0,2,255,255,0,0,0,0,N\A
16,2013/07/12,0,2,255,255,14619,65,229,118,243,246,0,1,N\A
16,2013/07/20,0,2,255,255,0,2,255,255,0,0,0,0,N\A
16,2013/07/28,0,2,255,255,0,2,255,255,0,0,0,0,N\A
16,2013/08/05,0,2,255,255,0,2,255,255,0,0,0,0,N\A
16,2013/08/13,0,2,255,255,0,2,255,255,0,0,0,0,N\A
16,2013/08/21,0,2,255,255,0,2,255,255,0,0,0,0,N\A
16,2013/08/29,15029,81,104,30,0,2,255,255,242,245,1,0,N\A
16,2013/09/06,0,2,255,255,0,2,255,255,0,0,0,0,N\A
16,2013/09/14,0,2,255,255,0,2,255,255,0,0,0,0,N\A
16,2013/09/22,0,2,255,255,0,2,255,255,0,0,0,0,N\A
16,2013/09/30,0,2,255,255,0,2,255,255,0,0,0,0,N\A
16,2013/10/08,14998,65,106,66,15019,0,225,90,246,248,28,8,N\A
16,2013/10/16,15149,0,106,56,14940,0,226,86,245,247,160,192,N\A
16,2013/10/24,15025,65,108,74,14911,65,224,68,246,248,223,233,N\A
16,2013/11/01,15132,0,105,53,14895,0,223,60,245,247,191,15,N\A
16,2013/11/09,0,2,255,255,0,2,255,255,0,0,0,0,N\A
16,2013/11/17,15233,0,107,70,14788,65,226,89,246,248,32,20,N\A
16,2013/11/25,14953,81,109,89,14596,65,227,96,245,247,208,96,N\A
16,2013/12/03,15211,0,108,76,14616,65,221,36,245,247,162,90,N\A
16,2013/12/11,15143,65,109,81,14648,65,224,66,245,247,195,204,N\A
16,2013/12/19,15243,0,106,61,14450,65,224,70,245,247,175,223,N\A
16,2013/12/27,15124,65,110,105,14418,65,221,45,246,248,21,19,N\A
17,2013/01/01,14978,0,107,65,14779,0,223,60,246,246,207,139,N\A
17,2013/01/09,15185,0,106,59,14856,0,223,57,246,247,95,239,N\A
17,2013/01/17,15042,0,105,54,14791,65,226,83,246,246,175,168,N\A
17,2013/01/25,15008,65,108,80,0,2,255,255,247,246,199,0,N\A
17,2013/02/02,15128,0,106,66,14962,0,227,94,246,247,46,52,N\A
17,2013/02/10,15116,0,107,71,14906,0,222,45,247,247,214,143,N\A
17,2013/02/18,15099,0,104,34,14879,0,219,10,246,246,36,2,N\A
17,2013/02/26,15103,0,108,78,14940,0,223,52,247,247,150,142,N\A
17,2013/03/06,15186,0,106,64,14929,0,226,83,246,246,239,231,N\A
17,2013/03/14,15238,0,106,63,14987,0,223,55,247,248,83,171,N\A
17,2013/03/22,15388,0,107,74,15008,0,225,70,246,246,235,255,N\A
17,2013/03/30,15388,0,105,54,15009,0,223,57,246,247,70,35,N\A
17,2013/04/07,15401,0,105,48,14907,0,224,61,246,247,12,3,N\A
17,2013/04/15,15485,0,107,75,15002,0,224,65,247,247,16,40,N\A
17,2013/04/23,15145,65,109,81,14976,0,229,119,246,246,192,128,N\A
17,2013/05/01,15322,0,105,51,15009,0,224,66,246,247,12,11,N\A
17,2013/05/09,15321,65,106,59,0,2,255,255,251,249,32,0,N\A
17,2013/05/17,0,2,255,255,0,2,255,255,0,0,0,0,N\A
17,2013/05/25,0,2,255,255,0,2,255,255,0,0,0,0,N\A
17,2013/06/02,0,2,255,255,0,2,255,255,0,0,0,0,N\A
17,2013/06/10,0,2,255,255,0,2,255,255,0,0,0,0,N\A
17,2013/06/18,0,2,255,255,0,2,255,255,0,0,0,0,N\A
17,2013/06/26,15123,65,106,59,14921,0,225,77,247,248,32,20,N\A
17,2013/07/04,0,2,255,255,0,2,255,255,0,0,0,0,N\A
17,2013/07/12,0,2,255,255,0,2,255,255,0,0,0,0,N\A
17,2013/07/20,0,2,255,255,0,2,255,255,0,0,0,0,N\A
17,2013/07/28,0,2,255,255,0,2,255,255,0,0,0,0,N\A
17,2013/08/05,0,2,255,255,0,2,255,255,0,0,0,0,N\A
17,2013/08/13,0,2,255,255,0,2,255,255,0,0,0,0,N\A
17,2013/08/21,0,2,255,255,0,2,255,255,0,0,0,0,N\A
17,2013/08/29,0,2,255,255,0,2,255,255,0,0,0,0,N\A
17,2013/09/06,0,2,255,255,0,2,255,255,0,0,0,0,N\A
17,2013/09/14,0,2,255,255,0,2,255,255,0,0,0,0,N\A
17,2013/09/22,0,2,255,255,0,2,255,255,0,0,0,0,N\A
17,2013/09/30,0,2,255,255,0,2,255,255,0,0,0,0,N\A
17,2013/10/08,15129,0,108,87,0,2,255,255,247,248,20,0,N\A
17,2013/10/16,14671,65,113,128,14890,0,222,36,246,247,64,64,N\A
17,2013/10/24,15000,0,107,68,14899,0,224,67,246,247,223,105,N\A
17,2013/11/01,15085,0,106,66,14890,0,222,53,247,246,46,15,N\A
17,2013/11/09,15064,0,102,14,14907,65,225,78,248,248,2,8,N\A
17,2013/11/17,14994,0,108,88,0,2,255,255,246,247,8,0,N\A
17,2013/11/25,14802,0,109,84,14773,65,227,87,246,245,192,96,N\A
17,2013/12/03,14867,0,106,60,14719,65,224,62,247,247,174,87,N\A
17,2013/12/11,14908,65,107,75,14777,65,224,64,247,247,211,170,N\A
17,2013/12/19,14856,0,106,56,14565,65,225,79,247,247,205,253,N\A
17,2013/12/27,14833,0,107,77,14607,65,227,103,247,247,23,2,N\A
18,2013/01/01,15294,17,109,93,14869,81,225,72,240,243,194,195,N\A
18,2013/01/09,15269,81,105,55,14953,17,223,61,240,243,27,239,N\A
18,2013/01/17,15139,81,106,67,14839,81,224,64,240,243,239,207,N\A
18,2013/01/25,15161,81,109,88,14909,145,225,83,240,243,192,8,N\A
18,2013/02/02,15202,81,105,51,14852,17,222,55,240,243,172,28,N\A
18,2013/02/10,15100,81,107,76,14941,17,223,54,241,243,29,15,N\A
18,2013/02/18,15166,81,105,51,14903,17,224,63,240,243,51,3,N\A
18,2013/02/26,15208,81,105,51,14997,17,224,73,240,243,30,138,N\A
18,2013/03/06,15193,81,107,77,14932,17,224,65,240,243,235,223,N\A
18,2013/03/14,15422,81,111,119,14996,17,222,47,240,243,1,169,N\A
18,2013/03/22,15316,81,106,62,15079,17,224,65,240,243,127,223,N\A
18,2013/03/30,15377,81,106,60,15061,81,225,78,240,243,6,107,N\A
18,2013/04/07,15262,65,101,10,14992,81,227,106,240,243,4,5,N\A
18,2013/04/15,15323,145,105,50,15060,17,224,70,240,243,64,40,N\A
18,2013/04/23,15221,81,107,79,0,2,255,255,240,243,40,0,N\A
18,2013/05/01,15371,81,108,91,15082,81,224,70,240,243,69,11,N\A
18,2013/05/09,15355,145,105,50,0,2,255,255,240,243,160,0,N\A
18,2013/05/17,15228,145,106,64,0,2,255,255,240,243,80,0,N\A
18,2013/05/25,15251,81,104,37,0,2,255,255,240,243,128,0,N\A
18,2013/06/02,0,2,255,255,15012,145,223,54,240,243,0,32,N\A
18,2013/06/10,15105,81,104,37,0,2,255,255,240,243,128,0,N\A
18,2013/06/18,0,2,255,255,0,2,255,255,0,0,0,0,N\A
18,2013/06/26,15208,81,101,10,15019,81,224,69,241,243,4,16,N\A
18,2013/07/04,0,2,255,255,0,2,255,255,0,0,0,0,N\A
18,2013/07/12,0,2,255,255,0,2,255,255,0,0,0,0,N\A
18,2013/07/20,0,2,255,255,0,2,255,255,0,0,0,0,N\A
18,2013/07/28,0,2,255,255,0,2,255,255,0,0,0,0,N\A
18,2013/08/05,0,2,255,255,0,2,255,255,0,0,0,0,N\A
18,2013/08/13,0,2,255,255,0,2,255,255,0,0,0,0,N\A
18,2013/08/21,0,2,255,255,0,2,255,255,0,0,0,0,N\A
18,2013/08/29,0,2,255,255,0,2,255,255,0,0,0,0,N\A
18,2013/09/06,0,2,255,255,0,2,255,255,0,0,0,0,N\A
18,2013/09/14,0,2,255,255,0,2,255,255,0,0,0,0,N\A
18,2013/09/22,0,2,255,255,0,2,255,255,0,0,0,0,N\A
18,2013/09/30,0,2,255,255,0,2,255,255,0,0,0,0,N\A
18,2013/10/08,15238,81,107,79,0,2,255,255,240,243,16,0,N\A
18,2013/10/16,15191,145,104,36,0,2,255,255,240,243,128,0,N\A
18,2013/10/24,15197,81,106,62,14923,81,224,66,240,243,95,97,N\A
18,2013/11/01,15242,81,105,51,14946,17,221,36,240,243,63,14,N\A
18,2013/11/09,15065,81,106,66,0,2,255,255,241,244,22,0,N\A
18,2013/11/17,15097,81,107,78,0,2,255,255,240,243,40,0,N\A
18,2013/11/25,15036,81,106,60,14823,81,227,90,240,243,200,96,N\A
18,2013/12/03,15074,17,105,57,14788,81,226,88,240,243,175,213,N\A
18,2013/12/11,15124,81,106,62,14750,81,229,116,241,243,67,66,N\A
18,2013/12/19,15096,17,106,67,14721,81,224,71,240,243,239,211,N\A
18,2013/12/27,15052,17,107,80,14748,81,224,70,240,243,23,11,N\A
19,2013/01/01,15104,0,106,55,14822,0,225,79,246,248,134,199,N\A
19,2013/01/09,15155,0,107,74,14875,0,223,63,247,248,223,239,N\A
19,2013/01/17,15101,0,105,51,14818,65,223,58,247,248,191,95,N\A
19,2013/01/25,15068,65,111,105,14794,65,227,108,246,248,144,2,N\A
19,2013/02/02,15304,0,104,40,14906,0,225,86,247,249,36,20,N\A
19,2013/02/10,15067,65,108,78,14959,0,222,43,247,248,29,45,N\A
19,2013/02/18,15109,65,106,60,14916,0,219,14,247,248,175,2,N\A
19,2013/02/26,15140,65,110,103,14930,0,224,76,247,248,21,138,N\A
19,2013/03/06,15202,65,106,60,14938,0,225,78,247,248,175,215,N\A
19,2013/03/14,15098,65,108,74,14910,0,222,41,247,249,19,33,N\A
19,2013/03/22,15414,65,105,44,15048,0,223,59,247,248,183,222,N\A
19,2013/03/30,15377,65,106,60,14979,0,225,80,247,248,70,99,N\A
19,2013/04/07,15418,65,102,12,14933,0,227,108,247,248,4,5,N\A
19,2013/04/15,15431,65,107,69,15028,0,224,73,247,249,80,40,N\A
19,2013/04/23,15298,65,107,69,0,2,255,255,247,249,136,0,N\A
19,2013/05/01,15328,65,108,75,14998,0,224,66,247,248,71,3,N\A
19,2013/05/09,15189,65,105,46,0,2,255,255,247,248,161,0,N\A
19,2013/05/17,15265,65,106,54,0,2,255,255,247,248,64,0,N\A
19,2013/05/25,15332,65,107,68,0,2,255,255,248,249,136,0,N\A
19,2013/06/02,15106,65,103,19,14953,65,223,58,247,248,2,32,N\A
19,2013/06/10,15072,65,106,55,0,2,255,255,248,249,160,0,N\A
19,2013/06/18,14769,65,111,114,0,2,255,255,247,248,5,0,N\A
19,2013/06/26,15025,65,105,43,14935,65,225,86,247,249,188,20,N\A
19,2013/07/04,0,2,255,255,0,2,255,255,0,0,0,0,N\A
19,2013/07/12,0,2,255,255,0,2,255,255,0,0,0,0,N\A
19,2013/07/20,0,2,255,255,0,2,255,255,0,0,0,0,N\A
19,2013/07/28,0,2,255,255,0,2,255,255,0,0,0,0,N\A
19,2013/08/05,0,2,255,255,0,2,255,255,0,0,0,0,N\A
19,2013/08/13,0,2,255,255,0,2,255,255,0,0,0,0,N\A
19,2013/08/21,14583,65,113,126,0,2,255,255,247,248,128,0,N\A
19,2013/08/29,14901,65,104,29,0,2,255,255,247,248,1,0,N\A
19,2013/09/06,0,2,255,255,0,2,255,255,0,0,0,0,N\A
19,2013/09/14,0,2,255,255,0,2,255,255,0,0,0,0,N\A
19,2013/09/22,14990,65,109,95,0,2,255,255,248,249,20,0,N\A
19,2013/09/30,0,2,255,255,0,2,255,255,0,0,0,0,N\A
19,2013/10/08,14915,65,107,69,14943,0,225,86,247,249,22,8,N\A
19,2013/10/16,15005,0,103,26,14813,65,226,83,247,248,132,192,N\A
19,2013/10/24,15092,65,107,73,14910,0,225,80,247,248,223,107,N\A
19,2013/11/01,15231,0,106,63,14955,0,221,38,247,248,47,14,N\A
19,2013/11/09,14996,65,105,53,14798,65,220,22,247,248,94,1,N\A
19,2013/11/17,14981,65,109,92,0,2,255,255,247,248,42,0,N\A
19,2013/11/25,14950,0,109,85,14668,65,230,128,246,248,215,64,N\A
19,2013/12/03,14958,0,106,64,14826,65,225,86,247,249,186,20,N\A
19,2013/12/11,14886,65,109,85,14801,65,223,59,247,248,215,142,N\A
19,2013/12/19,14927,0,105,52,14703,65,221,40,247,248,191,88,N\A
19,2013/12/27,14824,0,108,82,14667,65,227,109,247,248,23,2,N\A
20,2013/01/01,14982,65,105,48,14728,65,224,75,247,248,182,211,N\A
20,2013/01/09,15171,0,108,74,14808,0,223,63,247,249,223,171,N\A
20,2013/01/17,15117,0,105,52,14786,65,224,71,247,248,191,87,N\A
20,2013/01/25,15056,0,111,105,14787,65,224,67,247,248,144,3,N\A
20,2013/02/02,15204,65,105,41,14865,0,225,88,247,249,36,20,N\A
20,2013/02/10,15280,0,107,70,14839,0,223,58,247,248,22,47,N\A
20,2013/02/18,15273,65,108,78,14874,0,219,15,247,249,130,2,N\A
20,2013/02/26,15239,65,109,95,14891,0,225,77,247,249,20,138,N\A
20,2013/03/06,15279,0,107,64,14892,0,224,68,247,248,163,223,N\A
20,2013/03/14,15363,0,106,56,14966,0,224,75,247,249,64,40,N\A
20,2013/03/22,15383,0,105,45,15030,0,223,61,247,248,183,222,N\A
20,2013/03/30,15387,65,106,61,15014,0,224,65,247,248,70,35,N\A
20,2013/04/07,15446,0,102,13,14997,0,226,101,247,248,4,4,N\A
20,2013/04/15,0,2,255,255,14991,0,224,75,247,249,0,40,N\A
20,2013/04/23,0,2,255,255,0,2,255,255,0,0,0,0,N\A
20,2013/05/01,0,2,255,255,15018,0,224,67,247,249,0,3,N\A
20,2013/05/09,0,2,255,255,0,2,255,255,0,0,0,0,N\A
20,2013/05/17,0,2,255,255,0,2,255,255,0,0,0,0,N\A
20,2013/05/25,0,2,255,255,0,2,255,255,0,0,0,0,N\A
20,2013/06/02,0,2,255,255,0,2,255,255,0,0,0,0,N\A
20,2013/06/10,0,2,255,255,0,2,255,255,0,0,0,0,N\A
20,2013/06/18,0,2,255,255,0,2,255,255,0,0,0,0,N\A
20,2013/06/26,15049,65,109,96,0,2,255,255,249,248,8,0,N\A
20,2013/07/04,0,2,255,255,0,2,255,255,0,0,0,0,N\A
20,2013/07/12,0,2,255,255,0,2,255,255,0,0,0,0,N\A
20,2013/07/20,0,2,255,255,0,2,255,255,0,0,0,0,N\A
20,2013/07/28,0,2,255,255,0,2,255,255,0,0,0,0,N\A
20,2013/08/05,0,2,255,255,0,2,255,255,0,0,0,0,N\A
20,2013/08/13,0,2,255,255,0,2,255,255,0,0,0,0,N\A
20,2013/08/21,0,2,255,255,0,2,255,255,0,0,0,0,N\A
20,2013/08/29,0,2,255,255,0,2,255,255,0,0,0,0,N\A
20,2013/09/06,0,2,255,255,0,2,255,255,0,0,0,0,N\A
20,2013/09/14,0,2,255,255,0,2,255,255,0,0,0,0,N\A
20,2013/09/22,0,2,255,255,0,2,255,255,0,0,0,0,N\A
20,2013/09/30,0,2,255,255,0,2,255,255,0,0,0,0,N\A
20,2013/10/08,15248,0,108,84,14966,0,225,88,247,249,16,8,N\A
20,2013/10/16,15190,0,105,41,14970,0,222,45,247,249,128,64,N\A
20,2013/10/24,15110,0,108,74,14888,65,226,87,247,248,223,67,N\A
20,2013/11/01,15221,0,106,54,14932,0,223,59,247,248,63,15,N\A
20,2013/11/09,15151,65,103,20,0,2,255,255,247,248,2,0,N\A
20,2013/11/17,14992,65,109,93,14809,65,225,88,247,249,42,20,N\A
20,2013/11/25,14983,0,109,93,14689,65,227,94,247,249,212,96,N\A
20,2013/12/03,15014,0,106,65,14625,65,225,79,247,249,186,81,N\A
20,2013/12/11,14979,0,110,94,14674,65,224,65,247,248,135,204,N\A
20,2013/12/19,15013,0,105,52,14563,65,224,68,247,248,191,223,N\A
20,2013/12/27,14888,0,106,52,14600,65,228,110,246,248,18,2,N\A
21,2013/01/01,15274,17,111,114,14829,81,219,13,241,243,2,2,N\A
21,2013/01/09,15149,81,108,82,14886,81,223,56,243,244,221,47,N\A
21,2013/01/17,15151,17,108,76,14815,17,223,61,243,244,43,219,N\A
21,2013/01/25,15135,0,110,90,14784,65,229,118,243,243,192,66,N\A
21,2013/02/02,15058,65,105,53,14892,81,224,71,243,244,12,84,N\A
21,2013/02/10,15275,17,109,94,14940,17,222,42,243,244,20,45,N\A
21,2013/02/18,15197,65,108,77,14908,17,219,13,244,245,130,2,N\A
21,2013/02/26,15251,65,105,51,14934,81,224,75,243,244,18,138,N\A
21,2013/03/06,15282,17,107,63,14906,17,224,73,244,244,163,211,N\A
21,2013/03/14,15176,65,109,88,14960,17,222,39,243,245,65,33,N\A
21,2013/03/22,15401,81,105,44,15035,17,223,58,243,245,183,222,N\A
21,2013/03/30,15444,81,103,19,14984,81,225,79,242,244,2,99,N\A
21,2013/04/07,15446,81,102,12,14962,81,228,116,242,244,4,1,N\A
21,2013/04/15,15456,81,108,83,15064,17,223,57,241,244,16,32,N\A
21,2013/04/23,0,2,255,255,14998,145,224,72,243,245,0,16,N\A
21,2013/05/01,15348,81,110,106,15032,81,224,65,244,245,4,3,N\A
21,2013/05/09,0,2,255,255,0,2,255,255,0,0,0,0,N\A
21,2013/05/17,15515,81,106,53,0,2,255,255,243,244,64,0,N\A
21,2013/05/25,0,2,255,255,0,2,255,255,0,0,0,0,N\A
21,2013/06/02,15309,145,106,54,14982,145,223,57,243,244,64,32,N\A
21,2013/06/10,0,2,255,255,0,2,255,255,0,0,0,0,N\A
21,2013/06/18,0,2,255,255,0,2,255,255,0,0,0,0,N\A
21,2013/06/26,15194,81,105,49,15014,81,224,71,243,244,140,16,N\A
21,2013/07/04,0,2,255,255,0,2,255,255,0,0,0,0,N\A
21,2013/07/12,14984,81,111,114,0,2,255,255,241,244,2,0,N\A
21,2013/07/20,0,2,255,255,0,2,255,255,0,0,0,0,N\A
21,2013/07/28,0,2,255,255,0,2,255,255,0,0,0,0,N\A
21,2013/08/05,0,2,255,255,0,2,255,255,0,0,0,0,N\A
21,2013/08/13,0,2,255,255,0,2,255,255,0,0,0,0,N\A
21,2013/08/21,0,2,255,255,0,2,255,255,0,0,0,0,N\A
21,2013/08/29,15021,81,103,29,0,2,255,255,241,243,1,0,N\A
21,2013/09/06,0,2,255,255,0,2,255,255,0,0,0,0,N\A
21,2013/09/14,0,2,255,255,0,2,255,255,0,0,0,0,N\A
21,2013/09/22,0,2,255,255,0,2,255,255,0,0,0,0,N\A
21,2013/09/30,0,2,255,255,0,2,255,255,0,0,0,0,N\A
21,2013/10/08,15347,81,108,82,0,2,255,255,243,244,16,0,N\A
21,2013/10/16,15223,81,105,39,0,2,255,255,243,245,128,0,N\A
21,2013/10/24,15216,81,106,64,14908,65,224,64,243,245,95,3,N\A
21,2013/11/01,15282,81,105,58,14918,17,222,46,242,244,62,30,N\A
21,2013/11/09,15133,81,106,62,14894,145,220,21,243,245,6,1,N\A
21,2013/11/17,14981,81,111,114,0,2,255,255,243,244,2,0,N\A
21,2013/11/25,15047,81,109,87,0,2,255,255,242,244,208,0,N\A
21,2013/12/03,14954,17,106,61,14610,65,228,116,243,244,59,1,N\A
21,2013/12/11,15012,0,113,124,14620,81,226,79,243,244,129,192,N\A
21,2013/12/19,15060,17,106,58,14642,81,226,88,242,244,187,209,N\A
21,2013/12/27,14959,17,107,69,14661,81,223,54,242,244,22,9,N\A
22,2013/01/01,14972,0,105,45,14733,0,225,80,247,248,183,199,N\A
22,2013/01/09,15144,0,108,74,14810,0,223,62,247,248,223,171,N\A
22,2013/01/17,15067,0,105,52,14723,65,225,79,247,248,191,215,N\A
22,2013/01/25,14997,0,111,105,14779,65,224,66,247,248,144,3,N\A
22,2013/02/02,15169,0,105,41,14823,0,225,87,247,248,164,20,N\A
22,2013/02/10,15233,0,107,70,14812,0,221,42,247,248,22,173,N\A
22,2013/02/18,15238,65,106,56,14815,0,219,14,247,249,134,2,N\A
22,2013/02/26,0,2,255,255,14860,0,223,60,247,249,0,142,N\A
22,2013/03/06,15320,0,107,72,14869,0,224,65,246,248,35,210,N\A
22,2013/03/14,15205,65,108,83,14883,0,223,57,246,248,84,41,N\A
22,2013/03/22,15396,65,104,31,14992,0,223,60,246,248,181,222,N\A
22,2013/03/30,15358,65,103,20,14963,0,225,80,247,249,2,99,N\A
22,2013/04/07,15494,65,102,13,14817,0,227,109,247,249,4,5,N\A
22,2013/04/15,14976,65,101,6,14979,0,224,74,246,248,8,40,N\A
22,2013/04/23,15230,65,107,70,0,2,255,255,247,249,136,0,N\A
22,2013/05/01,0,2,255,255,14998,0,224,66,247,249,0,3,N\A
22,2013/05/09,0,2,255,255,0,2,255,255,0,0,0,0,N\A
22,2013/05/17,0,2,255,255,0,2,255,255,0,0,0,0,N\A
22,2013/05/25,0,2,255,255,0,2,255,255,0,0,0,0,N\A
22,2013/06/02,0,2,255,255,0,2,255,255,0,0,0,0,N\A
22,2013/06/10,0,2,255,255,0,2,255,255,0,0,0,0,N\A
22,2013/06/18,0,2,255,255,0,2,255,255,0,0,0,0,N\A
22,2013/06/26,15135,65,109,96,0,2,255,255,246,248,8,0,N\A
22,2013/07/04,0,2,255,255,0,2,255,255,0,0,0,0,N\A
22,2013/07/12,0,2,255,255,0,2,255,255,0,0,0,0,N\A
22,2013/07/20,0,2,255,255,0,2,255,255,0,0,0,0,N\A
22,2013/07/28,0,2,255,255,0,2,255,255,0,0,0,0,N\A
22,2013/08/05,0,2,255,255,0,2,255,255,0,0,0,0,N\A
22,2013/08/13,0,2,255,255,0,2,255,255,0,0,0,0,N\A
22,2013/08/21,0,2,255,255,0,2,255,255,0,0,0,0,N\A
22,2013/08/29,0,2,255,255,0,2,255,255,0,0,0,0,N\A
22,2013/09/06,0,2,255,255,0,2,255,255,0,0,0,0,N\A
22,2013/09/14,0,2,255,255,0,2,255,255,0,0,0,0,N\A
22,2013/09/22,0,2,255,255,0,2,255,255,0,0,0,0,N\A
22,2013/09/30,0,2,255,255,0,2,255,255,0,0,0,0,N\A
22,2013/10/08,15203,65,107,70,14974,0,225,87,246,248,80,8,N\A
22,2013/10/16,15032,65,103,27,14957,0,222,45,246,248,132,64,N\A
22,2013/10/24,15083,65,108,74,14899,0,225,80,247,248,223,99,N\A
22,2013/11/01,15204,65,106,63,14855,0,224,73,247,248,15,13,N\A
22,2013/11/09,15088,65,107,70,0,2,255,255,247,248,22,0,N\A
22,2013/11/17,14930,65,108,83,14894,0,224,74,246,248,40,16,N\A
22,2013/11/25,14959,65,110,99,14727,65,222,46,246,248,213,160,N\A
22,2013/12/03,14939,0,106,59,14655,65,222,55,247,248,187,73,N\A
22,2013/12/11,14969,0,109,89,14580,0,226,81,247,248,131,192,N\A
22,2013/12/19,14982,0,105,53,14554,0,224,68,247,248,191,223,N\A
22,2013/12/27,14864,0,108,83,14559,0,224,66,247,249,23,3,N\A