site-id,lat,lon,tile-h,tile-v,pixel-col,pixel_row
1,14.82651,99.67715,27,7,763,620
2,15.10653,100.02415,27,7,788,587
3,14.53313,100.12565,27,7,830,656
4,14.6705,100.37515,27,7,852,639
5,14.76528,100.44693,27,7,855,628
6,14.52054,100.55989,27,7,881,657
7,14.51312,100.82942,27,7,913,658
8,14.29234,100.13954,27,7,844,684
9,14.28868,100.60973,27,7,899,685
10,14.34029,100.86974,27,7,927,679
11,14.2546,101.06443,27,7,954,689
12,14.05285,100.1741,27,7,861,713
13,14.1545,100.50478,27,7,894,701
14,13.89866,100.8131,27,7,943,732
15,13.96792,101.20529,27,7,985,723
16,14.05771,101.35052,27,7,997,713
17,13.49009,100.06744,27,7,876,781
18,13.59776,100.58941,27,7,932,768
19,13.58976,101.03383,27,7,984,769
20,13.72198,101.2018,27,7,997,753
21,13.33792,100.93623,27,7,985,799
22,13.50474,101.16583,27,7,1004,779
id,Date,8-day daytime 1km grid Land-surface Temperature,Quality control for daytime LST and emissivity,Average time of daytime Land-surface Temperature observation,Average view zenith angle of daytime Land-surface Temperature,8-day nighttime 1km grid Land-surface Temperature,Quality control for nighttime LST and emissivity,Average time of nighttime Land-surface Temperature observation,Average view zenith angle of nighttime Land-surface Temperature,Band 31 emissivity,Band 32 emissivity,the days in clear-sky conditions and with validate LSTs,the nights in clear-sky conditions and with validate LSTs,actual_date
1,2011/01/01,15085,0,107,66,14709,65,219,16,246,248,159,8,N\A
1,2011/01/09,14961,65,105,50,14509,65,222,54,246,248,122,248,N\A
1,2011/01/17,15121,0,106,61,14665,0,224,71,246,248,255,82,N\A
1,2011/01/25,15102,0,106,61,14596,65,221,41,246,248,90,101,N\A
1,2011/02/02,15258,0,106,61,14672,65,224,74,247,248,255,125,N\A
1,2011/02/10,15330,65,107,65,14803,0,223,51,247,248,78,222,N\A
1,2011/02/18,15247,65,105,51,14821,0,226,89,246,248,181,19,N\A
1,2011/02/26,15051,65,100,5,14850,65,223,59,246,248,32,60,N\A
1,2011/03/06,15483,65,108,69,14831,0,227,103,246,248,135,65,N\A
1,2011/03/14,0,2,255,255,14734,0,221,45,247,248,0,96,N\A
1,2011/03/22,15440,65,106,53,0,2,255,255,246,248,1,0,N\A
1,2011/03/30,0,2,255,255,14669,0,225,75,247,248,0,6,N\A
1,2011/04/07,15222,65,108,75,14849,65,226,102,246,248,178,16,N\A
1,2011/04/15,15271,65,107,65,14931,0,224,68,246,248,78,12,N\A
1,2011/04/23,15154,65,106,53,14856,0,227,102,246,248,1,16,N\A
1,2011/05/01,14696,65,103,19,0,2,255,255,246,248,8,0,N\A
1,2011/05/09,14865,65,102,12,0,2,255,255,246,248,16,0,N\A
1,2011/05/17,14994,65,102,19,0,2,255,255,246,247,8,0,N\A
1,2011/05/25,14740,65,99,0,14290,65,217,4,246,247,64,32,N\A
1,2011/06/02,0,2,255,255,0,2,255,255,0,0,0,0,N\A
1,2011/06/10,14882,65,111,113,0,2,255,255,246,248,8,0,N\A
1,2011/06/18,14938,65,102,19,0,2,255,255,246,248,8,0,N\A
1,2011/06/26,0,2,255,255,0,2,255,255,0,0,0,0,N\A
1,2011/07/04,15213,65,110,105,0,2,255,255,246,248,16,0,N\A
1,2011/07/12,0,2,255,255,0,2,255,255,0,0,0,0,N\A
1,2011/07/20,0,2,255,255,0,2,255,255,0,0,0,0,N\A
1,2011/07/28,0,2,255,255,0,2,255,255,0,0,0,0,N\A
1,2011/08/05,0,2,255,255,14919,65,222,48,246,248,0,1,N\A
1,2011/08/13,0,2,255,255,0,2,255,255,0,0,0,0,N\A
1,2011/08/21,14977,65,102,19,14738,65,225,75,246,248,8,6,N\A
1,2011/08/29,0,2,255,255,0,2,255,255,0,0,0,0,N\A
1,2011/09/06,0,2,255,255,0,2,255,255,0,0,0,0,N\A
1,2011/09/14,0,2,255,255,0,2,255,255,0,0,0,0,N\A
1,2011/09/22,0,2,255,255,0,2,255,255,0,0,0,0,N\A
1,2011/09/30,15225,65,105,53,0,2,255,255,246,248,1,0,N\A
1,2011/10/08,14948,65,108,76,0,2,255,255,246,248,82,0,N\A
1,2011/10/16,14931,65,103,35,14418,65,228,118,246,247,192,4,N\A
1,2011/10/24,14978,65,106,66,14805,65,223,63,246,248,124,233,N\A
1,2011/11/01,15095,65,107,69,14713,0,224,69,246,248,239,127,N\A
1,2011/11/09,15078,65,108,82,14741,65,223,59,247,248,92,255,N\A
1,2011/11/17,15105,0,108,76,14757,65,226,88,247,248,27,13,N\A
1,2011/11/25,15198,0,106,62,14754,0,221,39,246,248,126,245,N\A
1,2011/12/03,15009,0,105,48,14568,65,225,84,247,248,215,37,N\A
1,2011/12/11,14936,0,106,60,14502,0,224,65,246,248,14,135,N\A
1,2011/12/19,14991,0,106,56,14468,0,219,20,246,248,199,34,N\A
1,2011/12/27,15154,0,108,71,14625,65,225,80,246,248,30,9,N\A
2,2011/01/01,14965,0,108,73,14674,65,225,81,247,248,63,28,N\A
2,2011/01/09,14949,0,106,56,14673,0,225,81,247,248,26,169,N\A
2,2011/01/17,14917,0,107,63,14753,0,225,74,246,248,255,82,N\A
2,2011/01/25,14955,0,108,77,14708,65,221,44,247,249,82,241,N\A
2,2011/02/02,15007,0,107,63,14767,0,224,64,247,248,255,99,N\A
2,2011/02/10,14998,65,108,75,14768,0,224,73,247,248,94,158,N\A
2,2011/02/18,15108,0,107,74,14870,0,226,89,246,249,161,83,N\A
2,2011/02/26,14901,65,105,44,14828,0,222,51,247,248,98,28,N\A
2,2011/03/06,15073,0,107,72,14796,0,229,117,247,248,179,17,N\A
2,2011/03/14,14986,0,108,84,14754,0,222,47,247,248,64,96,N\A
2,2011/03/22,15228,0,106,56,0,2,255,255,246,248,1,0,N\A
2,2011/03/30,15009,65,112,121,14620,65,225,76,246,249,4,6,N\A
2,2011/04/07,15164,65,106,55,14851,0,224,61,246,248,48,24,N\A
2,2011/04/15,15303,65,103,20,14963,0,223,60,247,248,8,165,N\A
2,2011/04/23,0,2,255,255,14883,0,227,104,247,248,0,16,N\A
2,2011/05/01,0,2,255,255,0,2,255,255,0,0,0,0,N\A
2,2011/05/09,0,2,255,255,0,2,255,255,0,0,0,0,N\A
2,2011/05/17,0,2,255,255,0,2,255,255,0,0,0,0,N\A
2,2011/05/25,0,2,255,255,0,2,255,255,0,0,0,0,N\A
2,2011/06/02,0,2,255,255,0,2,255,255,0,0,0,0,N\A
2,2011/06/10,0,2,255,255,0,2,255,255,0,0,0,0,N\A
2,2011/06/18,0,2,255,255,0,2,255,255,0,0,0,0,N\A
2,2011/06/26,0,2,255,255,0,2,255,255,0,0,0,0,N\A
2,2011/07/04,15045,65,109,90,0,2,255,255,247,248,22,0,N\A
2,2011/07/12,0,2,255,255,0,2,255,255,0,0,0,0,N\A
2,2011/07/20,0,2,255,255,0,2,255,255,0,0,0,0,N\A
2,2011/07/28,15033,65,106,56,0,2,255,255,247,248,1,0,N\A
2,2011/08/05,0,2,255,255,0,2,255,255,0,0,0,0,N\A
2,2011/08/13,0,2,255,255,0,2,255,255,0,0,0,0,N\A
2,2011/08/21,0,2,255,255,0,2,255,255,0,0,0,0,N\A
2,2011/08/29,0,2,255,255,0,2,255,255,0,0,0,0,N\A
2,2011/09/06,0,2,255,255,0,2,255,255,0,0,0,0,N\A
2,2011/09/14,0,2,255,255,0,2,255,255,0,0,0,0,N\A
2,2011/09/22,0,2,255,255,0,2,255,255,0,0,0,0,N\A
2,2011/09/30,0,2,255,255,0,2,255,255,0,0,0,0,N\A
2,2011/10/08,15012,65,107,64,0,2,255,255,247,249,66,0,N\A
2,2011/10/16,15047,0,104,36,0,2,255,255,247,249,192,0,N\A
2,2011/10/24,14975,65,106,59,14945,0,225,77,247,248,108,137,N\A
2,2011/11/01,15105,0,108,82,14817,0,224,70,247,248,175,63,N\A
2,2011/11/09,15068,0,107,63,14776,0,221,35,246,248,126,148,N\A
2,2011/11/17,15086,0,108,77,14762,65,223,59,247,248,27,14,N\A
2,2011/11/25,15093,0,107,63,14810,0,222,52,247,248,126,253,N\A
2,2011/12/03,14926,0,105,50,14718,65,221,42,247,249,215,98,N\A
2,2011/12/11,14783,0,107,67,14562,65,225,77,247,248,78,143,N\A
2,2011/12/19,14827,0,107,64,0,2,255,255,247,248,195,0,N\A
2,2011/12/27,14977,0,108,73,0,2,255,255,247,248,30,0,N\A
3,2011/01/01,14995,0,107,66,14682,65,220,18,245,247,55,8,N\A
3,2011/01/09,15008,0,107,65,14577,65,224,69,246,248,24,104,N\A
3,2011/01/17,14992,0,107,73,14726,0,225,74,245,248,191,82,N\A
3,2011/01/25,14945,0,105,53,14704,0,221,36,245,247,122,117,N\A
3,2011/02/02,15103,0,107,65,14762,0,224,63,246,248,255,123,N\A
3,2011/02/10,15144,0,107,69,14827,0,224,69,245,247,78,159,N\A
3,2011/02/18,15185,0,107,68,14866,65,226,88,245,247,164,83,N\A
3,2011/02/26,0,2,255,255,14812,0,226,90,246,248,0,46,N\A
3,2011/03/06,15198,0,110,93,14873,0,226,93,246,248,3,80,N\A
3,2011/03/14,15247,0,107,65,14786,65,221,33,246,248,66,192,N\A
3,2011/03/22,15384,0,106,58,0,2,255,255,246,248,1,0,N\A
3,2011/03/30,0,2,255,255,14822,65,221,27,245,247,0,4,N\A
3,2011/04/07,15290,65,109,98,14907,0,224,61,245,247,32,24,N\A
3,2011/04/15,15405,65,103,22,14956,65,223,48,245,247,8,133,N\A
3,2011/04/23,0,2,255,255,14973,0,227,104,246,248,0,16,N\A
3,2011/05/01,0,2,255,255,0,2,255,255,0,0,0,0,N\A
3,2011/05/09,0,2,255,255,0,2,255,255,0,0,0,0,N\A
3,2011/05/17,0,2,255,255,0,2,255,255,0,0,0,0,N\A
3,2011/05/25,0,2,255,255,0,2,255,255,0,0,0,0,N\A
3,2011/06/02,0,2,255,255,0,2,255,255,0,0,0,0,N\A
3,2011/06/10,0,2,255,255,0,2,255,255,0,0,0,0,N\A
3,2011/06/18,0,2,255,255,0,2,255,255,0,0,0,0,N\A
3,2011/06/26,0,2,255,255,0,2,255,255,0,0,0,0,N\A
3,2011/07/04,15120,65,108,76,0,2,255,255,246,248,18,0,N\A
3,2011/07/12,0,2,255,255,0,2,255,255,0,0,0,0,N\A
3,2011/07/20,0,2,255,255,0,2,255,255,0,0,0,0,N\A
3,2011/07/28,15192,65,107,73,0,2,255,255,243,246,128,0,N\A
3,2011/08/05,0,2,255,255,14925,65,223,52,245,247,0,1,N\A
3,2011/08/13,0,2,255,255,0,2,255,255,0,0,0,0,N\A
3,2011/08/21,0,2,255,255,0,2,255,255,0,0,0,0,N\A
3,2011/08/29,0,2,255,255,0,2,255,255,0,0,0,0,N\A
3,2011/09/06,0,2,255,255,0,2,255,255,0,0,0,0,N\A
3,2011/09/14,0,2,255,255,0,2,255,255,0,0,0,0,N\A
3,2011/09/22,0,2,255,255,0,2,255,255,0,0,0,0,N\A
3,2011/09/30,0,2,255,255,0,2,255,255,0,0,0,0,N\A
3,2011/10/08,0,2,255,255,0,2,255,255,0,0,0,0,N\A
3,2011/10/16,15017,65,106,53,0,2,255,255,246,248,132,0,N\A
3,2011/10/24,15050,65,106,56,14970,0,225,80,246,248,110,160,N\A
3,2011/11/01,15169,0,108,81,14836,0,225,74,246,248,143,39,N\A
3,2011/11/09,15075,65,108,76,14850,0,225,78,245,247,94,44,N\A
3,2011/11/17,15105,0,108,74,14788,65,223,59,245,247,63,14,N\A
3,2011/11/25,15199,0,108,76,14842,0,225,79,246,248,94,175,N\A
3,2011/12/03,15022,0,107,70,14812,65,222,46,245,247,159,74,N\A
3,2011/12/11,14919,0,109,83,14646,65,226,81,246,248,6,131,N\A
3,2011/12/19,14830,65,106,58,0,2,255,255,245,247,199,0,N\A
3,2011/12/27,15049,0,108,74,14778,65,221,28,245,247,30,4,N\A
4,2011/01/01,14975,0,106,59,14714,65,223,56,246,248,247,26,N\A
4,2011/01/09,14881,65,108,81,14567,65,221,35,246,248,82,192,N\A
4,2011/01/17,15028,0,107,75,14716,65,224,62,246,248,191,90,N\A
4,2011/01/25,14917,0,105,55,14721,0,220,24,246,248,122,85,N\A
4,2011/02/02,15056,0,107,66,14786,0,224,63,246,248,255,126,N\A
4,2011/02/10,15016,65,107,66,14818,0,223,63,246,248,126,223,N\A
4,2011/02/18,15066,65,107,69,14893,0,225,77,246,248,164,82,N\A
4,2011/02/26,15039,0,106,58,14757,0,226,90,246,248,110,14,N\A
4,2011/03/06,15100,65,106,62,14915,0,227,106,246,248,151,16,N\A
4,2011/03/14,14921,0,105,48,14854,65,217,1,246,248,96,64,N\A
4,2011/03/22,15247,0,106,60,0,2,255,255,246,248,1,0,N\A
4,2011/03/30,15100,65,108,85,14330,65,226,78,246,248,28,6,N\A
4,2011/04/07,15087,65,107,77,14843,0,222,44,246,248,56,56,N\A
4,2011/04/15,15235,129,103,23,14967,0,223,54,246,248,8,1,N\A
4,2011/04/23,0,2,255,255,14898,0,227,106,246,248,0,16,N\A
4,2011/05/01,0,2,255,255,0,2,255,255,0,0,0,0,N\A
4,2011/05/09,0,2,255,255,0,2,255,255,0,0,0,0,N\A
4,2011/05/17,0,2,255,255,0,2,255,255,0,0,0,0,N\A
4,2011/05/25,0,2,255,255,0,2,255,255,0,0,0,0,N\A
4,2011/06/02,0,2,255,255,0,2,255,255,0,0,0,0,N\A
4,2011/06/10,0,2,255,255,14922,65,222,40,246,248,0,2,N\A
4,2011/06/18,0,2,255,255,0,2,255,255,0,0,0,0,N\A
4,2011/06/26,0,2,255,255,0,2,255,255,0,0,0,0,N\A
4,2011/07/04,15094,65,107,66,0,2,255,255,246,248,24,0,N\A
4,2011/07/12,0,2,255,255,0,2,255,255,0,0,0,0,N\A
4,2011/07/20,0,2,255,255,0,2,255,255,0,0,0,0,N\A
4,2011/07/28,15192,65,107,75,0,2,255,255,246,248,128,0,N\A
4,2011/08/05,0,2,255,255,14976,0,223,54,246,248,0,1,N\A
4,2011/08/13,0,2,255,255,0,2,255,255,0,0,0,0,N\A
4,2011/08/21,0,2,255,255,0,2,255,255,0,0,0,0,N\A
4,2011/08/29,0,2,255,255,0,2,255,255,0,0,0,0,N\A
4,2011/09/06,0,2,255,255,0,2,255,255,0,0,0,0,N\A
4,2011/09/14,0,2,255,255,0,2,255,255,0,0,0,0,N\A
4,2011/09/22,0,2,255,255,0,2,255,255,0,0,0,0,N\A
4,2011/09/30,14966,65,107,68,0,2,255,255,246,248,129,0,N\A
4,2011/10/08,14995,65,108,88,0,2,255,255,246,248,64,0,N\A
4,2011/10/16,14969,65,107,75,0,2,255,255,246,248,140,0,N\A
4,2011/10/24,14996,65,106,61,15016,0,225,84,246,248,108,169,N\A
4,2011/11/01,15069,65,108,86,14965,0,224,62,246,248,175,66,N\A
4,2011/11/09,15006,65,107,66,14921,0,226,86,246,248,126,174,N\A
4,2011/11/17,14967,65,106,65,14949,65,220,19,246,248,127,8,N\A
4,2011/11/25,15072,65,108,78,14955,0,224,63,246,248,94,255,N\A
4,2011/12/03,14890,65,106,62,14910,0,222,48,246,248,223,74,N\A
4,2011/12/11,14849,65,105,46,14704,0,224,67,246,248,2,141,N\A
4,2011/12/19,14751,65,107,70,0,2,255,255,246,248,147,0,N\A
4,2011/12/27,15000,65,108,76,14751,65,225,71,246,248,30,30,N\A
5,2011/01/01,15075,0,107,69,14583,0,220,20,246,248,183,8,N\A
5,2011/01/09,14995,0,109,99,14567,65,221,35,247,248,80,192,N\A
5,2011/01/17,15059,0,108,78,14716,65,224,70,247,248,190,88,N\A
5,2011/01/25,14985,0,105,55,14706,0,220,28,247,248,122,65,N\A
5,2011/02/02,15122,0,107,66,14770,0,222,51,246,248,255,122,N\A
5,2011/02/10,15074,65,106,58,14809,0,222,54,246,248,110,221,N\A
5,2011/02/18,15153,65,107,75,14911,0,222,41,246,249,128,2,N\A
5,2011/02/26,15067,65,105,50,14852,0,225,73,246,248,46,12,N\A
5,2011/03/06,15188,65,109,88,14875,0,227,106,247,249,131,16,N\A
5,2011/03/14,15009,0,105,49,0,2,255,255,247,248,96,0,N\A
5,2011/03/22,15305,0,106,60,0,2,255,255,246,248,1,0,N\A
5,2011/03/30,15179,65,108,73,14786,65,221,30,246,248,12,4,N\A
5,2011/04/07,15161,65,109,100,14858,65,222,44,247,249,32,56,N\A
5,2011/04/15,15243,129,103,23,14963,0,223,55,247,249,8,1,N\A
5,2011/04/23,0,2,255,255,0,2,255,255,0,0,0,0,N\A
5,2011/05/01,0,2,255,255,0,2,255,255,0,0,0,0,N\A
5,2011/05/09,0,2,255,255,0,2,255,255,0,0,0,0,N\A
5,2011/05/17,0,2,255,255,0,2,255,255,0,0,0,0,N\A
5,2011/05/25,0,2,255,255,0,2,255,255,0,0,0,0,N\A
5,2011/06/02,0,2,255,255,0,2,255,255,0,0,0,0,N\A
5,2011/06/10,0,2,255,255,0,2,255,255,0,0,0,0,N\A
5,2011/06/18,0,2,255,255,0,2,255,255,0,0,0,0,N\A
5,2011/06/26,0,2,255,255,0,2,255,255,0,0,0,0,N\A
5,2011/07/04,15160,65,110,109,0,2,255,255,247,248,16,0,N\A
5,2011/07/12,0,2,255,255,0,2,255,255,0,0,0,0,N\A
5,2011/07/20,0,2,255,255,0,2,255,255,0,0,0,0,N\A
5,2011/07/28,15235,65,107,75,0,2,255,255,246,249,128,0,N\A
5,2011/08/05,0,2,255,255,14948,0,223,55,246,248,0,1,N\A
5,2011/08/13,0,2,255,255,0,2,255,255,0,0,0,0,N\A
5,2011/08/21,0,2,255,255,0,2,255,255,0,0,0,0,N\A
5,2011/08/29,0,2,255,255,0,2,255,255,0,0,0,0,N\A
5,2011/09/06,0,2,255,255,0,2,255,255,0,0,0,0,N\A
5,2011/09/14,0,2,255,255,0,2,255,255,0,0,0,0,N\A
5,2011/09/22,0,2,255,255,0,2,255,255,0,0,0,0,N\A
5,2011/09/30,14933,65,107,75,0,2,255,255,246,249,128,0,N\A
5,2011/10/08,0,2,255,255,0,2,255,255,0,0,0,0,N\A
5,2011/10/16,15089,65,106,55,0,2,255,255,247,249,132,0,N\A
5,2011/10/24,15023,65,106,61,14991,0,225,84,246,248,108,169,N\A
5,2011/11/01,15046,65,107,74,14990,0,222,42,246,248,239,2,N\A
5,2011/11/09,15043,65,107,66,14876,0,226,87,246,248,126,174,N\A
5,2011/11/17,15020,65,106,65,14912,0,220,20,247,248,127,8,N\A
5,2011/11/25,15097,65,107,66,14875,0,224,63,246,248,126,255,N\A
5,2011/12/03,14892,65,106,62,14851,65,222,49,247,248,223,74,N\A
5,2011/12/11,14747,65,108,86,14593,65,225,79,246,248,70,143,N\A
5,2011/12/19,14839,0,107,67,0,2,255,255,247,248,195,0,N\A
5,2011/12/27,15071,0,108,76,14812,65,221,30,246,248,30,4,N\A
6,2011/01/01,14990,0,106,60,14724,65,227,107,247,248,247,16,N\A
6,2011/01/09,15050,0,108,82,14631,65,221,42,247,248,82,193,N\A
6,2011/01/17,15066,0,107,76,14721,65,222,51,247,248,191,122,N\A
6,2011/01/25,14955,0,107,67,14712,65,223,57,247,248,126,73,N\A
6,2011/02/02,15160,0,107,67,14771,65,224,64,247,248,255,126,N\A
6,2011/02/10,15140,65,105,49,14802,0,222,55,247,248,98,221,N\A
6,2011/02/18,15189,65,107,70,14879,0,224,63,246,248,129,66,N\A
6,2011/02/26,15063,65,105,51,14819,65,226,91,247,248,46,14,N\A
6,2011/03/06,15167,65,106,60,14737,0,224,64,246,248,49,24,N\A
6,2011/03/14,15241,65,108,90,14818,65,224,63,247,248,64,129,N\A
6,2011/03/22,15202,65,106,62,0,2,255,255,246,248,1,0,N\A
6,2011/03/30,15034,65,111,117,14801,0,221,30,246,248,20,4,N\A
6,2011/04/07,15086,65,106,66,14820,0,223,57,247,248,37,48,N\A
6,2011/04/15,0,2,255,255,14919,0,226,84,247,249,0,131,N\A
6,2011/04/23,0,2,255,255,0,2,255,255,0,0,0,0,N\A
6,2011/05/01,0,2,255,255,14919,65,221,30,247,249,0,4,N\A
6,2011/05/09,0,2,255,255,0,2,255,255,0,0,0,0,N\A
6,2011/05/17,0,2,255,255,0,2,255,255,0,0,0,0,N\A
6,2011/05/25,0,2,255,255,0,2,255,255,0,0,0,0,N\A
6,2011/06/02,0,2,255,255,0,2,255,255,0,0,0,0,N\A
6,2011/06/10,0,2,255,255,0,2,255,255,0,0,0,0,N\A
6,2011/06/18,0,2,255,255,0,2,255,255,0,0,0,0,N\A
6,2011/06/26,0,2,255,255,0,2,255,255,0,0,0,0,N\A
6,2011/07/04,15130,65,108,79,0,2,255,255,247,248,18,0,N\A
6,2011/07/12,0,2,255,255,0,2,255,255,0,0,0,0,N\A
6,2011/07/20,0,2,255,255,0,2,255,255,0,0,0,0,N\A
6,2011/07/28,15233,0,107,77,0,2,255,255,247,248,128,0,N\A
6,2011/08/05,0,2,255,255,0,2,255,255,0,0,0,0,N\A
6,2011/08/13,0,2,255,255,0,2,255,255,0,0,0,0,N\A
6,2011/08/21,0,2,255,255,0,2,255,255,0,0,0,0,N\A
6,2011/08/29,0,2,255,255,0,2,255,255,0,0,0,0,N\A
6,2011/09/06,0,2,255,255,0,2,255,255,0,0,0,0,N\A
6,2011/09/14,0,2,255,255,0,2,255,255,0,0,0,0,N\A
6,2011/09/22,14950,65,103,24,0,2,255,255,246,248,8,0,N\A
6,2011/09/30,14943,65,104,35,0,2,255,255,247,248,4,0,N\A
6,2011/10/08,14916,65,103,24,0,2,255,255,246,248,8,0,N\A
6,2011/10/16,15004,65,106,56,0,2,255,255,246,248,132,0,N\A
6,2011/10/24,15038,65,106,58,14847,0,226,94,247,248,72,168,N\A
6,2011/11/01,15028,65,109,89,14943,0,224,67,247,248,131,78,N\A
6,2011/11/09,15047,65,105,48,14909,65,226,92,247,248,2,46,N\A
6,2011/11/17,14990,65,107,69,14956,0,220,20,246,248,165,8,N\A
6,2011/11/25,15049,65,108,79,14951,0,224,71,247,248,76,239,N\A
6,2011/12/03,14871,65,107,70,14812,0,225,76,246,248,129,76,N\A
6,2011/12/11,14847,65,105,48,14744,65,224,68,247,248,2,141,N\A
6,2011/12/19,14762,65,107,68,14533,65,225,85,246,248,219,64,N\A
6,2011/12/27,15045,65,108,77,14743,65,221,31,247,248,30,4,N\A
7,2011/01/01,15192,0,106,68,0,2,255,255,247,249,127,0,N\A
7,2011/01/09,15145,0,108,84,14465,65,217,2,247,248,82,64,N\A
7,2011/01/17,15257,0,106,65,14707,0,224,65,247,248,151,90,N\A
7,2011/01/25,14955,0,105,58,14691,0,220,25,247,248,122,81,N\A
7,2011/02/02,15162,0,106,60,14804,0,222,53,247,248,253,122,N\A
7,2011/02/10,15086,65,104,42,14820,0,222,58,247,248,202,221,N\A
7,2011/02/18,15153,0,105,51,14895,0,224,66,246,248,5,66,N\A
7,2011/02/26,14991,0,105,54,14892,0,228,116,247,248,190,8,N\A
7,2011/03/06,15089,0,109,103,14906,0,227,108,247,248,32,16,N\A
7,2011/03/14,15158,0,108,92,14758,65,217,2,247,248,64,64,N\A
7,2011/03/22,15212,0,106,65,0,2,255,255,247,248,1,0,N\A
7,2011/03/30,15015,65,112,118,14855,0,221,32,246,248,20,4,N\A
7,2011/04/07,15004,65,107,75,14838,0,222,46,247,248,141,56,N\A
7,2011/04/15,15024,65,107,71,14896,0,226,86,247,248,66,131,N\A
7,2011/04/23,15070,65,108,91,0,2,255,255,246,249,160,0,N\A
7,2011/05/01,15124,65,105,50,14913,0,221,32,247,249,2,4,N\A
7,2011/05/09,0,2,255,255,0,2,255,255,0,0,0,0,N\A
7,2011/05/17,0,2,255,255,0,2,255,255,0,0,0,0,N\A
7,2011/05/25,0,2,255,255,0,2,255,255,0,0,0,0,N\A
7,2011/06/02,0,2,255,255,0,2,255,255,0,0,0,0,N\A
7,2011/06/10,0,2,255,255,0,2,255,255,0,0,0,0,N\A
7,2011/06/18,0,2,255,255,0,2,255,255,0,0,0,0,N\A
7,2011/06/26,0,2,255,255,0,2,255,255,0,0,0,0,N\A
7,2011/07/04,15230,65,105,50,0,2,255,255,246,249,2,0,N\A
7,2011/07/12,0,2,255,255,0,2,255,255,0,0,0,0,N\A
7,2011/07/20,0,2,255,255,0,2,255,255,0,0,0,0,N\A
7,2011/07/28,0,2,255,255,0,2,255,255,0,0,0,0,N\A
7,2011/08/05,0,2,255,255,14974,0,223,58,247,249,0,1,N\A
7,2011/08/13,0,2,255,255,0,2,255,255,0,0,0,0,N\A
7,2011/08/21,15042,65,103,26,0,2,255,255,246,248,8,0,N\A
7,2011/08/29,0,2,255,255,0,2,255,255,0,0,0,0,N\A
7,2011/09/06,0,2,255,255,0,2,255,255,0,0,0,0,N\A
7,2011/09/14,0,2,255,255,0,2,255,255,0,0,0,0,N\A
7,2011/09/22,0,2,255,255,0,2,255,255,0,0,0,0,N\A
7,2011/09/30,14684,65,109,103,0,2,255,255,246,248,32,0,N\A
7,2011/10/08,0,2,255,255,0,2,255,255,0,0,0,0,N\A
7,2011/10/16,14925,65,107,73,0,2,255,255,246,248,164,0,N\A
7,2011/10/24,15016,65,105,51,14806,0,224,70,247,248,238,233,N\A
7,2011/11/01,15100,0,109,88,14728,65,224,65,247,248,15,90,N\A
7,2011/11/09,15206,65,108,85,14666,65,219,17,247,249,116,68,N\A
7,2011/11/17,15263,0,107,72,0,2,255,255,247,248,147,0,N\A
7,2011/11/25,15353,0,106,60,14703,0,224,68,247,248,110,164,N\A
7,2011/12/03,15184,0,109,98,14600,65,222,44,246,248,139,2,N\A
7,2011/12/11,15114,0,105,50,14544,65,224,72,247,248,2,227,N\A
7,2011/12/19,14883,65,106,67,0,2,255,255,247,249,242,0,N\A
7,2011/12/27,15107,0,108,79,14696,65,221,33,247,248,30,4,N\A
8,2011/01/01,14875,65,105,44,14824,0,226,82,246,248,149,31,N\A
8,2011/01/09,14909,65,108,79,14755,65,223,52,246,248,82,49,N\A
8,2011/01/17,15021,65,106,55,14791,0,222,52,246,248,181,120,N\A
8,2011/01/25,14902,0,107,65,14710,0,221,39,246,248,126,113,N\A
8,2011/02/02,15134,0,106,56,14801,0,224,63,246,248,253,123,N\A
8,2011/02/10,15081,0,108,77,14812,0,223,58,246,248,94,223,N\A
8,2011/02/18,15139,0,106,54,14817,0,227,92,246,248,133,71,N\A
8,2011/02/26,15041,0,108,72,14896,0,225,78,246,248,12,44,N\A
8,2011/03/06,15129,0,106,54,14879,65,227,104,246,248,133,16,N\A
8,2011/03/14,15207,0,108,87,14681,65,217,0,246,248,64,64,N\A
8,2011/03/22,15286,0,106,58,0,2,255,255,246,248,1,0,N\A
8,2011/03/30,15042,65,110,108,14751,65,225,73,246,248,16,134,N\A
8,2011/04/07,15098,0,108,75,14881,0,224,61,246,248,51,24,N\A
8,2011/04/15,15192,65,108,77,14963,0,223,51,246,248,76,1,N\A
8,2011/04/23,0,2,255,255,14937,0,227,104,246,248,0,16,N\A
8,2011/05/01,0,2,255,255,14954,65,221,27,246,248,0,4,N\A
8,2011/05/09,0,2,255,255,0,2,255,255,0,0,0,0,N\A
8,2011/05/17,0,2,255,255,0,2,255,255,0,0,0,0,N\A
8,2011/05/25,0,2,255,255,0,2,255,255,0,0,0,0,N\A
8,2011/06/02,0,2,255,255,0,2,255,255,0,0,0,0,N\A
8,2011/06/10,0,2,255,255,0,2,255,255,0,0,0,0,N\A
8,2011/06/18,0,2,255,255,0,2,255,255,0,0,0,0,N\A
8,2011/06/26,0,2,255,255,0,2,255,255,0,0,0,0,N\A
8,2011/07/04,15062,0,108,76,0,2,255,255,246,248,18,0,N\A
8,2011/07/12,0,2,255,255,0,2,255,255,0,0,0,0,N\A
8,2011/07/20,0,2,255,255,0,2,255,255,0,0,0,0,N\A
8,2011/07/28,15201,0,106,59,0,2,255,255,246,248,1,0,N\A
8,2011/08/05,0,2,255,255,0,2,255,255,0,0,0,0,N\A
8,2011/08/13,0,2,255,255,0,2,255,255,0,0,0,0,N\A
8,2011/08/21,0,2,255,255,0,2,255,255,0,0,0,0,N\A
8,2011/08/29,0,2,255,255,0,2,255,255,0,0,0,0,N\A
8,2011/09/06,0,2,255,255,0,2,255,255,0,0,0,0,N\A
8,2011/09/14,0,2,255,255,0,2,255,255,0,0,0,0,N\A
8,2011/09/22,14985,65,103,22,0,2,255,255,246,248,8,0,N\A
8,2011/09/30,15054,65,108,79,0,2,255,255,246,248,33,0,N\A
8,2011/10/08,0,2,255,255,0,2,255,255,0,0,0,0,N\A
8,2011/10/16,14961,65,107,74,0,2,255,255,246,248,140,0,N\A
8,2011/10/24,15006,65,106,57,15031,0,225,77,246,248,110,137,N\A
8,2011/11/01,15071,65,107,70,14940,0,222,45,247,248,141,46,N\A
8,2011/11/09,15010,65,108,85,14937,0,225,78,246,248,92,166,N\A
8,2011/11/17,14927,65,107,65,14915,65,226,89,247,248,189,13,N\A
8,2011/11/25,15056,65,107,65,14959,0,223,61,246,248,90,255,N\A
8,2011/12/03,14886,65,107,65,14830,0,227,89,246,248,189,13,N\A
8,2011/12/11,14833,65,105,45,14729,0,222,39,246,248,2,149,N\A
8,2011/12/19,14774,65,105,49,0,2,255,255,246,248,145,0,N\A
8,2011/12/27,14910,65,106,59,14817,0,225,69,246,248,26,30,N\A
9,2011/01/01,15127,0,107,73,14697,65,226,82,247,248,159,6,N\A
9,2011/01/09,15001,0,106,65,14571,0,224,71,247,248,114,232,N\A
9,2011/01/17,15120,0,107,77,14698,65,222,51,246,248,191,122,N\A
9,2011/01/25,15026,0,106,65,14714,0,223,56,247,248,114,121,N\A
9,2011/02/02,15266,0,106,59,14758,65,222,52,247,248,253,122,N\A
9,2011/02/10,15391,0,105,48,14794,0,222,55,247,248,2,221,N\A
9,2011/02/18,15321,65,106,63,14874,0,225,78,247,248,1,82,N\A
9,2011/02/26,15184,65,103,25,14821,0,225,73,247,248,8,12,N\A
9,2011/03/06,15151,65,107,81,14874,0,227,107,246,248,161,16,N\A
9,2011/03/14,15370,65,108,91,14895,65,224,70,246,248,64,128,N\A
9,2011/03/22,0,2,255,255,0,2,255,255,0,0,0,0,N\A
9,2011/03/30,0,2,255,255,14828,65,225,73,247,248,0,12,N\A
9,2011/04/07,15008,65,104,35,14859,0,222,45,247,248,4,56,N\A
9,2011/04/15,0,2,255,255,14904,0,227,91,247,248,0,3,N\A
9,2011/04/23,14857,65,109,102,0,2,255,255,246,248,32,0,N\A
9,2011/05/01,0,2,255,255,14916,0,221,30,246,248,0,4,N\A
9,2011/05/09,0,2,255,255,0,2,255,255,0,0,0,0,N\A
9,2011/05/17,0,2,255,255,0,2,255,255,0,0,0,0,N\A
9,2011/05/25,0,2,255,255,0,2,255,255,0,0,0,0,N\A
9,2011/06/02,0,2,255,255,0,2,255,255,0,0,0,0,N\A
9,2011/06/10,0,2,255,255,0,2,255,255,0,0,0,0,N\A
9,2011/06/18,0,2,255,255,0,2,255,255,0,0,0,0,N\A
9,2011/06/26,0,2,255,255,0,2,255,255,0,0,0,0,N\A
9,2011/07/04,15106,65,110,111,0,2,255,255,247,248,16,0,N\A
9,2011/07/12,0,2,255,255,0,2,255,255,0,0,0,0,N\A
9,2011/07/20,0,2,255,255,0,2,255,255,0,0,0,0,N\A
9,2011/07/28,15214,0,107,78,0,2,255,255,246,248,128,0,N\A
9,2011/08/05,0,2,255,255,0,2,255,255,0,0,0,0,N\A
9,2011/08/13,15040,65,106,63,0,2,255,255,246,248,1,0,N\A
9,2011/08/21,15164,65,105,49,14970,65,222,43,247,248,2,5,N\A
9,2011/08/29,14976,65,104,36,0,2,255,255,246,248,4,0,N\A
9,2011/09/06,0,2,255,255,0,2,255,255,0,0,0,0,N\A
9,2011/09/14,15012,65,106,62,0,2,255,255,247,248,1,0,N\A
9,2011/09/22,0,2,255,255,0,2,255,255,0,0,0,0,N\A
9,2011/09/30,15012,65,106,67,0,2,255,255,246,248,37,0,N\A
9,2011/10/08,0,2,255,255,0,2,255,255,0,0,0,0,N\A
9,2011/10/16,14925,65,106,59,14720,0,222,46,247,249,204,96,N\A
9,2011/10/24,15017,65,105,50,15000,0,225,85,247,249,238,169,N\A
9,2011/11/01,15060,65,108,85,14952,0,224,62,247,248,143,14,N\A
9,2011/11/09,15055,65,106,59,14957,0,224,63,247,248,120,36,N\A
9,2011/11/17,14975,65,106,61,14945,0,223,52,247,248,247,72,N\A
9,2011/11/25,15057,65,106,67,14948,0,224,65,247,248,222,254,N\A
9,2011/12/03,14945,65,106,63,14886,0,223,53,247,248,223,72,N\A
9,2011/12/11,14650,65,107,71,14651,65,224,68,247,248,150,141,N\A
9,2011/12/19,14846,65,106,58,0,2,255,255,247,249,211,0,N\A
9,2011/12/27,15071,65,108,77,14773,0,220,22,246,248,30,20,N\A
10,2011/01/01,15184,0,107,69,14635,65,226,83,244,247,255,6,N\A
10,2011/01/09,15127,65,106,66,14637,65,223,62,244,246,114,201,N\A
10,2011/01/17,15190,65,107,73,14713,65,222,53,244,246,182,122,N\A
10,2011/01/25,15138,0,107,70,14723,65,223,58,244,246,90,121,N\A
10,2011/02/02,15237,0,106,61,14772,65,221,40,243,246,253,106,N\A
10,2011/02/10,15417,17,105,51,14807,0,222,58,244,246,2,221,N\A
10,2011/02/18,15277,0,105,52,14881,0,225,80,243,246,5,82,N\A
10,2011/02/26,0,2,255,255,14848,0,226,87,244,247,0,9,N\A
10,2011/03/06,15326,0,109,103,14889,0,227,108,244,246,32,16,N\A
10,2011/03/14,0,2,255,255,14694,0,222,51,245,247,0,96,N\A
10,2011/03/22,0,2,255,255,0,2,255,255,0,0,0,0,N\A
10,2011/03/30,0,2,255,255,14829,0,221,32,243,246,0,4,N\A
10,2011/04/07,0,2,255,255,14840,0,222,46,244,246,0,56,N\A
10,2011/04/15,15355,65,105,51,14954,0,226,86,244,246,2,131,N\A
10,2011/04/23,0,2,255,255,0,2,255,255,0,0,0,0,N\A
10,2011/05/01,0,2,255,255,14962,0,221,32,244,247,0,4,N\A
10,2011/05/09,0,2,255,255,0,2,255,255,0,0,0,0,N\A
10,2011/05/17,0,2,255,255,0,2,255,255,0,0,0,0,N\A
10,2011/05/25,0,2,255,255,0,2,255,255,0,0,0,0,N\A
10,2011/06/02,0,2,255,255,0,2,255,255,0,0,0,0,N\A
10,2011/06/10,0,2,255,255,0,2,255,255,0,0,0,0,N\A
10,2011/06/18,0,2,255,255,0,2,255,255,0,0,0,0,N\A
10,2011/06/26,0,2,255,255,0,2,255,255,0,0,0,0,N\A
10,2011/07/04,15099,65,111,112,0,2,255,255,246,248,16,0,N\A
10,2011/07/12,0,2,255,255,0,2,255,255,0,0,0,0,N\A
10,2011/07/20,0,2,255,255,0,2,255,255,0,0,0,0,N\A
10,2011/07/28,0,2,255,255,0,2,255,255,0,0,0,0,N\A
10,2011/08/05,0,2,255,255,0,2,255,255,0,0,0,0,N\A
10,2011/08/13,0,2,255,255,0,2,255,255,0,0,0,0,N\A
10,2011/08/21,0,2,255,255,0,2,255,255,0,0,0,0,N\A
10,2011/08/29,0,2,255,255,0,2,255,255,0,0,0,0,N\A
10,2011/09/06,0,2,255,255,0,2,255,255,0,0,0,0,N\A
10,2011/09/14,0,2,255,255,0,2,255,255,0,0,0,0,N\A
10,2011/09/22,0,2,255,255,0,2,255,255,0,0,0,0,N\A
10,2011/09/30,15099,145,106,65,0,2,255,255,241,244,1,0,N\A
10,2011/10/08,0,2,255,255,0,2,255,255,0,0,0,0,N\A
10,2011/10/16,0,2,255,255,14930,0,225,87,243,246,0,64,N\A
10,2011/10/24,15191,65,106,59,14894,65,224,70,244,246,206,233,N\A
10,2011/11/01,15312,17,107,76,14821,65,225,74,244,246,141,30,N\A
10,2011/11/09,15150,65,107,71,14804,65,225,83,243,246,220,166,N\A
10,2011/11/17,15213,81,107,79,14840,65,225,77,244,246,179,76,N\A
10,2011/11/25,15255,0,105,59,14821,65,224,74,243,246,254,191,N\A
10,2011/12/03,15084,65,107,70,14779,65,225,77,245,247,218,76,N\A
10,2011/12/11,15003,81,102,26,14608,65,226,95,244,247,138,171,N\A
10,2011/12/19,14983,65,106,60,14530,65,225,87,244,246,211,64,N\A
10,2011/12/27,15199,17,108,79,14684,65,223,56,244,246,30,29,N\A
11,2011/01/01,15210,0,107,65,14627,65,225,78,247,248,157,76,N\A
11,2011/01/09,15006,65,106,68,14559,65,224,70,247,249,114,105,N\A
11,2011/01/17,15162,0,106,61,14654,65,224,66,247,248,180,90,N\A
11,2011/01/25,15183,0,107,72,14663,65,224,73,247,249,90,57,N\A
11,2011/02/02,15257,0,106,55,14669,65,223,57,247,249,221,110,N\A
11,2011/02/10,15332,0,108,74,14760,65,221,36,246,248,66,21,N\A
11,2011/02/18,15284,65,106,63,14832,65,225,81,247,248,133,82,N\A
11,2011/02/26,0,2,255,255,14794,0,222,51,247,248,0,76,N\A
11,2011/03/06,15268,0,109,94,14834,0,227,109,246,248,160,16,N\A
11,2011/03/14,14956,65,106,53,14643,65,223,58,247,248,2,48,N\A
11,2011/03/22,0,2,255,255,0,2,255,255,0,0,0,0,N\A
11,2011/03/30,0,2,255,255,14790,65,221,33,247,248,0,4,N\A
11,2011/04/07,0,2,255,255,14761,65,222,47,247,249,0,56,N\A
11,2011/04/15,15303,65,106,53,14894,0,226,88,247,248,2,131,N\A
11,2011/04/23,0,2,255,255,0,2,255,255,0,0,0,0,N\A
11,2011/05/01,0,2,255,255,0,2,255,255,0,0,0,0,N\A
11,2011/05/09,0,2,255,255,0,2,255,255,0,0,0,0,N\A
11,2011/05/17,0,2,255,255,0,2,255,255,0,0,0,0,N\A
11,2011/05/25,0,2,255,255,0,2,255,255,0,0,0,0,N\A
11,2011/06/02,0,2,255,255,0,2,255,255,0,0,0,0,N\A
11,2011/06/10,0,2,255,255,0,2,255,255,0,0,0,0,N\A
11,2011/06/18,0,2,255,255,0,2,255,255,0,0,0,0,N\A
11,2011/06/26,0,2,255,255,0,2,255,255,0,0,0,0,N\A
11,2011/07/04,0,2,255,255,0,2,255,255,0,0,0,0,N\A
11,2011/07/12,0,2,255,255,0,2,255,255,0,0,0,0,N\A
11,2011/07/20,0,2,255,255,0,2,255,255,0,0,0,0,N\A
11,2011/07/28,0,2,255,255,0,2,255,255,0,0,0,0,N\A
11,2011/08/05,0,2,255,255,0,2,255,255,0,0,0,0,N\A
11,2011/08/13,0,2,255,255,0,2,255,255,0,0,0,0,N\A
11,2011/08/21,15096,65,103,28,0,2,255,255,247,249,8,0,N\A
11,2011/08/29,0,2,255,255,0,2,255,255,0,0,0,0,N\A
11,2011/09/06,0,2,255,255,0,2,255,255,0,0,0,0,N\A
11,2011/09/14,0,2,255,255,0,2,255,255,0,0,0,0,N\A
11,2011/09/22,0,2,255,255,0,2,255,255,0,0,0,0,N\A
11,2011/09/30,0,2,255,255,0,2,255,255,0,0,0,0,N\A
11,2011/10/08,0,2,255,255,0,2,255,255,0,0,0,0,N\A
11,2011/10/16,15047,65,104,44,14889,0,225,88,246,248,192,64,N\A
11,2011/10/24,15147,0,106,60,14833,0,224,71,247,249,206,233,N\A
11,2011/11/01,15288,0,106,63,14763,0,225,75,247,248,133,30,N\A
11,2011/11/09,15160,65,106,60,14753,0,223,63,247,248,122,108,N\A
11,2011/11/17,15219,0,106,62,14740,65,225,85,247,249,181,70,N\A
11,2011/11/25,15254,0,106,60,14797,0,224,67,246,248,254,36,N\A
11,2011/12/03,15148,0,107,74,14607,65,229,123,247,248,152,4,N\A
11,2011/12/11,15101,0,105,41,14609,0,226,91,247,248,10,163,N\A
11,2011/12/19,15042,65,104,43,14474,65,224,68,247,248,213,66,N\A
11,2011/12/27,15230,65,108,80,14628,65,226,89,247,248,30,9,N\A
12,2011/01/01,15005,0,107,71,14751,65,227,98,246,248,159,23,N\A
12,2011/01/09,15046,0,105,54,14625,65,223,54,246,248,50,120,N\A
12,2011/01/17,15040,0,107,68,14722,65,225,74,246,248,183,91,N\A
12,2011/01/25,14916,0,107,74,14669,65,220,20,246,248,118,81,N\A
12,2011/02/02,15118,0,107,73,14753,0,224,71,246,248,239,127,N\A
12,2011/02/10,15111,0,107,70,14834,0,225,79,246,248,78,143,N\A
12,2011/02/18,15258,0,105,46,14830,65,227,98,246,248,5,23,N\A
12,2011/02/26,15089,65,108,73,14905,0,225,78,246,248,12,44,N\A
12,2011/03/06,15264,65,106,55,14875,0,227,104,246,248,133,16,N\A
12,2011/03/14,15325,65,108,88,14873,65,221,39,247,248,64,193,N\A
12,2011/03/22,15376,65,106,59,0,2,255,255,246,248,1,0,N\A
12,2011/03/30,0,2,255,255,14884,0,223,46,246,248,0,132,N\A
12,2011/04/07,15169,65,106,57,14909,0,224,61,246,248,48,24,N\A
12,2011/04/15,15045,65,107,66,14986,0,223,51,246,248,24,1,N\A
12,2011/04/23,0,2,255,255,14943,0,227,104,246,248,0,16,N\A
12,2011/05/01,0,2,255,255,0,2,255,255,0,0,0,0,N\A
12,2011/05/09,0,2,255,255,0,2,255,255,0,0,0,0,N\A
12,2011/05/17,0,2,255,255,0,2,255,255,0,0,0,0,N\A
12,2011/05/25,0,2,255,255,0,2,255,255,0,0,0,0,N\A
12,2011/06/02,0,2,255,255,0,2,255,255,0,0,0,0,N\A
12,2011/06/10,0,2,255,255,0,2,255,255,0,0,0,0,N\A
12,2011/06/18,0,2,255,255,0,2,255,255,0,0,0,0,N\A
12,2011/06/26,0,2,255,255,0,2,255,255,0,0,0,0,N\A
12,2011/07/04,15074,65,108,77,0,2,255,255,246,248,18,0,N\A
12,2011/07/12,0,2,255,255,0,2,255,255,0,0,0,0,N\A
12,2011/07/20,0,2,255,255,0,2,255,255,0,0,0,0,N\A
12,2011/07/28,0,2,255,255,0,2,255,255,0,0,0,0,N\A
12,2011/08/05,0,2,255,255,0,2,255,255,0,0,0,0,N\A
12,2011/08/13,0,2,255,255,0,2,255,255,0,0,0,0,N\A
12,2011/08/21,0,2,255,255,0,2,255,255,0,0,0,0,N\A
12,2011/08/29,0,2,255,255,0,2,255,255,0,0,0,0,N\A
12,2011/09/06,0,2,255,255,0,2,255,255,0,0,0,0,N\A
12,2011/09/14,0,2,255,255,0,2,255,255,0,0,0,0,N\A
12,2011/09/22,15009,65,103,22,0,2,255,255,246,248,8,0,N\A
12,2011/09/30,15019,65,109,99,0,2,255,255,246,248,32,0,N\A
12,2011/10/08,0,2,255,255,0,2,255,255,0,0,0,0,N\A
12,2011/10/16,14933,65,106,65,0,2,255,255,246,248,200,0,N\A
12,2011/10/24,15048,65,106,57,14976,0,225,81,246,248,110,169,N\A
12,2011/11/01,15103,65,108,85,14946,0,224,62,246,248,175,47,N\A
12,2011/11/09,15016,65,108,73,14946,0,225,72,246,248,12,167,N\A
12,2011/11/17,14981,65,106,58,14939,0,225,76,246,248,247,73,N\A
12,2011/11/25,15131,65,107,66,14945,0,223,62,247,248,90,254,N\A
12,2011/12/03,14940,65,107,62,14838,65,227,89,247,248,150,13,N\A
12,2011/12/11,14745,65,105,46,14722,0,224,70,246,248,2,173,N\A
12,2011/12/19,14860,65,107,70,14762,65,222,38,246,248,147,2,N\A
12,2011/12/27,14966,65,107,64,14810,0,225,69,246,248,14,30,N\A
13,2011/01/01,14947,0,106,63,14774,65,226,89,246,248,223,22,N\A
13,2011/01/09,14969,0,105,56,14667,65,226,92,246,248,122,168,N\A
13,2011/01/17,14986,0,107,76,14719,0,222,51,246,248,191,122,N\A
13,2011/01/25,14927,0,106,64,14729,65,223,55,246,248,114,121,N\A
13,2011/02/02,15114,0,107,75,14759,65,224,63,246,248,239,126,N\A
13,2011/02/10,15071,65,107,68,14791,0,222,52,246,248,90,221,N\A
13,2011/02/18,15120,65,106,58,14911,0,225,74,246,248,133,18,N\A
13,2011/02/26,15133,0,103,24,14866,0,225,80,246,248,8,44,N\A
13,2011/03/06,15194,0,106,62,14884,0,227,106,246,248,1,16,N\A
13,2011/03/14,15302,65,108,90,14847,0,221,35,246,248,64,192,N\A
13,2011/03/22,15274,65,106,62,0,2,255,255,246,248,1,0,N\A
13,2011/03/30,0,2,255,255,14845,65,224,71,245,247,0,140,N\A
13,2011/04/07,15144,65,109,101,14904,0,224,63,246,248,32,24,N\A
13,2011/04/15,0,2,255,255,14913,65,227,90,246,248,0,3,N\A
13,2011/04/23,0,2,255,255,14902,65,227,106,246,248,0,16,N\A
13,2011/05/01,0,2,255,255,14952,0,221,29,245,247,0,4,N\A
13,2011/05/09,0,2,255,255,0,2,255,255,0,0,0,0,N\A
13,2011/05/17,0,2,255,255,0,2,255,255,0,0,0,0,N\A
13,2011/05/25,0,2,255,255,0,2,255,255,0,0,0,0,N\A
13,2011/06/02,0,2,255,255,0,2,255,255,0,0,0,0,N\A
13,2011/06/10,0,2,255,255,0,2,255,255,0,0,0,0,N\A
13,2011/06/18,0,2,255,255,0,2,255,255,0,0,0,0,N\A
13,2011/06/26,0,2,255,255,0,2,255,255,0,0,0,0,N\A
13,2011/07/04,15090,65,107,67,0,2,255,255,245,248,24,0,N\A
13,2011/07/12,0,2,255,255,0,2,255,255,0,0,0,0,N\A
13,2011/07/20,0,2,255,255,0,2,255,255,0,0,0,0,N\A
13,2011/07/28,0,2,255,255,0,2,255,255,0,0,0,0,N\A
13,2011/08/05,0,2,255,255,0,2,255,255,0,0,0,0,N\A
13,2011/08/13,0,2,255,255,0,2,255,255,0,0,0,0,N\A
13,2011/08/21,0,2,255,255,14946,65,221,29,243,246,0,4,N\A
13,2011/08/29,0,2,255,255,0,2,255,255,0,0,0,0,N\A
13,2011/09/06,0,2,255,255,0,2,255,255,0,0,0,0,N\A
13,2011/09/14,0,2,255,255,0,2,255,255,0,0,0,0,N\A
13,2011/09/22,14999,65,103,24,0,2,255,255,247,248,8,0,N\A
13,2011/09/30,15073,65,108,82,0,2,255,255,246,248,33,0,N\A
13,2011/10/08,0,2,255,255,0,2,255,255,0,0,0,0,N\A
13,2011/10/16,14927,65,106,66,14964,0,225,83,246,247,200,64,N\A
13,2011/10/24,15041,65,106,59,14975,0,225,84,245,247,110,169,N\A
13,2011/11/01,15069,65,108,87,14931,0,220,22,245,247,175,42,N\A
13,2011/11/09,15007,65,106,58,14959,0,224,63,246,248,120,36,N\A
13,2011/11/17,14967,65,107,67,14971,0,223,51,246,248,255,72,N\A
13,2011/11/25,15055,65,107,67,14960,0,223,56,246,248,126,246,N\A
13,2011/12/03,14938,65,105,54,14912,0,223,52,246,248,215,72,N\A
13,2011/12/11,14868,65,106,61,14771,0,223,51,246,248,26,133,N\A
13,2011/12/19,14823,65,107,68,0,2,255,255,246,248,195,0,N\A
13,2011/12/27,15051,65,108,77,14788,0,223,56,246,248,30,22,N\A
14,2011/01/01,14978,0,107,70,14550,65,229,122,247,248,255,4,N\A
14,2011/01/09,15036,0,105,58,14602,65,223,61,247,248,50,201,N\A
14,2011/01/17,15053,0,107,72,14635,65,222,52,247,249,183,122,N\A
14,2011/01/25,15023,0,107,71,14708,0,222,47,247,248,90,89,N\A
14,2011/02/02,15107,0,107,70,14716,65,224,64,247,249,255,126,N\A
14,2011/02/10,15148,0,107,72,14766,65,224,75,247,248,66,207,N\A
14,2011/02/18,15139,65,106,61,14893,0,222,43,246,249,133,2,N\A
14,2011/02/26,15082,65,102,19,14800,0,222,50,247,248,40,76,N\A
14,2011/03/06,15316,0,108,85,14854,0,227,107,247,249,33,16,N\A
14,2011/03/14,0,2,255,255,14845,65,220,30,247,248,0,65,N\A
14,2011/03/22,15293,65,106,66,0,2,255,255,246,248,1,0,N\A
14,2011/03/30,0,2,255,255,0,2,255,255,0,0,0,0,N\A
14,2011/04/07,0,2,255,255,14831,0,222,45,247,249,0,56,N\A
14,2011/04/15,15308,0,104,39,14875,0,227,92,247,249,10,3,N\A
14,2011/04/23,0,2,255,255,0,2,255,255,0,0,0,0,N\A
14,2011/05/01,0,2,255,255,0,2,255,255,0,0,0,0,N\A
14,2011/05/09,0,2,255,255,0,2,255,255,0,0,0,0,N\A
14,2011/05/17,15145,65,103,27,0,2,255,255,247,248,8,0,N\A
14,2011/05/25,0,2,255,255,0,2,255,255,0,0,0,0,N\A
14,2011/06/02,0,2,255,255,0,2,255,255,0,0,0,0,N\A
14,2011/06/10,0,2,255,255,0,2,255,255,0,0,0,0,N\A
14,2011/06/18,0,2,255,255,0,2,255,255,0,0,0,0,N\A
14,2011/06/26,0,2,255,255,0,2,255,255,0,0,0,0,N\A
14,2011/07/04,15025,65,107,70,0,2,255,255,247,248,24,0,N\A
14,2011/07/12,0,2,255,255,0,2,255,255,0,0,0,0,N\A
14,2011/07/20,0,2,255,255,0,2,255,255,0,0,0,0,N\A
14,2011/07/28,0,2,255,255,0,2,255,255,0,0,0,0,N\A
14,2011/08/05,15119,65,105,51,0,2,255,255,246,248,2,0,N\A
14,2011/08/13,0,2,255,255,0,2,255,255,0,0,0,0,N\A
14,2011/08/21,0,2,255,255,0,2,255,255,0,0,0,0,N\A
14,2011/08/29,0,2,255,255,0,2,255,255,0,0,0,0,N\A
14,2011/09/06,0,2,255,255,0,2,255,255,0,0,0,0,N\A
14,2011/09/14,0,2,255,255,0,2,255,255,0,0,0,0,N\A
14,2011/09/22,0,2,255,255,0,2,255,255,0,0,0,0,N\A
14,2011/09/30,15119,65,106,65,0,2,255,255,246,248,1,0,N\A
14,2011/10/08,0,2,255,255,0,2,255,255,0,0,0,0,N\A
14,2011/10/16,15004,65,104,41,14987,0,225,86,247,249,196,64,N\A
14,2011/10/24,15074,0,105,51,14940,0,225,86,247,248,238,169,N\A
14,2011/11/01,15227,65,108,87,14982,0,223,57,247,248,143,26,N\A
14,2011/11/09,14994,0,105,60,15007,0,223,51,247,249,254,132,N\A
14,2011/11/17,15117,0,107,70,14978,0,223,53,247,248,55,72,N\A
14,2011/11/25,15112,0,105,60,14974,0,223,63,247,248,254,127,N\A
14,2011/12/03,14971,0,106,63,14923,0,223,54,247,248,198,72,N\A
14,2011/12/11,14889,0,102,26,14781,65,224,76,247,248,138,161,N\A
14,2011/12/19,14892,0,106,56,14703,65,222,43,247,248,215,2,N\A
14,2011/12/27,15141,0,108,79,14772,0,223,54,247,249,30,28,N\A
15,2011/01/01,14975,0,106,64,14685,65,225,73,246,248,205,12,N\A
15,2011/01/09,14709,0,104,45,14593,65,222,54,246,248,178,97,N\A
15,2011/01/17,14889,0,105,51,14720,65,222,55,246,248,244,122,N\A
15,2011/01/25,14882,0,107,72,14753,65,223,64,246,248,126,25,N\A
15,2011/02/02,15081,0,108,73,14675,0,227,106,246,248,189,68,N\A
15,2011/02/10,15108,65,106,60,14739,65,220,28,246,248,74,85,N\A
15,2011/02/18,15161,65,105,48,0,2,255,255,246,248,148,0,N\A
15,2011/02/26,0,2,255,255,14783,65,228,117,246,248,0,8,N\A
15,2011/03/06,15356,0,109,95,14831,65,226,100,246,248,160,80,N\A
15,2011/03/14,15208,65,106,55,14645,0,219,15,247,248,2,16,N\A
15,2011/03/22,0,2,255,255,0,2,255,255,0,0,0,0,N\A
15,2011/03/30,0,2,255,255,14785,65,221,34,246,248,0,4,N\A
15,2011/04/07,0,2,255,255,14756,65,218,8,247,248,0,32,N\A
15,2011/04/15,15384,0,106,55,15004,0,223,60,246,248,2,1,N\A
15,2011/04/23,0,2,255,255,0,2,255,255,0,0,0,0,N\A
15,2011/05/01,0,2,255,255,0,2,255,255,0,0,0,0,N\A
15,2011/05/09,0,2,255,255,0,2,255,255,0,0,0,0,N\A
15,2011/05/17,15177,65,104,29,0,2,255,255,246,248,8,0,N\A
15,2011/05/25,0,2,255,255,14956,65,225,89,246,248,0,64,N\A
15,2011/06/02,0,2,255,255,0,2,255,255,0,0,0,0,N\A
15,2011/06/10,0,2,255,255,0,2,255,255,0,0,0,0,N\A
15,2011/06/18,0,2,255,255,0,2,255,255,0,0,0,0,N\A
15,2011/06/26,0,2,255,255,0,2,255,255,0,0,0,0,N\A
15,2011/07/04,15040,65,107,66,0,2,255,255,246,248,26,0,N\A
15,2011/07/12,14833,65,110,106,0,2,255,255,246,248,32,0,N\A
15,2011/07/20,0,2,255,255,0,2,255,255,0,0,0,0,N\A
15,2011/07/28,0,2,255,255,0,2,255,255,0,0,0,0,N\A
15,2011/08/05,15124,65,106,55,0,2,255,255,246,248,2,0,N\A
15,2011/08/13,0,2,255,255,0,2,255,255,0,0,0,0,N\A
15,2011/08/21,15126,65,104,29,0,2,255,255,246,248,8,0,N\A
15,2011/08/29,0,2,255,255,0,2,255,255,0,0,0,0,N\A
15,2011/09/06,0,2,255,255,0,2,255,255,0,0,0,0,N\A
15,2011/09/14,0,2,255,255,0,2,255,255,0,0,0,0,N\A
15,2011/09/22,14948,65,103,29,0,2,255,255,246,248,8,0,N\A
15,2011/09/30,0,2,255,255,0,2,255,255,0,0,0,0,N\A
15,2011/10/08,0,2,255,255,0,2,255,255,0,0,0,0,N\A
15,2011/10/16,0,2,255,255,14965,0,225,89,246,248,0,64,N\A
15,2011/10/24,15029,65,105,53,15022,0,224,79,246,248,238,161,N\A
15,2011/11/01,15130,65,108,75,14982,0,221,36,246,248,165,10,N\A
15,2011/11/09,15011,65,104,41,14837,65,223,57,246,248,226,71,N\A
15,2011/11/17,15127,0,107,73,14846,65,220,23,246,248,189,8,N\A
15,2011/11/25,15191,0,106,62,14843,0,223,65,246,248,254,127,N\A
15,2011/12/03,14990,0,106,58,14792,65,224,71,246,248,216,78,N\A
15,2011/12/11,14781,0,106,57,14694,0,223,61,246,248,146,199,N\A
15,2011/12/19,14840,0,106,60,14703,65,222,47,246,248,217,2,N\A
15,2011/12/27,15034,0,109,82,14753,0,225,76,246,248,30,12,N\A
16,2011/01/01,15379,0,108,79,14577,65,221,36,246,248,141,10,N\A
16,2011/01/09,15317,65,106,61,14586,65,224,71,245,247,50,105,N\A
16,2011/01/17,15363,0,107,63,14592,0,223,56,245,247,180,122,N\A
16,2011/01/25,15458,0,108,76,14758,65,222,55,245,247,66,97,N\A
16,2011/02/02,15566,0,107,63,14636,65,224,67,245,247,29,126,N\A
16,2011/02/10,15642,65,106,56,14781,65,221,38,245,247,2,21,N\A
16,2011/02/18,0,2,255,255,0,2,255,255,0,0,0,0,N\A
16,2011/02/26,0,2,255,255,14846,0,226,90,245,248,0,9,N\A
16,2011/03/06,15410,65,107,71,14820,65,227,101,246,248,1,80,N\A
16,2011/03/14,15252,65,106,56,14856,65,222,52,246,248,2,145,N\A
16,2011/03/22,0,2,255,255,0,2,255,255,0,0,0,0,N\A
16,2011/03/30,0,2,255,255,14850,65,221,35,246,248,0,4,N\A
16,2011/04/07,15226,65,103,20,14843,65,224,68,245,247,16,24,N\A
16,2011/04/15,15455,65,106,56,0,2,255,255,246,248,2,0,N\A
16,2011/04/23,0,2,255,255,0,2,255,255,0,0,0,0,N\A
16,2011/05/01,0,2,255,255,0,2,255,255,0,0,0,0,N\A
16,2011/05/09,0,2,255,255,0,2,255,255,0,0,0,0,N\A
16,2011/05/17,0,2,255,255,0,2,255,255,0,0,0,0,N\A
16,2011/05/25,0,2,255,255,0,2,255,255,0,0,0,0,N\A
16,2011/06/02,0,2,255,255,0,2,255,255,0,0,0,0,N\A
16,2011/06/10,0,2,255,255,0,2,255,255,0,0,0,0,N\A
16,2011/06/18,0,2,255,255,0,2,255,255,0,0,0,0,N\A
16,2011/06/26,0,2,255,255,0,2,255,255,0,0,0,0,N\A
16,2011/07/04,15016,65,108,73,14965,0,223,62,245,247,24,1,N\A
16,2011/07/12,0,2,255,255,0,2,255,255,0,0,0,0,N\A
16,2011/07/20,0,2,255,255,0,2,255,255,0,0,0,0,N\A
16,2011/07/28,15058,65,107,71,0,2,255,255,245,247,1,0,N\A
16,2011/08/05,15202,65,106,56,0,2,255,255,246,248,2,0,N\A
16,2011/08/13,0,2,255,255,0,2,255,255,0,0,0,0,N\A
16,2011/08/21,14958,65,109,79,0,2,255,255,245,247,12,0,N\A
16,2011/08/29,0,2,255,255,0,2,255,255,0,0,0,0,N\A
16,2011/09/06,0,2,255,255,0,2,255,255,0,0,0,0,N\A
16,2011/09/14,0,2,255,255,0,2,255,255,0,0,0,0,N\A
16,2011/09/22,0,2,255,255,0,2,255,255,0,0,0,0,N\A
16,2011/09/30,14959,65,110,107,0,2,255,255,246,248,32,0,N\A
16,2011/10/08,14980,65,104,30,0,2,255,255,244,247,8,0,N\A
16,2011/10/16,14947,65,106,56,14933,0,225,90,246,248,76,64,N\A
16,2011/10/24,15104,65,106,62,14955,0,224,80,246,248,206,161,N\A
16,2011/11/01,15142,0,108,80,14854,0,225,80,246,248,141,18,N\A
16,2011/11/09,15113,65,107,65,14744,65,224,67,245,247,110,126,N\A
16,2011/11/17,15204,0,107,67,14774,0,221,36,246,248,157,10,N\A
16,2011/11/25,15303,0,108,73,14780,65,224,66,245,247,126,127,N\A
16,2011/12/03,15140,65,109,92,14453,65,223,62,245,247,137,132,N\A
16,2011/12/11,15037,65,106,56,14583,65,225,81,245,247,2,167,N\A
16,2011/12/19,15184,0,108,78,14384,65,216,0,246,247,129,128,N\A
16,2011/12/27,15373,0,107,67,14672,65,222,50,246,248,26,5,N\A
17,2011/01/01,14996,0,108,82,14739,65,226,78,247,247,143,6,N\A
17,2011/01/09,15044,0,105,54,14717,65,223,63,248,247,50,105,N\A
17,2011/01/17,15026,0,107,68,14787,0,222,50,247,247,183,120,N\A
17,2011/01/25,14977,0,106,62,14773,0,221,46,246,246,114,97,N\A
17,2011/02/02,15103,0,106,57,14822,0,224,69,247,246,253,127,N\A
17,2011/02/10,15145,0,107,66,14847,0,226,83,247,247,90,139,N\A
17,2011/02/18,15175,0,108,79,14948,0,225,69,247,248,167,18,N\A
17,2011/02/26,15041,65,112,123,14935,0,222,49,247,247,4,28,N\A
17,2011/03/06,15340,0,107,67,14928,0,226,90,247,247,129,80,N\A
17,2011/03/14,15123,65,105,45,14813,0,222,43,247,247,2,241,N\A
17,2011/03/22,15309,65,106,59,0,2,255,255,247,247,1,0,N\A
17,2011/03/30,0,2,255,255,14927,0,222,44,248,248,0,132,N\A
17,2011/04/07,15187,65,105,44,14952,0,227,102,246,247,144,16,N\A
17,2011/04/15,15374,65,103,23,14991,0,223,49,247,248,8,1,N\A
17,2011/04/23,0,2,255,255,14966,0,227,102,247,248,0,16,N\A
17,2011/05/01,0,2,255,255,0,2,255,255,0,0,0,0,N\A
17,2011/05/09,0,2,255,255,0,2,255,255,0,0,0,0,N\A
17,2011/05/17,15126,65,103,23,0,2,255,255,246,247,8,0,N\A
17,2011/05/25,0,2,255,255,0,2,255,255,0,0,0,0,N\A
17,2011/06/02,0,2,255,255,0,2,255,255,0,0,0,0,N\A
17,2011/06/10,0,2,255,255,0,2,255,255,0,0,0,0,N\A
17,2011/06/18,0,2,255,255,0,2,255,255,0,0,0,0,N\A
17,2011/06/26,0,2,255,255,0,2,255,255,0,0,0,0,N\A
17,2011/07/04,15105,65,108,77,0,2,255,255,249,248,18,0,N\A
17,2011/07/12,0,2,255,255,0,2,255,255,0,0,0,0,N\A
17,2011/07/20,0,2,255,255,0,2,255,255,0,0,0,0,N\A
17,2011/07/28,14886,65,100,2,0,2,255,255,246,245,64,0,N\A
17,2011/08/05,0,2,255,255,0,2,255,255,0,0,0,0,N\A
17,2011/08/13,0,2,255,255,0,2,255,255,0,0,0,0,N\A
17,2011/08/21,0,2,255,255,0,2,255,255,0,0,0,0,N\A
17,2011/08/29,0,2,255,255,0,2,255,255,0,0,0,0,N\A
17,2011/09/06,0,2,255,255,0,2,255,255,0,0,0,0,N\A
17,2011/09/14,0,2,255,255,0,2,255,255,0,0,0,0,N\A
17,2011/09/22,0,2,255,255,0,2,255,255,0,0,0,0,N\A
17,2011/09/30,0,2,255,255,0,2,255,255,0,0,0,0,N\A
17,2011/10/08,0,2,255,255,0,2,255,255,0,0,0,0,N\A
17,2011/10/16,14862,65,108,75,14911,65,225,78,247,248,12,64,N\A
17,2011/10/24,15114,0,105,52,14902,0,225,78,247,248,74,160,N\A
17,2011/11/01,15088,0,103,32,14821,65,224,61,246,246,69,123,N\A
17,2011/11/09,15016,65,105,47,14589,65,225,75,247,246,56,6,N\A
17,2011/11/17,15091,0,106,61,14765,65,225,73,246,246,151,9,N\A
17,2011/11/25,15077,0,107,66,14868,0,223,60,246,247,126,126,N\A
17,2011/12/03,14945,0,104,37,14768,65,226,88,246,246,196,13,N\A
17,2011/12/11,14849,0,107,64,14651,65,222,46,248,248,14,133,N\A
17,2011/12/19,14865,0,106,62,14641,65,222,37,247,247,222,2,N\A
17,2011/12/27,15060,0,108,75,14727,0,225,68,246,246,30,18,N\A
18,2011/01/01,15098,17,106,58,14872,81,222,40,240,243,71,2,N\A
18,2011/01/09,15087,17,106,65,14779,145,221,35,240,243,114,192,N\A
18,2011/01/17,15045,17,107,78,14826,81,222,50,240,243,191,122,N\A
18,2011/01/25,15048,17,107,69,14843,81,223,54,240,243,90,225,N\A
18,2011/02/02,15208,17,107,76,14887,17,224,63,240,243,239,126,N\A
18,2011/02/10,15137,81,104,47,14856,81,224,65,240,243,194,79,N\A
18,2011/02/18,15113,65,107,72,14973,17,224,62,240,243,129,66,N\A
18,2011/02/26,0,2,255,255,14908,17,228,114,240,243,0,8,N\A
18,2011/03/06,15372,0,106,64,14986,81,227,106,241,244,1,16,N\A
18,2011/03/14,15196,81,108,92,14849,81,221,33,240,243,64,17,N\A
18,2011/03/22,0,2,255,255,0,2,255,255,0,0,0,0,N\A
18,2011/03/30,15049,81,109,102,14944,81,221,29,241,244,80,4,N\A
18,2011/04/07,15095,81,105,50,14963,81,224,63,240,243,5,24,N\A
18,2011/04/15,15087,81,102,25,14960,81,227,90,240,243,130,3,N\A
18,2011/04/23,15154,81,109,103,15015,81,227,106,241,244,32,16,N\A
18,2011/05/01,15217,145,105,50,0,2,255,255,240,243,2,0,N\A
18,2011/05/09,0,2,255,255,0,2,255,255,0,0,0,0,N\A
18,2011/05/17,15340,145,103,26,0,2,255,255,240,243,8,0,N\A
18,2011/05/25,15230,145,107,79,0,2,255,255,240,243,128,0,N\A
18,2011/06/02,0,2,255,255,0,2,255,255,0,0,0,0,N\A
18,2011/06/10,0,2,255,255,0,2,255,255,0,0,0,0,N\A
18,2011/06/18,0,2,255,255,0,2,255,255,0,0,0,0,N\A
18,2011/06/26,15135,81,104,36,0,2,255,255,240,243,4,0,N\A
18,2011/07/04,15078,81,109,88,0,2,255,255,241,243,6,0,N\A
18,2011/07/12,0,2,255,255,0,2,255,255,0,0,0,0,N\A
18,2011/07/20,0,2,255,255,0,2,255,255,0,0,0,0,N\A
18,2011/07/28,0,2,255,255,0,2,255,255,0,0,0,0,N\A
18,2011/08/05,15249,81,105,50,0,2,255,255,241,244,2,0,N\A
18,2011/08/13,15165,145,106,64,0,2,255,255,240,243,1,0,N\A
18,2011/08/21,0,2,255,255,0,2,255,255,0,0,0,0,N\A
18,2011/08/29,15059,81,109,103,0,2,255,255,242,244,32,0,N\A
18,2011/09/06,14983,81,108,92,0,2,255,255,241,244,64,0,N\A
18,2011/09/14,15269,145,106,64,0,2,255,255,241,244,1,0,N\A
18,2011/09/22,0,2,255,255,0,2,255,255,0,0,0,0,N\A
18,2011/09/30,0,2,255,255,0,2,255,255,0,0,0,0,N\A
18,2011/10/08,0,2,255,255,0,2,255,255,0,0,0,0,N\A
18,2011/10/16,15025,81,100,4,14774,81,227,102,240,243,64,68,N\A
18,2011/10/24,15196,145,102,25,14894,81,225,83,240,243,138,169,N\A
18,2011/11/01,15273,81,106,63,14965,17,222,41,240,243,199,2,N\A
18,2011/11/09,15186,81,104,47,14968,81,223,50,240,243,154,133,N\A
18,2011/11/17,15238,81,106,61,14905,81,221,30,240,243,247,10,N\A
18,2011/11/25,15254,17,105,59,14900,17,224,63,240,243,254,126,N\A
18,2011/12/03,15124,81,106,63,14906,81,223,52,240,243,156,72,N\A
18,2011/12/11,15100,0,104,38,14754,81,226,91,240,243,10,139,N\A
18,2011/12/19,15005,81,106,59,0,2,255,255,240,243,211,0,N\A
18,2011/12/27,15195,65,108,78,14836,81,224,67,240,243,30,31,N\A
19,2011/01/01,14959,0,106,56,14839,65,225,79,247,248,221,82,N\A
19,2011/01/09,14920,0,104,45,14781,65,226,87,247,248,178,9,N\A
19,2011/01/17,15089,0,105,52,14794,0,222,53,247,248,149,122,N\A
19,2011/01/25,14958,0,107,70,14802,65,223,58,247,248,222,225,N\A
19,2011/02/02,15163,0,106,63,14808,0,224,65,247,248,253,126,N\A
19,2011/02/10,15163,65,106,59,14793,0,225,73,247,248,74,7,N\A
19,2011/02/18,15278,0,106,54,14911,0,224,66,247,248,5,66,N\A
19,2011/02/26,15075,65,102,24,14868,0,228,116,247,248,170,8,N\A
19,2011/03/06,15239,65,109,95,14909,0,226,98,247,248,160,80,N\A
19,2011/03/14,15042,65,105,54,14827,0,221,36,247,249,98,17,N\A
19,2011/03/22,0,2,255,255,0,2,255,255,0,0,0,0,N\A
19,2011/03/30,14974,65,106,60,14918,65,221,32,247,248,50,4,N\A
19,2011/04/07,15120,65,107,68,14887,0,224,65,247,248,1,24,N\A
19,2011/04/15,15296,65,110,90,14999,0,223,58,247,249,6,1,N\A
19,2011/04/23,15020,65,110,106,0,2,255,255,248,249,32,0,N\A
19,2011/05/01,15056,65,103,29,0,2,255,255,247,248,8,0,N\A
19,2011/05/09,14845,65,108,83,0,2,255,255,247,249,128,0,N\A
19,2011/05/17,15016,65,102,21,0,2,255,255,247,249,40,0,N\A
19,2011/05/25,14944,65,111,114,14921,65,225,87,247,248,40,64,N\A
19,2011/06/02,0,2,255,255,0,2,255,255,0,0,0,0,N\A
19,2011/06/10,15109,65,108,75,0,2,255,255,247,249,129,0,N\A
19,2011/06/18,0,2,255,255,0,2,255,255,0,0,0,0,N\A
19,2011/06/26,0,2,255,255,0,2,255,255,0,0,0,0,N\A
19,2011/07/04,14969,65,107,72,0,2,255,255,247,248,24,0,N\A
19,2011/07/12,14960,65,109,95,0,2,255,255,247,248,160,0,N\A
19,2011/07/20,0,2,255,255,0,2,255,255,0,0,0,0,N\A
19,2011/07/28,15040,65,107,69,0,2,255,255,247,248,1,0,N\A
19,2011/08/05,15158,65,106,54,0,2,255,255,246,248,2,0,N\A
19,2011/08/13,0,2,255,255,0,2,255,255,0,0,0,0,N\A
19,2011/08/21,15114,65,105,42,0,2,255,255,248,249,10,0,N\A
19,2011/08/29,14785,65,109,106,0,2,255,255,247,249,32,0,N\A
19,2011/09/06,0,2,255,255,0,2,255,255,0,0,0,0,N\A
19,2011/09/14,0,2,255,255,0,2,255,255,0,0,0,0,N\A
19,2011/09/22,14968,65,103,28,0,2,255,255,247,249,8,0,N\A
19,2011/09/30,14960,65,108,87,0,2,255,255,247,249,33,0,N\A
19,2011/10/08,14837,65,111,114,0,2,255,255,247,248,16,0,N\A
19,2011/10/16,14904,65,106,64,14953,0,225,87,248,249,72,64,N\A
19,2011/10/24,15028,65,106,62,14967,0,224,77,247,248,254,161,N\A
19,2011/11/01,15062,65,108,84,14731,0,226,84,246,248,173,6,N\A
19,2011/11/09,15050,65,104,42,14802,65,221,35,247,248,186,196,N\A
19,2011/11/17,15164,0,106,63,14856,0,221,33,247,249,181,10,N\A
19,2011/11/25,15168,0,106,61,14897,0,223,64,247,248,254,127,N\A
19,2011/12/03,14997,65,105,54,14876,0,223,55,247,249,220,72,N\A
19,2011/12/11,14767,65,106,60,14720,65,223,59,247,248,134,199,N\A
19,2011/12/19,14913,65,104,44,0,2,255,255,247,249,213,0,N\A
19,2011/12/27,15103,0,108,81,14821,0,220,23,247,249,30,20,N\A
20,2011/01/01,15001,0,106,55,14712,65,226,85,247,248,245,6,N\A
20,2011/01/09,15109,0,109,85,14711,65,223,60,247,248,18,73,N\A
20,2011/01/17,15062,0,108,73,14717,0,224,66,247,248,189,90,N\A
20,2011/01/25,15090,0,107,74,14743,65,222,54,247,248,90,97,N\A
20,2011/02/02,15163,0,108,74,14785,65,224,70,247,248,189,124,N\A
20,2011/02/10,15232,0,108,76,14789,0,226,85,247,249,66,15,N\A
20,2011/02/18,15205,0,106,54,14874,0,225,88,247,249,149,64,N\A
20,2011/02/26,0,2,255,255,14779,0,223,60,247,248,0,72,N\A
20,2011/03/06,15252,0,109,95,14904,0,227,110,247,248,160,16,N\A
20,2011/03/14,15219,65,109,96,14711,0,224,73,247,248,64,57,N\A
20,2011/03/22,15162,65,107,70,0,2,255,255,248,248,1,0,N\A
20,2011/03/30,0,2,255,255,14900,0,221,33,247,249,0,4,N\A
20,2011/04/07,0,2,255,255,14841,65,222,47,247,248,0,56,N\A
20,2011/04/15,15360,65,106,55,14927,65,223,60,247,249,2,1,N\A
20,2011/04/23,0,2,255,255,0,2,255,255,0,0,0,0,N\A
20,2011/05/01,0,2,255,255,0,2,255,255,0,0,0,0,N\A
20,2011/05/09,0,2,255,255,0,2,255,255,0,0,0,0,N\A
20,2011/05/17,0,2,255,255,0,2,255,255,0,0,0,0,N\A
20,2011/05/25,0,2,255,255,0,2,255,255,0,0,0,0,N\A
20,2011/06/02,0,2,255,255,0,2,255,255,0,0,0,0,N\A
20,2011/06/10,0,2,255,255,0,2,255,255,0,0,0,0,N\A
20,2011/06/18,0,2,255,255,0,2,255,255,0,0,0,0,N\A
20,2011/06/26,0,2,255,255,0,2,255,255,0,0,0,0,N\A
20,2011/07/04,0,2,255,255,0,2,255,255,0,0,0,0,N\A
20,2011/07/12,0,2,255,255,0,2,255,255,0,0,0,0,N\A
20,2011/07/20,0,2,255,255,0,2,255,255,0,0,0,0,N\A
20,2011/07/28,15239,65,108,84,0,2,255,255,247,249,128,0,N\A
20,2011/08/05,15251,65,106,55,0,2,255,255,247,249,2,0,N\A
20,2011/08/13,0,2,255,255,0,2,255,255,0,0,0,0,N\A
20,2011/08/21,0,2,255,255,0,2,255,255,0,0,0,0,N\A
20,2011/08/29,0,2,255,255,0,2,255,255,0,0,0,0,N\A
20,2011/09/06,0,2,255,255,0,2,255,255,0,0,0,0,N\A
20,2011/09/14,0,2,255,255,0,2,255,255,0,0,0,0,N\A
20,2011/09/22,0,2,255,255,0,2,255,255,0,0,0,0,N\A
20,2011/09/30,14934,65,110,106,0,2,255,255,247,248,32,0,N\A
20,2011/10/08,0,2,255,255,0,2,255,255,0,0,0,0,N\A
20,2011/10/16,14922,0,103,24,14957,0,225,89,247,249,68,64,N\A
20,2011/10/24,15084,0,105,53,14945,0,224,78,247,249,238,161,N\A
20,2011/11/01,15112,0,109,85,14924,0,222,46,247,248,45,2,N\A
20,2011/11/09,15105,0,102,24,14769,0,226,81,247,248,170,6,N\A
20,2011/11/17,15135,0,106,64,14853,0,220,23,247,249,253,8,N\A
20,2011/11/25,15192,0,106,62,14865,0,222,55,247,248,254,125,N\A
20,2011/12/03,15034,0,106,58,14806,0,225,78,247,248,216,76,N\A
20,2011/12/11,15009,0,106,55,14665,65,224,70,247,248,2,207,N\A
20,2011/12/19,14926,0,105,54,0,2,255,255,247,249,193,0,N\A
20,2011/12/27,15108,0,109,82,14756,0,219,15,247,248,30,16,N\A
21,2011/01/01,15118,17,106,59,14842,81,222,43,242,244,217,2,N\A
21,2011/01/09,15134,17,106,59,14710,81,224,71,243,244,50,128,N\A
21,2011/01/17,15237,0,104,47,14771,81,222,52,243,244,148,122,N\A
21,2011/01/25,15094,17,106,68,14760,81,221,37,242,244,114,192,N\A
21,2011/02/02,15193,81,108,83,14857,81,224,64,243,245,173,126,N\A
21,2011/02/10,15217,17,109,90,14856,81,225,71,243,244,6,7,N\A
21,2011/02/18,15353,0,106,54,14912,65,224,64,245,246,5,66,N\A
21,2011/02/26,0,2,255,255,14914,17,225,74,242,244,0,12,N\A
21,2011/03/06,15308,0,108,87,14884,81,227,108,243,245,33,16,N\A
21,2011/03/14,15104,65,105,53,14825,81,223,56,244,245,2,49,N\A
21,2011/03/22,0,2,255,255,0,2,255,255,0,0,0,0,N\A
21,2011/03/30,0,2,255,255,14919,81,226,97,244,245,0,32,N\A
21,2011/04/07,0,2,255,255,14916,17,227,107,244,245,0,16,N\A
21,2011/04/15,0,2,255,255,14963,81,223,57,243,244,0,1,N\A
21,2011/04/23,15346,145,109,106,14937,81,227,108,242,244,32,16,N\A
21,2011/05/01,0,2,255,255,0,2,255,255,0,0,0,0,N\A
21,2011/05/09,15211,81,107,68,0,2,255,255,243,245,1,0,N\A
21,2011/05/17,14981,81,113,126,0,2,255,255,241,243,4,0,N\A
21,2011/05/25,0,2,255,255,14958,81,225,85,243,245,0,64,N\A
21,2011/06/02,0,2,255,255,0,2,255,255,0,0,0,0,N\A
21,2011/06/10,0,2,255,255,0,2,255,255,0,0,0,0,N\A
21,2011/06/18,0,2,255,255,0,2,255,255,0,0,0,0,N\A
21,2011/06/26,15185,65,105,40,0,2,255,255,242,244,4,0,N\A
21,2011/07/04,15167,81,108,84,0,2,255,255,241,244,18,0,N\A
21,2011/07/12,0,2,255,255,0,2,255,255,0,0,0,0,N\A
21,2011/07/20,0,2,255,255,0,2,255,255,0,0,0,0,N\A
21,2011/07/28,0,2,255,255,0,2,255,255,0,0,0,0,N\A
21,2011/08/05,15258,81,105,53,0,2,255,255,244,245,2,0,N\A
21,2011/08/13,15281,145,107,68,0,2,255,255,241,243,1,0,N\A
21,2011/08/21,15255,81,103,28,0,2,255,255,241,244,8,0,N\A
21,2011/08/29,0,2,255,255,0,2,255,255,0,0,0,0,N\A
21,2011/09/06,0,2,255,255,0,2,255,255,0,0,0,0,N\A
21,2011/09/14,15059,81,104,39,0,2,255,255,242,244,4,0,N\A
21,2011/09/22,0,2,255,255,0,2,255,255,0,0,0,0,N\A
21,2011/09/30,15237,145,106,68,0,2,255,255,241,244,1,0,N\A
21,2011/10/08,0,2,255,255,0,2,255,255,0,0,0,0,N\A
21,2011/10/16,0,2,255,255,14940,145,225,86,240,243,0,64,N\A
21,2011/10/24,15140,81,105,49,14915,17,224,76,242,244,154,161,N\A
21,2011/11/01,15350,17,106,54,14896,81,222,43,242,244,5,2,N\A
21,2011/11/09,15239,0,104,41,14498,81,230,127,243,244,10,2,N\A
21,2011/11/17,15267,81,105,56,14862,81,221,32,243,245,145,10,N\A
21,2011/11/25,15170,0,105,55,14884,17,224,65,241,243,190,254,N\A
21,2011/12/03,15165,81,110,102,14804,81,227,104,242,244,136,68,N\A
21,2011/12/11,0,2,255,255,14714,145,225,72,241,243,0,7,N\A
21,2011/12/19,14920,65,103,36,0,2,255,255,244,244,208,0,N\A
21,2011/12/27,15156,17,108,81,14848,17,219,13,242,244,30,16,N\A
22,2011/01/01,15005,0,105,52,0,2,255,255,247,248,93,0,N\A
22,2011/01/09,14978,0,107,69,14654,65,225,83,247,248,114,137,N\A
22,2011/01/17,14984,0,106,54,14679,65,222,54,247,249,245,122,N\A
22,2011/01/25,14955,0,105,51,14865,0,223,59,246,248,250,1,N\A
22,2011/02/02,15189,0,108,74,14750,0,224,66,247,248,189,102,N\A
22,2011/02/10,15180,65,106,60,14627,65,224,68,247,248,74,79,N\A
22,2011/02/18,15179,65,106,54,14844,0,224,67,247,248,149,66,N\A
22,2011/02/26,15257,0,104,30,14758,0,221,42,247,249,8,92,N\A
22,2011/03/06,15303,0,110,107,14794,65,227,109,247,248,32,16,N\A
22,2011/03/14,0,2,255,255,14765,0,223,57,246,248,0,49,N\A
22,2011/03/22,0,2,255,255,0,2,255,255,0,0,0,0,N\A
22,2011/03/30,15136,65,106,55,0,2,255,255,247,248,2,0,N\A
22,2011/04/07,15217,65,103,20,14812,65,222,46,247,249,16,56,N\A
22,2011/04/15,15449,65,106,55,14813,65,227,94,247,248,2,3,N\A
22,2011/04/23,0,2,255,255,0,2,255,255,0,0,0,0,N\A
22,2011/05/01,0,2,255,255,0,2,255,255,0,0,0,0,N\A
22,2011/05/09,0,2,255,255,0,2,255,255,0,0,0,0,N\A
22,2011/05/17,0,2,255,255,0,2,255,255,0,0,0,0,N\A
22,2011/05/25,0,2,255,255,0,2,255,255,0,0,0,0,N\A
22,2011/06/02,0,2,255,255,0,2,255,255,0,0,0,0,N\A
22,2011/06/10,14893,65,107,70,0,2,255,255,246,249,1,0,N\A
22,2011/06/18,0,2,255,255,0,2,255,255,0,0,0,0,N\A
22,2011/06/26,0,2,255,255,0,2,255,255,0,0,0,0,N\A
22,2011/07/04,15103,65,104,30,0,2,255,255,246,248,8,0,N\A
22,2011/07/12,0,2,255,255,0,2,255,255,0,0,0,0,N\A
22,2011/07/20,0,2,255,255,0,2,255,255,0,0,0,0,N\A
22,2011/07/28,15271,65,108,84,0,2,255,255,247,249,128,0,N\A
22,2011/08/05,0,2,255,255,0,2,255,255,0,0,0,0,N\A
22,2011/08/13,0,2,255,255,0,2,255,255,0,0,0,0,N\A
22,2011/08/21,0,2,255,255,0,2,255,255,0,0,0,0,N\A
22,2011/08/29,0,2,255,255,0,2,255,255,0,0,0,0,N\A
22,2011/09/06,0,2,255,255,0,2,255,255,0,0,0,0,N\A
22,2011/09/14,0,2,255,255,0,2,255,255,0,0,0,0,N\A
22,2011/09/22,0,2,255,255,0,2,255,255,0,0,0,0,N\A
22,2011/09/30,0,2,255,255,0,2,255,255,0,0,0,0,N\A
22,2011/10/08,0,2,255,255,0,2,255,255,0,0,0,0,N\A
22,2011/10/16,14857,65,106,64,14959,0,225,88,247,248,72,64,N\A
22,2011/10/24,15057,65,107,70,14974,0,224,78,246,248,198,161,N\A
22,2011/11/01,15253,0,107,73,14900,0,222,45,246,248,37,2,N\A
22,2011/11/09,15083,0,106,57,14780,65,228,117,247,249,190,8,N\A
22,2011/11/17,15220,0,106,64,14796,0,221,34,247,248,181,10,N\A
22,2011/11/25,15210,0,106,62,14817,0,223,55,247,248,254,180,N\A
22,2011/12/03,15011,65,106,63,14775,65,225,78,246,249,252,76,N\A
22,2011/12/11,14779,65,106,61,14519,65,223,64,247,248,134,67,N\A
22,2011/12/19,14878,65,105,45,0,2,255,255,247,248,213,0,N\A
22,2011/12/27,15073,0,109,82,14668,65,224,66,247,249,30,24,N\A