1,20.23,-100.26,8,6,1421,2344
2,31.21,27.11,20,5,764,2109
id,Date,Surface_reflectance_for_band_1,Surface_reflectance_for_band_2,Surface_reflectance_for_band_3,Surface_reflectance_for_band_4,Surface_reflectance_for_band_5,Surface_reflectance_for_band_6,Surface_reflectance_for_band_7,Surface_reflectance_500m_quality_control_flags,Solar_zenith,View_zenith,Relative_azimuth,Surface_reflectance_500m_state_flags,Surface_reflectance_day_of_year,actual_date
1,2000/02/18,1588,2773,815,1196,3978,3588,2369,1073741824,4185,6435,-3733,136,55,2000/02/24
1,2000/02/26,1313,2227,667,952,3069,2918,1997,1073741824,3163,1381,13367,72,63,2000/03/03
1,2000/03/05,1178,2079,533,826,-28672,-28672,3,1136132099,2829,2651,13279,72,70,2000/03/10
1,2000/03/13,1338,2257,636,954,3093,3159,2315,1073741824,2579,1435,13794,72,79,2000/03/19
1,2000/03/21,1465,2501,731,1055,3417,3217,2558,1107296256,2353,128,13164,72,88,2000/03/28
1,2000/03/29,1350,2413,689,979,3371,3240,2333,1073741824,2015,1535,14739,136,95,2000/04/04
1,2000/04/06,1631,2747,746,1121,3763,3681,2717,1073741824,2175,1284,-2864,72,97,2000/04/06
1,2000/04/14,1470,2450,683,1041,3489,3388,2470,1073741824,1556,1553,15889,72,111,2000/04/20
1,2000/04/22,1906,3132,983,1393,4216,4236,3149,1073741824,1767,1248,-1632,72,113,2000/04/22
1,2000/04/30,1360,2390,694,978,3421,3315,2380,1073741824,1290,1534,17683,72,127,2000/05/06
1,2000/05/08,1545,2680,730,1101,3772,3644,2641,1073741824,1391,23,-13037,72,136,2000/05/15
1,2000/05/16,1677,2852,871,1224,3958,3908,2867,1073741824,1678,2700,793,72,138,2000/05/17
1,2000/05/24,599,1212,311,454,1667,1420,901,1073741824,540,5928,-15730,8204,146,2000/05/25
1,2000/06/01,1015,1876,506,744,2737,2656,1956,1073741824,1020,3821,-15467,72,157,2000/06/05
1,2000/06/09,1362,2474,1174,1259,3172,3035,1912,1073741824,2185,5310,1869,8204,165,2000/06/13
1,2000/06/17,1083,2366,779,961,2988,2582,1521,1073741824,1400,1499,-15602,1032,175,2000/06/23
1,2000/06/25,1117,2746,577,941,3580,3164,2081,1073741824,1686,1294,2353,72,177,2000/06/25
1,2000/07/03,891,2460,433,755,2941,2385,1504,1073741824,1452,1544,-15897,136,191,2000/07/09
1,2000/07/11,894,2562,439,759,3122,2613,1683,1073741824,1615,134,-17089,136,200,2000/07/18
1,2000/07/19,1002,3224,493,892,3618,2808,1387,1073741824,2201,4599,1045,8204,204,2000/07/22
1,2000/07/27,1305,3693,649,1111,4318,3560,1987,1073741824,1789,1375,767,8200,209,2000/07/27
1,2000/08/12,1064,3180,717,1018,3267,2354,1444,1073741824,1768,171,17365,8200,232,2000/08/19
1,2000/08/20,755,2485,404,689,2795,2020,1160,1073741824,1465,3896,15190,72,237,2000/08/24
1,2000/08/28,917,2969,467,811,3396,2566,1499,1073741824,2004,245,14008,72,248,2000/09/04
1,2000/09/05,819,2577,434,713,2965,1993,1338,1073741824,2057,1644,13842,72,255,2000/09/11
1,2000/09/13,1289,3509,997,1258,3826,2766,1591,1073741824,2821,5266,-3134,1033,261,2000/09/17
1,2000/09/21,726,2357,552,704,2586,1929,1002,1073741824,2150,5420,11804,8204,267,2000/09/23
1,2000/09/29,1068,2727,550,906,3247,2669,1691,1073741824,2724,1266,-4821,72,273,2000/09/29
1,2000/10/07,900,2449,484,748,3011,2419,1462,1073741824,3029,1517,11975,72,287,2000/10/13
1,2000/10/15,888,2356,465,726,2975,2422,1437,1073741824,3374,107,11430,72,296,2000/10/22
1,2000/10/23,1025,2099,527,801,2735,2566,1759,1073741824,3548,1462,11621,72,303,2000/10/29
1,2000/10/31,1129,2443,565,867,3175,3092,4703,1073741824,3708,1376,-6033,72,305,2000/10/31
1,2000/11/08,854,2051,398,634,2697,2358,1506,1073741824,4007,1489,11513,136,319,2000/11/14
1,2000/11/16,788,1864,404,610,2488,2187,1406,1073741824,4037,4675,11017,72,324,2000/11/19
1,2000/11/24,799,1898,399,612,2569,2289,1434,1073741824,4359,1425,11464,72,335,2000/11/30
1,2000/12/02,998,2023,512,759,2784,2660,1830,1073741824,4539,21,-8026,72,344,2000/12/09
1,2000/12/10,963,1999,491,733,2739,2568,1767,1073741824,4560,1453,11805,72,351,2000/12/16
1,2000/12/18,1252,2311,659,966,3069,2920,2037,1073741824,4669,1348,-5961,72,353,2000/12/18
1,2000/12/26,917,1878,438,676,2584,2416,1597,1073741824,4501,3810,11680,1032,365,2000/12/30
1,2001/01/01,970,1796,506,741,2492,2460,1750,1073741824,4486,2733,11932,72,8,2001/01/08
1,2001/01/09,1221,2076,797,1027,2888,2825,2089,1073741824,4681,2663,-5467,72,12,2001/01/12
1,2001/01/17,1162,2186,580,866,3007,2983,2087,1073741824,4525,1394,-5195,72,19,2001/01/19
1,2001/01/25,1373,2368,698,1031,3204,3227,2350,1073741824,4431,2609,-4966,72,28,2001/01/28
1,2001/02/02,1178,1942,813,980,2596,2502,1704,1073741824,3789,4695,12324,8204,38,2001/02/07
1,2001/02/10,899,1705,448,660,2361,2333,1581,1073741824,3573,3850,12594,72,47,2001/02/16
1,2001/02/18,1114,1924,570,817,2720,2831,2077,1073741824,3650,1526,13102,72,49,2001/02/18
1,2001/02/26,1197,2291,605,877,3220,3139,2113,1073741824,3554,2617,-4138,72,60,2001/03/01
1,2001/03/06,1465,2404,782,1121,3239,3324,2522,1073741824,3228,1366,-3992,72,67,2001/03/08
1,2001/03/14,1676,2827,822,1255,3707,3632,2637,1073741824,3029,2683,-3356,136,76,2001/03/17
1,2001/03/22,1437,2499,753,1070,3478,3569,2604,1073741824,2687,1357,-3183,72,83,2001/03/24
1,2001/03/30,1373,2303,698,1008,3173,3317,2487,1073741824,2352,65,11217,72,90,2001/03/31
1,2001/04/07,1587,2639,816,1165,3585,3700,2881,1073741824,2204,1366,-2380,72,99,2001/04/09
1,2001/04/15,1505,2479,778,1114,3427,3563,2704,1073741824,1898,100,14771,72,106,2001/04/16
1,2001/04/23,1173,2059,595,840,2933,2991,2156,1073741824,1616,1517,16485,72,113,2001/04/23
1,2001/05/01,1325,2314,698,984,3251,3418,2629,1073741824,1610,116,16863,136,122,2001/05/02
1,2001/05/09,1198,2442,157,691,3530,3554,2646,1073741824,1408,1489,-17954,201,129,2001/05/09
1,2001/05/17,782,1760,399,609,2309,2209,1433,1073741824,803,5398,-16666,204,141,2001/05/21
1,2001/05/25,1631,2796,865,1248,3700,3773,2942,1073741824,1678,1276,1630,72,147,2001/05/27
1,2001/06/02,814,1551,488,647,2163,2141,1519,1073741824,1181,3839,-15451,136,159,2001/06/08
1,2001/06/10,1600,2621,1451,1565,3438,3198,2214,1073741824,2058,3710,1957,8204,165,2001/06/14
1,2001/06/26,-28672,-28672,-28672,-28672,-28672,-28672,-28672,4294967295,0,0,0,65535,65535,2180/06/05
1,2001/07/04,808,2586,377,710,3086,2397,1303,1073741824,2324,4599,1608,8204,190,2001/07/09
1,2001/07/12,896,2968,415,811,3136,2458,1409,1073741824,2493,5298,1235,72,199,2001/07/18
1,2001/07/20,918,3090,437,856,3417,2525,1372,1073741824,2077,2553,1020,72,204,2001/07/23
1,2001/07/28,1026,3206,482,927,3456,2605,1537,1073741824,2245,3634,518,72,213,2001/08/01
1,2001/08/05,823,3028,236,705,3244,2570,1549,1073741824,1834,215,17952,136,218,2001/08/06
1,2001/08/13,1181,3719,617,1084,3902,2976,1722,1073741824,2028,1195,-408,72,227,2001/08/15
1,2001/08/21,966,3014,492,858,3245,2504,1521,1073741824,1959,214,14989,8204,234,2001/08/22
1,2001/08/29,1426,3494,1332,1510,3700,2607,1449,1073741824,1929,1580,15585,1033,241,2001/08/29
1,2001/09/06,816,3211,430,802,3359,2310,1156,1073741824,2478,2590,-2594,72,252,2001/09/09
1,2001/09/14,884,3037,447,817,3325,2442,1338,1073741824,2511,1330,-3302,72,259,2001/09/16
1,2001/09/22,511,2241,250,489,2360,1581,764,1073741824,2495,3820,12687,72,271,2001/09/28
1,2001/09/30,770,2351,376,651,2725,2078,1230,1073741824,2700,1480,13194,72,273,2001/09/30
1,2001/10/08,860,2513,451,757,2911,2246,1311,1073741824,3043,148,11360,72,282,2001/10/09
1,2001/10/16,960,2740,491,817,3297,2561,1568,1073741824,3387,1249,-5064,72,291,2001/10/18
1,2001/10/24,898,2499,442,725,3096,2459,1479,1073741824,3539,125,12614,72,298,2001/10/25
1,2001/11/01,950,2492,485,756,3153,2496,1526,1073741824,3868,1339,-5503,72,307,2001/11/03
1,2001/11/09,946,2314,452,732,3032,2538,1631,1073741824,4009,72,13272,72,314,2001/11/10
1,2001/11/17,940,1824,436,705,2416,2268,1529,1073741824,4255,2789,11656,72,328,2001/11/24
1,2001/11/25,988,2140,496,754,2778,2589,1731,1073741824,4389,145,10774,72,330,2001/11/26
1,2001/12/03,1082,2292,545,819,3074,2734,1876,1073741824,4604,1276,-5992,72,339,2001/12/05
1,2001/12/11,1002,2150,458,740,2832,2646,1732,1073741824,4643,89,11304,72,346,2001/12/12
1,2001/12/19,1155,2261,589,878,3006,2820,2001,1073741824,4774,1375,-5802,72,355,2001/12/21
1,2001/12/27,1130,2190,585,862,2854,2709,1798,1073741824,4731,89,12706,72,362,2001/12/28
1,2002/01/01,1171,2166,581,880,2809,2873,2056,1075576832,4769,1349,-5214,72,6,2002/01/06
1,2002/01/09,1182,2133,552,873,2787,2759,1874,1073741824,4763,2645,-5020,72,15,2002/01/15
1,2002/01/17,1293,2481,666,988,3302,3213,2188,1073741824,4713,3682,-4731,72,24,2002/01/24
1,2002/01/25,898,1642,471,694,2322,2299,1628,1073741824,4384,128,11653,72,29,2002/01/29
1,2002/02/02,1373,2560,689,1037,3367,3311,2330,1073741824,4634,4590,-4448,136,33,2002/02/02
1,2002/02/10,1446,2435,711,1084,3031,3191,2346,1075576832,4110,2655,-4124,72,47,2002/02/16
1,2002/02/18,1150,2102,532,845,2866,2790,2019,1073741824,3808,1330,-4208,72,54,2002/02/23
1,2002/02/26,1384,2519,672,1019,3329,3292,2285,1073741824,3621,2609,-3559,72,63,2002/03/04
1,2002/03/06,1365,2408,707,1029,3208,3258,2347,1073741824,3293,1376,-3317,72,70,2002/03/11
1,2002/03/14,1339,2261,664,980,3018,3079,2292,1073741824,2952,68,11988,72,77,2002/03/18
1,2002/03/22,1493,2812,753,1117,3678,3557,2493,1073741824,2945,3720,-2369,72,88,2002/03/29
1,2002/03/30,1614,2854,801,1189,3746,3805,2881,1073741824,2624,2654,-2123,72,95,2002/04/05
1,2002/04/07,1074,1988,584,812,2659,2671,1909,1073741824,1944,3763,15119,72,98,2002/04/08
1,2002/04/15,1210,2333,620,911,3147,3194,2257,1073741824,2021,91,12641,72,109,2002/04/19
1,2002/04/23,1616,2892,811,1202,3814,3836,2801,1073741824,1997,1331,-351,72,118,2002/04/28
1,2002/05/01,1576,2923,758,1150,3996,4025,2998,1073741824,2044,2645,254,136,127,2002/05/07
1,2002/05/09,1367,2665,683,1008,3542,3445,2489,1073741824,2141,3701,816,136,136,2002/05/16
1,2002/05/17,1275,2553,624,951,3471,3378,2364,1073741824,1704,128,17847,72,141,2002/05/21
1,2002/05/25,1597,2831,812,1194,3718,3701,2678,1073741824,1864,1267,1931,72,150,2002/05/30
1,2002/06/02,1264,2434,610,935,3275,3204,2329,1073741824,2447,5298,1579,72,154,2002/06/03
1,2002/06/10,1480,2869,750,1142,3648,3447,2485,1073741824,1947,1330,2048,72,166,2002/06/15
1,2002/06/18,1311,2815,656,1027,3585,3401,2409,1073741824,2133,2626,2047,72,175,2002/06/24
1,2002/06/26,1621,3126,1256,1509,3710,3370,2323,1073741824,2309,3691,1816,1033,184,2002/07/03
1,2002/07/04,852,2438,419,719,2973,2407,1379,1073741824,1903,127,-14995,72,189,2002/07/08
1,2002/07/12,1047,3031,508,917,3566,2951,1835,1073741824,2068,1284,1400,8200,198,2002/07/17
1,2002/07/20,921,2736,479,820,3054,2454,1508,1073741824,1940,142,17128,72,205,2002/07/24
1,2002/07/28,1052,3530,676,1028,3691,2784,1506,1073741824,2403,3701,470,8204,216,2002/08/04
1,2002/08/05,907,2850,462,815,3182,2524,1544,1073741824,1996,98,14338,72,221,2002/08/09
1,2002/08/13,608,2559,310,593,2557,1750,946,1073741824,1609,3821,17092,204,226,2002/08/14
1,2002/08/21,1277,3838,642,1130,4194,3248,2060,1073741824,2400,2599,-1362,72,239,2002/08/27
1,2002/08/29,933,3354,456,845,3794,2847,1698,1073741824,2361,1339,-2160,136,246,2002/09/03
1,2002/09/06,1345,2456,1316,1383,2705,2178,1488,1073741824,2098,2761,14681,1032,251,2002/09/08
1,2002/09/14,762,3044,393,759,3180,2187,1062,1073741824,2910,3691,-3210,72,264,2002/09/21
1,2002/09/22,627,2324,306,589,2441,1613,826,1073741824,2283,4685,13064,72,265,2002/09/22
1,2002/09/30,1034,3214,576,944,3527,2727,1578,1073741824,3294,3757,-4250,8204,280,2002/10/07
1,2002/10/08,529,1874,207,440,2248,1624,942,1073741824,3182,35,17349,8204,285,2002/10/12
1,2002/10/16,648,2502,329,596,2811,2071,1077,1073741824,3327,1472,12296,136,292,2002/10/19
1,2002/10/24,889,2796,628,844,3307,2575,1393,1073741824,3851,2636,-5336,1032,303,2002/10/30
1,2002/11/01,600,1980,83,446,2455,1988,1150,1073741824,4168,3748,-5395,8204,312,2002/11/08
1,2002/11/09,678,1983,333,578,2368,1935,1099,1073741824,3979,5336,11297,72,320,2002/11/16
1,2002/11/17,1061,2398,480,806,3123,2703,1797,1073741824,4382,1348,-5755,72,326,2002/11/22
1,2002/11/25,985,2248,488,752,2873,2577,1648,1073741824,4467,117,11028,72,333,2002/11/29
1,2002/12/03,1269,2530,579,946,3219,3013,2034,1073741824,4816,3663,-5561,72,344,2002/12/10
1,2002/12/11,1108,2412,530,836,3134,2891,1969,1073741824,4825,2571,-5558,72,351,2002/12/17
1,2002/12/19,913,1963,416,654,2666,2371,1625,1073741824,4679,1525,12150,72,356,2002/12/22
1,2002/12/27,1026,2071,493,760,2794,2611,1810,1073741824,4748,60,9433,72,365,2002/12/31
2,2000/02/18,-28672,-28672,-28672,-28672,-28672,-28672,-28672,4294967295,0,0,0,65535,65535,2179/06/05
2,2000/02/26,3278,4752,1381,2131,5738,5886,4891,1073741824,4376,1713,-5304,72,58,2000/02/27
2,2000/03/05,3308,4654,1270,2084,5787,5815,4990,1073741824,4054,436,-5528,72,65,2000/03/05
2,2000/03/13,3172,4468,1214,2022,5295,5604,5265,1073741824,3392,2110,12347,72,79,2000/03/19
2,2000/03/21,3256,4563,1307,2093,5526,5742,4763,1610612736,3091,982,12747,72,88,2000/03/28
2,2000/03/29,3092,4272,1324,2059,5153,5355,4526,1073741824,2737,4138,12184,72,93,2000/04/02
2,2000/04/06,3494,4703,1509,2351,5457,5869,5228,1073741824,2814,296,-3829,72,97,2000/04/06
2,2000/04/14,3851,5028,1475,2434,6064,6453,5587,1073741824,2573,1595,-4160,8,106,2000/04/15
2,2000/04/22,3237,4251,1341,2053,4786,5610,4683,1073741824,1864,4886,12125,72,116,2000/04/25
2,2000/04/30,3292,4203,1489,2216,5044,5460,4678,1073741824,1611,5483,11824,72,123,2000/05/02
2,2000/05/08,3262,4251,1346,2121,5112,5540,4041,1073741824,1413,4845,12523,72,132,2000/05/11
2,2000/05/16,3432,4454,1291,2125,5434,5879,5308,1073741824,1415,2127,14363,72,143,2000/05/22
2,2000/05/24,3615,4665,1385,2270,5654,6174,5415,1073741824,1416,955,15034,8,152,2000/05/31
2,2000/06/01,4071,5185,1581,2583,-21,6692,6088,1077149697,1621,1586,-2006,8,154,2000/06/02
2,2000/06/09,3791,4867,1448,2379,6010,6347,5715,1073741824,1489,310,-1787,8,161,2000/06/09
2,2000/06/17,4055,5144,1619,2594,-28672,6645,5767,1077411843,1618,1586,-1573,8,170,2000/06/18
2,2000/06/25,3238,4149,1371,2100,4503,5516,4557,1073741824,871,5946,13121,72,178,2000/06/26
2,2000/07/03,4048,5162,1555,2542,5836,6709,6239,1073741824,1712,1540,-1634,8,186,2000/07/04
2,2000/07/11,3822,4862,1508,2440,5968,6373,5748,1073741824,1662,271,-728,8,193,2000/07/11
2,2000/07/19,3938,4983,1596,2554,6049,6466,5769,1073741824,1884,1559,-2039,8,202,2000/07/20
2,2000/07/27,3788,4856,1507,2439,5465,6332,5711,1073741824,1880,364,-2447,8,209,2000/07/27
2,2000/08/04,4054,5146,1578,2578,5811,6722,6227,1073741824,2139,1668,-2787,8,218,2000/08/05
2,2000/08/12,3552,4581,1323,2169,5006,5549,5098,1073741824,2243,1027,13636,8,232,2000/08/19
2,2000/08/20,3775,4828,1436,2353,5844,6328,5753,1073741824,2458,1512,-3941,8,234,2000/08/21
2,2000/08/28,3693,4720,1476,2361,5728,6147,5488,1073741824,2553,219,-2932,8,241,2000/08/28
2,2000/09/05,3698,4741,1436,2317,5734,6231,5381,1073741824,2878,1458,-4727,8,250,2000/09/06
2,2000/09/13,3535,4543,1311,2162,5380,6017,5343,1073741824,3208,1072,12164,8,264,2000/09/20
2,2000/09/21,3627,4613,1412,2309,5364,6096,5419,1073741824,3380,1495,-5389,8,266,2000/09/22
2,2000/09/29,3549,4564,1305,2181,5532,6005,5385,1073741824,3568,274,-5645,8,273,2000/09/29
2,2000/10/07,3524,4490,1364,2204,5301,5881,5277,1073741824,3990,2192,11175,8,287,2000/10/13
2,2000/10/15,3526,4513,1371,2209,5632,5957,5260,1075576832,4125,296,-5398,8,289,2000/10/15
2,2000/10/23,3412,4394,1254,2110,5319,5809,5069,1073741824,4540,2137,11154,8,303,2000/10/29
2,2000/10/31,3438,4310,1307,2150,5309,6227,7810,1073741824,4658,367,-5980,8,305,2000/10/31
2,2000/11/08,2766,3432,1268,1861,4052,4263,3466,1073741824,4923,4110,10801,72,317,2000/11/12
2,2000/11/16,3646,4715,1367,2267,5714,6206,5511,1073741824,5230,2741,-6430,8,323,2000/11/18
2,2000/11/24,3070,3951,1113,1909,4837,5154,4426,1073741824,5353,1604,-6472,72,330,2000/11/25
2,2000/12/02,2735,3720,1196,1810,4527,4490,3481,1073741824,5517,873,11374,72,344,2000/12/09
2,2000/12/10,2219,3033,865,1363,3542,3505,2365,1073741824,5492,4080,11015,76,349,2000/12/14
2,2000/12/18,3009,4198,1109,1876,5201,5419,4555,1073741824,5623,346,-6850,72,353,2000/12/18
2,2000/12/26,3188,4522,1210,2044,5385,5639,4722,1073741824,5681,1586,-6253,72,362,2000/12/27
2,2001/01/01,2805,3755,1378,2026,4358,4427,3507,1073741824,5555,2173,11404,72,1,2001/01/01
2,2001/01/09,2816,4235,1065,1801,5108,5250,4370,1073741824,5512,927,11709,72,10,2001/01/10
2,2001/01/17,2858,4196,1197,1931,5041,5086,4203,1073741824,5375,2090,11814,72,17,2001/01/17
2,2001/01/25,2972,4476,1155,1924,5366,5474,4616,1073741824,5287,1586,-5776,72,28,2001/01/28
2,2001/02/02,2853,4255,1172,1909,5113,5052,4197,1073741824,5017,2191,12034,72,33,2001/02/02
2,2001/02/10,2885,4223,1294,1958,4835,5243,4326,1075576832,4803,1010,11971,72,42,2001/02/11
2,2001/02/18,2742,4187,1064,1750,5028,5156,4187,1073741824,4527,2201,12168,72,49,2001/02/18
2,2001/02/26,3089,4380,1323,2065,5257,5487,4659,1073741824,4261,982,12313,72,58,2001/02/27
2,2001/03/06,3050,4300,1215,1971,5177,5492,4689,1073741824,3947,2145,12488,72,65,2001/03/06
2,2001/03/14,3175,4346,1235,2019,5373,5608,4837,1073741824,3660,875,12366,72,74,2001/03/15
2,2001/03/22,3142,4198,1179,1947,5233,5544,4818,1073741824,2994,3208,12662,72,88,2001/03/29
2,2001/03/30,3351,4452,1408,2164,5444,5798,5064,1073741824,2675,4061,12490,72,95,2001/04/05
2,2001/04/07,3667,4795,1347,2254,5749,6280,5624,1073741824,2780,369,-3570,8,99,2001/04/09
2,2001/04/15,3629,4680,1401,2277,5612,6151,5437,1073741824,2462,963,13576,8,106,2001/04/16
2,2001/04/23,3811,4860,1610,2539,5806,6221,5428,1073741824,2542,4525,-2990,8,119,2001/04/29
2,2001/05/01,3485,4508,1384,2217,5508,5939,5274,1073741824,1986,982,13912,8,122,2001/05/02
2,2001/05/09,3789,4885,1415,2337,5925,6376,5821,1073741824,1877,311,-2756,8,131,2001/05/11
2,2001/05/17,3595,4671,1259,2151,5667,6245,5604,1073741824,1659,1000,14635,8,138,2001/05/18
2,2001/05/25,3749,4798,1471,2376,5791,6334,5618,1073741824,1659,277,-1456,8,147,2001/05/27
2,2001/06/02,3644,4708,1341,2239,5691,6253,5581,1073741824,1507,1010,15392,8,154,2001/06/03
2,2001/06/10,3908,5015,1468,2442,6031,6465,6045,1073741824,1610,307,-521,8,163,2001/06/12
2,2001/06/26,3484,4489,1330,2156,5439,5984,5397,1073741824,1381,3190,15821,73,184,2001/07/03
2,2001/07/04,4176,5184,2091,2968,5883,6499,5342,1073741824,2478,5784,-839,72,185,2001/07/04
2,2001/07/12,3925,4993,1483,2423,5991,6462,5967,1073741824,1826,294,-1130,8,195,2001/07/14
2,2001/07/20,3701,4757,1339,2230,-28672,6344,5689,1075576835,1799,1028,15423,8,202,2001/07/21
2,2001/07/28,3813,4866,1441,2377,5798,6460,5780,1073741824,2039,229,-2788,8,211,2001/07/30
2,2001/08/05,3575,4615,1326,2162,5507,6193,5544,1073741824,2057,1072,14937,8,218,2001/08/06
2,2001/08/13,3526,4506,1327,2166,5408,6027,5369,1073741824,2111,2274,14213,8,225,2001/08/13
2,2001/08/21,3646,4643,1408,2266,5526,6144,5484,1073741824,2411,1072,13817,8,234,2001/08/22
2,2001/08/29,3694,4689,1478,2366,5654,6125,5481,1073741824,2728,247,-4792,8,243,2001/08/31
2,2001/09/06,3967,5015,1483,2421,6038,6524,5956,1073741824,3060,1559,-4378,8,252,2001/09/09
2,2001/09/14,3744,4760,1441,2320,5800,6274,5714,1073741824,3204,329,-4518,8,259,2001/09/16
2,2001/09/22,3613,4585,1381,2261,5465,6038,5421,1073741824,3372,991,12212,8,266,2001/09/23
2,2001/09/30,3827,4827,1524,2420,5760,6301,5492,1073741824,3731,342,-4702,8,275,2001/10/02
2,2001/10/08,3830,4899,1589,2501,6003,6489,5707,1073741824,4259,3675,-5629,8,286,2001/10/13
2,2001/10/16,3312,4274,1292,2056,5169,5761,4990,1073741824,4341,3264,11337,8,296,2001/10/23
2,2001/10/24,3253,4187,1243,1988,5270,5741,5111,1073741824,4470,999,11593,8,298,2001/10/25
2,2001/11/01,3596,4561,1329,2236,5533,5907,5296,1073741824,4793,350,-5543,8,307,2001/11/03
2,2001/11/09,3460,4439,1270,2149,5436,5791,5242,1073741824,4962,964,11235,8,314,2001/11/10
2,2001/11/17,3633,4624,1341,2244,5641,5991,5424,1073741824,5230,319,-6512,8,323,2001/11/19
2,2001/11/25,3693,4621,1527,2450,5526,5901,5221,1073741824,5461,1540,-6309,8,332,2001/11/28
2,2001/12/03,3034,3902,1373,2008,4696,4683,3699,1073741824,5441,4867,11175,72,342,2001/12/08
2,2001/12/11,4203,5332,1565,2697,6274,6666,5788,1073741824,5927,5241,-5858,72,352,2001/12/18
2,2001/12/19,3407,4463,1183,2047,5379,5922,5069,1073741824,5696,373,-6120,8,355,2001/12/21
2,2001/12/27,3339,4514,1324,2066,5535,5402,4092,1073741824,5951,5209,-5656,72,3,2001/01/03
2,2002/01/01,3069,4143,1092,1846,4582,5066,3809,1075576832,5749,2768,-5682,72,8,2002/01/08
2,2002/01/09,3055,4166,1103,1858,4966,5202,4098,1073741824,5617,1622,-5721,72,15,2002/01/15
2,2002/01/17,3442,4692,1225,2124,5709,5801,4884,1073741824,5702,3733,-5559,72,17,2002/01/17
2,2002/01/25,3019,4168,1205,1937,4882,5299,4389,1073741824,5166,4857,11900,72,25,2002/01/25
2,2002/02/02,2971,4204,1373,2004,4911,5008,4249,1073741824,4726,5932,11865,72,39,2002/02/08
2,2002/02/10,3009,4338,1197,1980,5143,5400,4475,1073741824,4808,891,12692,72,45,2002/02/14
2,2002/02/18,3156,4543,1210,2003,5447,5696,4810,1073741824,4568,328,-5467,72,54,2002/02/23
2,2002/02/26,3123,4624,1150,1933,5585,5685,4889,1073741824,4255,964,12845,72,61,2002/03/02
2,2002/03/06,3512,5003,1530,2392,7236,6035,5027,1075576832,4396,3733,-4481,72,65,2002/03/06
2,2002/03/14,3705,5297,1439,2396,6312,6409,5538,1073741824,4155,4564,-4245,72,74,2002/03/15
2,2002/03/22,3617,4629,2005,2662,5200,5005,3950,1073741824,3465,2749,-4078,1801,88,2002/03/29
2,2002/03/30,3326,4542,1244,2080,5444,5840,5025,1073741824,3040,927,13473,72,93,2002/04/03
2,2002/04/07,3594,4824,1305,2191,5870,6238,5629,1073741824,2802,401,-3673,8,102,2002/04/12
2,2002/04/15,3340,4322,1630,2279,5309,5561,4749,1073741824,2396,3199,13420,72,107,2002/04/17
2,2002/04/23,3710,4851,1394,2302,5880,6299,5685,1073741824,2311,351,-2431,8,118,2002/04/28
2,2002/05/01,3905,5075,1681,2517,6022,6457,5519,1073741824,2043,929,14279,72,125,2002/05/05
2,2002/05/09,3272,4258,1296,2068,5038,5413,4842,1073741824,1348,5944,13033,72,135,2002/05/15
2,2002/05/17,3690,4738,1535,2392,5722,6249,5519,1073741824,1753,982,15601,8,141,2002/05/21
2,2002/05/25,3777,4869,1441,2369,5888,6395,5665,1073741824,1780,289,-622,8,150,2002/05/30
2,2002/06/02,3616,4702,1314,2186,5791,6383,5698,1073741824,1636,992,15996,8,157,2002/06/06
2,2002/06/10,3947,4979,1767,2630,5924,6338,5395,1073741824,2375,5209,-781,72,163,2002/06/12
2,2002/06/18,3737,4799,1391,2293,5881,6277,5738,1073741824,1661,946,16371,8,173,2002/06/22
2,2002/06/26,3835,4895,1482,2400,5997,6371,5799,1073741824,1833,310,-1091,8,182,2002/07/01
2,2002/07/04,3632,4685,1323,2182,5808,6274,5712,1073741824,1769,991,16495,8,189,2002/07/08
2,2002/07/12,3723,4791,1422,2314,5804,6366,5724,1073741824,1979,292,-2020,8,198,2002/07/17
2,2002/07/20,3695,4756,1356,2228,5927,6311,5625,1075576832,1951,992,15584,8,205,2002/07/24
2,2002/07/28,3843,4951,1381,2306,6024,6561,5899,1073741824,2196,323,-1451,8,214,2002/08/02
2,2002/08/05,3898,5009,1480,2419,5872,6276,5576,1073741824,2214,946,14982,8,221,2002/08/09
2,2002/08/13,2906,3383,1670,2141,4038,4094,3545,1073741824,2488,307,-2154,136,230,2002/08/18
2,2002/08/21,5436,6266,3584,4353,6641,7067,5652,1073741824,2978,4525,-2885,72,234,2002/08/22
2,2002/08/29,3785,4853,1384,2289,5931,6418,5732,1073741824,2875,342,-3195,8,246,2002/09/03
2,2002/09/06,3778,4850,1380,2299,5886,6371,5764,1073741824,3201,1569,-4305,8,255,2002/09/12
2,2002/09/14,3956,5097,1489,2422,6165,6639,5973,1073741824,3339,302,-4554,8,262,2002/09/19
2,2002/09/22,3705,4710,1446,2329,5593,6139,5493,1073741824,3506,964,12570,8,269,2002/09/26
2,2002/09/30,3953,4980,1541,2513,5872,6483,5721,1073741824,3886,3723,-4956,8,273,2002/09/30
2,2002/10/08,3781,4829,1327,2268,5823,6300,5604,1073741824,4215,1632,-5560,8,287,2002/10/14
2,2002/10/16,3924,4795,1910,2652,5461,5640,4875,1073741824,4558,2758,-5859,8,296,2002/10/23
2,2002/10/24,3401,4371,1252,2109,5217,5626,5049,1073741824,4452,3208,11446,8,299,2002/10/26
2,2002/11/01,3699,4743,1373,2263,5740,6192,5620,1073741824,4897,367,-5496,8,310,2002/11/06
2,2002/11/09,3597,4650,1284,2231,5572,5904,5312,1073741824,5187,1686,-6307,8,319,2002/11/15
2,2002/11/17,4256,5383,1682,2681,6473,6965,6206,1073741824,5327,3771,-6084,136,321,2002/11/17
2,2002/11/25,4067,5153,1570,2583,5972,6374,5617,1073741824,5576,4535,-6052,8,330,2002/11/26
2,2002/12/03,3675,4758,1347,2248,5774,6083,5311,1073741824,5705,2694,-6164,72,344,2002/12/10
2,2002/12/11,3532,4660,1200,2102,5614,6174,5226,1073741824,5727,1550,-6157,72,351,2002/12/17
2,2002/12/19,3252,4202,1496,2131,4940,5529,4608,1073741824,5502,5943,11315,72,359,2002/12/25
2,2002/12/27,3830,4986,1521,2450,5880,6467,5384,1073741824,5921,4544,-5773,72,362,2002/12/28