site-id,lat,lon,tile-h,tile-v,pixel-col,pixel_row
1,39.0339,8.4047,18,5,783,115
2,44.84,11.62,18,4,988,619
3,37.08,15.29,19,5,263,350
id,Date,8-day daytime 1km grid Land-surface Temperature,Quality control for daytime LST and emissivity,Average time of daytime Land-surface Temperature observation,Average view zenith angle of daytime Land-surface Temperature,8-day nighttime 1km grid Land-surface Temperature,Quality control for nighttime LST and emissivity,Average time of nighttime Land-surface Temperature observation,Average view zenith angle of nighttime Land-surface Temperature,Band 31 emissivity,Band 32 emissivity,the days in clear-sky conditions and with validate LSTs,the nights in clear-sky conditions and with validate LSTs,actual_date
1,2010/01/01,14272,0,111,72,14040,65,224,94,246,247,71,163,N\A
1,2010/01/09,14147,65,107,34,13881,65,218,48,246,247,1,84,N\A
1,2010/01/17,14253,65,111,76,14032,65,225,100,246,247,118,48,N\A
1,2010/01/25,14229,0,112,88,13963,65,221,62,246,247,8,148,N\A
1,2010/02/02,14327,0,110,72,14033,65,218,44,246,247,19,59,N\A
1,2010/02/10,14023,65,110,62,13935,65,219,56,246,247,6,208,N\A
1,2010/02/18,14389,65,109,63,14143,65,223,91,246,247,255,100,N\A
1,2010/02/26,14379,0,110,66,14162,65,222,75,246,248,32,105,N\A
1,2010/03/06,14244,0,106,41,13923,65,227,117,246,247,48,128,N\A
1,2010/03/14,14485,0,107,45,14012,65,218,44,246,247,255,85,N\A
1,2010/03/22,14643,0,110,70,14125,65,220,69,246,247,247,37,N\A
1,2010/03/30,14657,0,107,42,14134,0,219,49,246,247,95,45,N\A
1,2010/04/07,14798,0,111,78,14081,65,222,76,246,247,16,248,N\A
1,2010/04/15,14834,0,106,39,14194,65,218,51,246,247,118,56,N\A
1,2010/04/23,14874,0,110,72,14319,0,219,58,246,247,220,252,N\A
1,2010/05/01,14669,65,111,64,14208,65,224,91,246,246,180,242,N\A
1,2010/05/09,14836,0,115,109,14257,65,227,117,246,247,133,128,N\A
1,2010/05/17,14884,0,106,37,14287,0,220,58,246,247,253,255,N\A
1,2010/05/25,15014,0,108,50,14239,65,224,89,246,247,11,162,N\A
1,2010/06/02,15131,0,107,45,14424,0,221,69,246,247,255,91,N\A
1,2010/06/10,15023,0,113,96,14512,0,220,64,246,247,197,46,N\A
1,2010/06/18,15057,0,109,56,14381,65,222,74,246,247,235,255,N\A
1,2010/06/26,15408,0,110,71,14644,0,221,69,246,247,127,127,N\A
1,2010/07/04,15448,0,108,52,14703,0,220,58,246,247,191,255,N\A
1,2010/07/12,15484,0,109,63,14809,0,220,61,246,247,255,255,N\A
1,2010/07/20,15404,0,109,60,14729,0,221,67,246,247,223,191,N\A
1,2010/07/28,15318,0,109,62,14639,0,219,53,246,247,255,254,N\A
1,2010/08/05,15306,0,109,60,14608,0,222,78,246,247,255,127,N\A
1,2010/08/21,15418,0,107,45,14718,0,220,58,246,247,255,255,N\A
1,2010/08/29,15285,0,111,81,14570,65,219,59,246,247,215,239,N\A
1,2010/09/06,15247,0,110,68,14577,65,219,54,246,247,239,125,N\A
1,2010/09/14,15194,0,108,51,14370,65,220,60,246,247,111,15,N\A
1,2010/09/22,14976,65,110,68,14221,65,218,46,246,247,171,24,N\A
1,2010/09/30,15039,0,110,70,14429,0,219,59,246,247,207,239,N\A
1,2010/10/08,14948,0,108,57,14510,0,220,64,246,247,75,58,N\A
1,2010/10/16,14696,65,110,73,14236,65,220,67,246,248,241,117,N\A
1,2010/10/24,14586,65,106,36,14220,0,217,40,246,247,125,61,N\A
1,2010/11/01,14555,65,107,49,14228,65,216,28,246,247,124,58,N\A
1,2010/11/09,14478,65,110,68,14252,0,218,43,246,247,126,60,N\A
1,2010/11/17,14385,65,110,70,14091,65,218,51,246,247,207,248,N\A
1,2010/11/25,14377,0,111,70,0,2,255,255,246,247,3,0,N\A
1,2010/12/03,14405,0,110,71,14130,65,220,65,246,247,93,219,N\A
1,2010/12/11,14243,65,107,44,13879,65,217,42,246,247,150,22,N\A
1,2010/12/19,14367,0,108,55,0,2,255,255,246,247,12,0,N\A
1,2010/12/27,14312,0,108,49,13892,65,219,50,246,247,19,7,N\A
2,2010/01/01,0,2,255,255,13587,81,215,22,240,243,0,32,N\A
2,2010/01/09,13972,81,111,66,13685,81,214,21,241,244,166,70,N\A
2,2010/01/17,0,2,255,255,13607,81,222,86,240,243,0,64,N\A
2,2010/01/25,0,2,255,255,13496,17,223,93,240,243,0,136,N\A
2,2010/02/02,14074,81,107,37,13539,0,221,71,243,245,96,66,N\A
2,2010/02/10,14062,81,113,94,13715,81,220,61,242,244,8,28,N\A
2,2010/02/18,14326,81,112,70,13865,81,224,101,240,243,136,68,N\A
2,2010/02/26,14364,81,110,61,13920,81,218,47,242,244,18,17,N\A
2,2010/03/06,14129,81,116,108,13598,81,215,35,241,244,5,230,N\A
2,2010/03/14,14439,81,115,94,13855,81,218,47,242,244,19,55,N\A
2,2010/03/22,14780,81,109,53,14097,81,218,53,240,243,112,118,N\A
2,2010/03/30,14733,81,115,96,14033,81,221,78,240,243,154,203,N\A
2,2010/04/07,14786,81,112,77,14061,81,219,63,240,243,223,215,N\A
2,2010/04/15,14837,81,109,59,14234,81,220,63,240,243,122,121,N\A
2,2010/04/23,15117,81,108,47,14430,81,220,65,240,243,252,246,N\A
2,2010/05/01,15172,145,108,43,14232,81,222,86,240,243,1,160,N\A
2,2010/05/09,14997,145,111,73,14178,81,227,116,240,243,25,144,N\A
2,2010/05/17,15154,81,112,74,14379,81,218,48,241,244,210,135,N\A
2,2010/05/25,15323,81,110,63,14563,81,219,57,240,243,199,91,N\A
2,2010/06/02,15364,81,111,69,14686,81,221,77,240,243,186,184,N\A
2,2010/06/10,15451,81,112,85,14607,17,218,52,240,243,16,207,N\A
2,2010/06/18,15322,81,108,45,14540,81,221,72,240,243,225,105,N\A
2,2010/06/26,15561,81,114,93,14769,81,217,42,240,243,20,91,N\A
2,2010/07/04,15561,81,111,67,14837,81,220,65,240,243,169,249,N\A
2,2010/07/12,15516,81,106,36,14917,81,216,41,240,243,248,221,N\A
2,2010/07/20,15518,81,109,57,14810,17,218,49,240,243,123,223,N\A
2,2010/07/28,15443,81,109,58,14664,81,216,38,240,243,121,253,N\A
2,2010/08/05,15359,81,109,52,14640,81,222,76,240,243,60,30,N\A
2,2010/08/13,15269,81,112,79,14622,81,215,33,240,243,124,191,N\A
2,2010/08/21,15401,81,113,85,14850,81,218,52,240,243,110,127,N\A
2,2010/08/29,15221,81,111,77,14518,81,216,40,240,243,93,110,N\A
2,2010/09/06,15180,81,109,58,14511,81,218,52,240,243,104,244,N\A
2,2010/09/14,15041,81,114,92,14484,81,220,69,240,243,227,195,N\A
2,2010/09/22,14979,81,110,63,14334,81,218,54,240,243,155,203,N\A
2,2010/09/30,14876,81,113,92,14391,81,214,32,241,244,85,196,N\A
2,2010/10/08,14729,81,110,61,14183,81,218,55,240,243,30,159,N\A
2,2010/10/16,14581,81,112,77,14110,81,220,70,240,243,56,112,N\A
2,2010/10/24,14291,81,109,61,13973,81,220,70,240,243,56,60,N\A
2,2010/11/01,14332,81,118,119,14121,81,219,58,240,243,128,44,N\A
2,2010/11/09,14357,81,113,94,14018,81,215,35,240,243,8,3,N\A
2,2010/11/17,14203,81,110,64,13846,145,211,6,240,243,64,132,N\A
2,2010/11/25,14041,17,105,21,0,2,255,255,240,243,20,0,N\A
2,2010/12/03,13972,81,118,119,13730,81,218,51,240,243,128,194,N\A
2,2010/12/11,13783,81,110,65,13594,81,217,48,240,243,143,135,N\A
2,2010/12/19,13738,81,120,126,0,2,255,255,240,243,32,0,N\A
2,2010/12/27,13883,17,108,44,13491,81,215,32,240,243,1,19,N\A
3,2010/01/01,14514,81,110,72,14105,81,223,77,241,243,46,150,N\A
3,2010/01/09,14405,145,111,87,14018,81,220,51,240,243,1,4,N\A
3,2010/01/17,14341,81,109,55,14033,81,223,73,241,244,45,36,N\A
3,2010/01/25,14364,81,112,82,14104,81,220,54,240,243,24,92,N\A
3,2010/02/02,14412,81,109,66,14125,81,221,60,240,243,118,58,N\A
3,2010/02/10,14382,81,112,90,14200,81,219,44,240,243,165,208,N\A
3,2010/02/18,14665,81,110,74,14178,81,220,60,241,243,125,199,N\A
3,2010/02/26,14737,81,108,54,14287,81,222,69,240,243,85,205,N\A
3,2010/03/06,14529,81,115,118,13992,81,222,68,241,244,16,48,N\A
3,2010/03/14,14724,81,111,77,14056,81,221,61,240,243,252,255,N\A
3,2010/03/22,14740,81,111,83,14150,81,222,73,241,243,196,244,N\A
3,2010/03/30,14841,81,109,66,14237,81,219,48,241,243,254,91,N\A
3,2010/04/07,14880,81,111,82,14320,81,221,65,240,243,26,216,N\A
3,2010/04/15,15004,145,110,74,14420,145,220,56,240,243,97,117,N\A
3,2010/04/23,15105,81,109,59,14391,81,219,48,240,243,186,249,N\A
3,2010/05/01,14962,81,110,76,14461,81,223,85,241,243,191,179,N\A
3,2010/05/09,15086,81,110,67,14460,81,221,64,241,243,159,223,N\A
3,2010/05/17,15203,81,108,55,14427,81,221,70,241,243,119,187,N\A
3,2010/05/25,15236,81,105,29,14548,81,217,26,241,243,7,163,N\A
3,2010/06/02,15433,81,109,66,14662,81,222,69,240,243,254,253,N\A
3,2010/06/10,15360,81,108,52,14631,17,222,73,240,243,195,198,N\A
3,2010/06/18,15460,81,110,69,14704,81,222,69,240,243,255,253,N\A
3,2010/06/26,15451,81,108,54,14764,81,221,64,241,243,127,127,N\A
3,2010/07/04,15589,81,110,69,14906,81,222,73,241,243,255,175,N\A
3,2010/07/12,15671,81,108,51,14942,17,221,59,241,243,255,255,N\A
3,2010/07/20,15584,81,110,69,14915,17,220,54,241,243,255,223,N\A
3,2010/07/28,15554,81,108,51,14874,17,220,59,241,244,255,255,N\A
3,2010/08/05,15599,81,110,69,14900,17,220,60,241,243,255,255,N\A
3,2010/08/13,15558,81,108,51,14861,17,220,59,241,243,255,255,N\A
3,2010/08/21,15588,81,110,69,14976,17,220,61,241,243,255,255,N\A
3,2010/08/29,15403,81,107,46,14813,81,220,55,241,243,159,219,N\A
3,2010/09/06,15273,81,108,53,14720,81,220,58,241,243,215,183,N\A
3,2010/09/14,15292,81,109,62,14714,81,219,50,241,243,124,251,N\A
3,2010/09/22,15053,81,107,48,14517,81,218,44,241,243,146,130,N\A
3,2010/09/30,15088,81,106,35,14669,81,220,56,240,243,15,106,N\A
3,2010/10/08,14992,81,109,69,14540,17,224,96,240,243,193,160,N\A
3,2010/10/16,14796,81,109,65,14427,81,220,57,240,243,248,250,N\A
3,2010/10/24,14675,81,109,59,14393,81,216,23,241,243,30,70,N\A
3,2010/11/01,14659,81,110,70,14464,81,220,56,241,243,146,106,N\A
3,2010/11/09,14745,81,110,75,14402,81,220,51,241,243,125,116,N\A
3,2010/11/17,14617,81,111,81,14215,81,221,68,241,243,69,204,N\A
3,2010/11/25,14465,81,108,52,14212,81,220,53,240,243,150,17,N\A
3,2010/12/03,14547,81,109,66,14234,81,220,61,241,243,118,242,N\A
3,2010/12/11,14305,81,107,45,13955,81,225,96,241,243,71,131,N\A
3,2010/12/19,14533,81,111,78,14251,81,220,51,240,243,38,51,N\A
3,2010/12/27,14333,81,114,105,14004,65,229,127,242,242,9,2,N\A