1, 126.65, 51.72
2, 120.18, 50.25
3, 127.45, 50.25
4, 117.43, 49.57
5, 119.75, 49.15
6, 125.23, 49.17
7, 127.35, 49.43
8, 122.73, 48
9, 124.48, 48.47
10, 126.5, 48.55
11, 125.88, 48.05
12, 130.4, 48.88
13, 123.18, 47.33
14, 124.48, 47.8
15, 126.1, 47.6
16, 126.97, 47.43
17, 134.28, 48.36
18, 131.98, 47.23
19, 123.42, 46.4
20, 126.1, 46.68
21, 125.32, 46.38
22, 127.48, 46.88
23, 127.35, 46.08
24, 129.88, 46.73
25, 130.28, 46.81
26, 129.58, 46.3
27, 130.52, 46.2
28, 131.13, 46.71
29, 132.18, 46.32
30, 134, 46.8
31, 120.33, 45.07
32, 121.55, 45.4
33, 122.83, 45.63
34, 124.27, 45.5
35, 124.83, 45.18
36, 124.87, 45.08
37, 126.77, 45.75
38, 125.08, 45.5
39, 126.3, 45.38
40, 126.95, 45.52
41, 128.73, 45.97
42, 128.8, 45.83
43, 127.97, 45.22
44, 130.55, 45.75
45, 130.23, 45.27
46, 132.97, 45.77
47, 86.4, 48.05
48, 87.47, 47.12
49, 88.08, 47.73
50, 83, 46.73
51, 82.06, 44.9
52, 82.9, 44.62
53, 84.66, 44.43
54, 85.25, 44.85
55, 86.1, 45.02
56, 85.62, 44.33
57, 85.81, 44.28
58, 86.2, 44.32
59, 86.82, 44.13
60, 87.43, 44.01
61, 89.17, 44.02
62, 89.57, 44.02
63, 81.33, 43.95
64, 83.3, 43.45
65, 81.13, 43.15
66, 87.62, 43.78
67, 87.12, 43.28
68, 84.15, 43.03
69, 86.56, 42.08
70, 86.8, 42.25
71, 88.63, 42.8
72, 89.25, 42.83
73, 89.2, 42.93
74, 80.23, 41.16
75, 80.23, 41.27
76, 81.9, 41.78
77, 82.78, 41.23
78, 84.25, 41.78
79, 82.95, 41.72
80, 86.27, 41.35
81, 86.13, 41.75
82, 76.17, 39.72
83, 75.25, 39.72
84, 75.95, 39.15
85, 75.98, 39.47
86, 78.45, 40.93
87, 78.57, 39.8
88, 76.78, 39.25
89, 80.4, 40.65
90, 81.05, 40.5
91, 88.17, 39.03
92, 77.63, 38.92
93, 77.27, 38.43
94, 79.93, 37.13
95, 85.55, 38.15
96, 90.22, 38.35
97, 81.66, 36.86
98, 93, 43.6
99, 93.52, 42.82
100, 94.68, 40.15
101, 98.48, 39.77
102, 99.83, 39.37
103, 100.43, 38.93
104, 100.82, 38.45
105, 101.96, 38.23
106, 102.66, 37.91
107, 103.08, 38.63
108, 97.37, 37.37
109, 99.58, 37.08
110, 101.61, 37.38
111, 102.9, 37.48
112, 104.05, 37.18
113, 94.9, 36.42
114, 96.41, 36.43
115, 98.1, 36.3
116, 100.98, 36.92
117, 101.08, 36.75
118, 100.62, 36.27
119, 101.95, 36.82
120, 101.43, 36.03
121, 102.85, 36.32
122, 103.25, 36.75
123, 104.68, 36.56
124, 104.18, 36.55
125, 99.98, 35.58
126, 100.65, 35.27
127, 103.3, 35.97
128, 104.15, 35.87
129, 103.18, 35.58
130, 103.35, 35.43
131, 103.86, 35.36
132, 105.08, 35.68
133, 104.6, 35.53
134, 113.85, 42.25
135, 110.43, 41.7
136, 110.05, 41.03
137, 111.45, 41.1
138, 112.61, 41.3
139, 113.18, 41.45
140, 114.6, 41.85
141, 113.95, 41.06
142, 114.7, 41.15
143, 107.13, 40.9
144, 108.65, 40.73
145, 109.85, 40.67
146, 110.53, 40.55
147, 111.15, 40.68
148, 112.45, 40
149, 113.07, 41.03
150, 113.86, 40.88
151, 113.77, 40.37
152, 113.33, 40.1
153, 114.4, 40.68
154, 114.16, 40.11
155, 115.03, 40.56
156, 105.38, 39.08
157, 107.4, 40.77
158, 109.03, 39.1
159, 110.86, 39.66
160, 111.15, 39.38
161, 112.43, 39.3
162, 113.53, 39.26
163, 114.57, 39.83
164, 114.18, 39.45
165, 115.15, 38.83
166, 106.55, 38.91
167, 106.22, 38.48
168, 106.68, 38.81
169, 106.23, 38.25
170, 106.3, 38.12
171, 109.7, 38.23
172, 111.81, 38.93
173, 111.65, 38.28
174, 112.7, 38.41
175, 112.48, 37.93
176, 114.38, 38.3
177, 113.36, 38.83
178, 114.68, 38.63
179, 114.55, 38.45
180, 115.07, 38.02
181, 114.18, 38.85
182, 114.57, 38.15
183, 114.98, 38.73
184, 114.13, 38.03
185, 114.2, 38.25
186, 114.68, 38.35
187, 113, 38.51
188, 114.81, 38.01
189, 114.96, 38.2
190, 105.18, 37.53
191, 105.67, 37.48
192, 105.25, 36.93
193, 107.4, 37.78
194, 107.58, 37.58
195, 110.21, 37.5
196, 110.81, 37
197, 111.1, 37.5
198, 111.76, 37.25
199, 112.55, 37.78
200, 114.61, 36.33
201, 112.58, 37.41
202, 112.15, 37.53
203, 113.17, 37.9
204, 114.46, 36.86
205, 113.7, 37.6
206, 114.73, 37.76
207, 114.63, 37.88
208, 114.62, 37.6
209, 114.53, 37.75
210, 114.38, 37.45
211, 114.36, 37.65
212, 114.5, 37.28
213, 115.03, 37.21
214, 105.65, 36.57
215, 105.91, 36.98
216, 106.26, 36
217, 107.3, 36.58
218, 109.5, 36.6
219, 110.95, 36.7
220, 110.18, 36.07
221, 110.18, 36.1
222, 111.93, 37.05
223, 111.5, 36.06
224, 112.68, 36.76
225, 112.25, 36.16
226, 106.48, 37.28
227, 113.06, 36.05
228, 114.7, 37.13
229, 113.66, 36.56
230, 114.2, 36.71
231, 114.95, 36.76
232, 114.21, 36.41
233, 114.5, 36.76
234, 114.95, 36.35
235, 114.38, 36.38
236, 114.37, 36.12
237, 114.96, 36.48
238, 105.71, 35.96
239, 105.72, 35.52
240, 105.4, 35.11
241, 106.12, 35.62
242, 106.67, 35.55
243, 106.32, 35.5
244, 107.63, 35.73
245, 107.4, 35.15
246, 107.18, 35.68
247, 107.71, 35.4
248, 107.98, 36.45
249, 108, 35.42
250, 108.33, 35.11
251, 109.58, 35.18
252, 109.5, 35.81
253, 109.07, 35.08
254, 109.58, 34.95
255, 110.45, 35.46
256, 110.83, 35.4
257, 110.72, 35.15
258, 111.02, 35.03
259, 112.83, 35.51
260, 114.8, 36.55
261, 113.88, 35.31
262, 114.35, 35.93
263, 114.7, 36.45
264, 120.9, 44.57
265, 119.4, 43.83
266, 123.97, 44.25
267, 125.16, 44.41
268, 125.8, 44.17
269, 126.51, 44.81
270, 126.93, 44.42
271, 127.15, 44.9
272, 130.55, 44.93
273, 129.6, 44.57
274, 129.46, 44.33
275, 131.18, 44.1
276, 116.12, 43.95
277, 121.28, 43.6
278, 122.27, 43.6
279, 124.3, 43.35
280, 124.8, 43.52
281, 125.65, 43.5
282, 126.57, 43.7
283, 126.47, 43.95
284, 128.2, 43.37
285, 119.03, 42.95
286, 118.97, 42.27
287, 120.65, 42.85
288, 122.53, 42.42
289, 121.65, 42.03
290, 124.12, 42.78
291, 124.05, 42.53
292, 125.08, 42.92
293, 125.63, 42.53
294, 126.75, 42.98
295, 129, 42.53
296, 130.28, 42.9
297, 129.47, 42.88
298, 115.28, 40.96
299, 115.28, 41.9
300, 116.63, 41.22
301, 117.75, 41.93
302, 117.73, 41.31
303, 118.66, 41
304, 120.45, 41.55
305, 119.7, 41.38
306, 122.72, 41.52
307, 122.8, 41.98
308, 122.01, 41.68
309, 121.12, 41.13
310, 123.32, 41.42
311, 124.28, 41.3
312, 125.05, 41.73
313, 125.75, 41.66
314, 126.15, 41.1
315, 114.88, 40.78
316, 115.83, 40.9
317, 115.5, 40.4
318, 115.21, 40.38
319, 116.87, 40.38
320, 117.33, 40.93
321, 117.93, 40.97
322, 117.48, 40.41
323, 117.95, 40.2
324, 118.15, 40.76
325, 116.63, 39.92
326, 118.48, 40.6
327, 118.3, 40.15
328, 118.66, 39.5
329, 118.71, 40
330, 119.82, 40.8
331, 120.35, 40.35
332, 120.7, 40.58
333, 122.07, 40.98
334, 122.27, 40.67
335, 122.72, 40.88
336, 122.35, 40.42
337, 123.28, 40.28
338, 124.78, 40.72
339, 124.33, 40.05
340, 115.96, 39.48
341, 115.85, 39.05
342, 115.85, 39.33
343, 115.5, 39.35
344, 116.98, 39.88
345, 116.28, 39.43
346, 116.7, 39.5
347, 116.38, 39.12
348, 116.48, 39.31
349, 117.08, 39.96
350, 116.98, 39.76
351, 117.73, 39.88
352, 117.28, 39.7
353, 118.75, 39.73
354, 118.1, 39.8
355, 118.12, 39.55
356, 118.15, 39.67
357, 118.45, 39.28
358, 118.9, 39.42
359, 119.16, 39.71
360, 121.75, 39.73
361, 122.95, 39.72
362, 124.15, 39.88
363, 115.65, 39.01
364, 115.78, 38.68
365, 115.33, 38.41
366, 115.93, 38.91
367, 115.73, 38.23
368, 115.12, 38.72
369, 115.55, 38
370, 115.52, 38.23
371, 116.08, 38.71
372, 115.31, 38.95
373, 116.45, 38.86
374, 116.61, 38.7
375, 116.08, 38.45
376, 116.83, 38.58
377, 116.83, 38.33
378, 116.11, 38.18
379, 116.55, 38.08
380, 116.91, 38.91
381, 115.56, 38.48
382, 115.18, 38.18
383, 117.35, 38.37
384, 115.81, 38.41
385, 117.23, 38.03
386, 117.48, 38.15
387, 115.03, 37.06
388, 116.1, 38.98
389, 114.86, 36.91
390, 117.08, 38.05
391, 115.98, 38.03
392, 115.21, 37.91
393, 115.7, 37.73
394, 115.88, 37.8
395, 115.56, 37.55
396, 115.38, 37.37
397, 115.65, 37.06
398, 115.98, 37.35
399, 115.72, 37.52
400, 116.16, 37.86
401, 116.3, 37.68
402, 116.53, 37.88
403, 116.32, 37.43
404, 116.4, 37.63
405, 116.68, 38.03
406, 117.53, 37.5
407, 118.02, 37.37
408, 119.93, 37.18
409, 121.25, 37.5
410, 122.03, 37.18
411, 115.66, 36.85
412, 115.15, 36.3
413, 115.96, 36.48
414, 115.28, 36.55
415, 116.76, 36.23
416, 115.16, 36.81
417, 117.11, 36.98
418, 116.98, 36.68
419, 117.15, 36.16
420, 118, 36.83
421, 119.18, 36.75
422, 119.75, 36.41
423, 120, 36.3
424, 120.7, 36.93
425, 120.33, 36.9
426, 115.01, 35.7
427, 115.43, 35.25
428, 116.58, 35.45
429, 118.83, 35.58
430, 118.35, 35.05
431, 88.88, 29.25
432, 91.13, 29.67
433, 91.76, 29.25
434, 95.78, 34.13
435, 97.02, 33.02
436, 98.1, 32.98
437, 99.9, 33.97
438, 101.6, 34.73
439, 102.08, 34
440, 102.97, 33.58
441, 102.9, 35
442, 103.35, 34.7
443, 104.65, 35
444, 104.01, 34.43
445, 104.37, 33.78
446, 104.38, 34.03
447, 104.92, 33.57
448, 103.85, 31.68
449, 103.83, 30.7
450, 103.66, 30.98
451, 104.75, 32.93
452, 104.52, 32.42
453, 104.68, 31.47
454, 104.38, 31.15
455, 103.13, 30.1
456, 103.48, 30.42
457, 103.92, 30.58
458, 104.28, 30.97
459, 104.55, 30.4
460, 104.15, 30.02
461, 94.47, 29.57
462, 100.3, 29.05
463, 102.68, 29.35
464, 103.37, 29.92
465, 103.75, 29.56
466, 103.95, 29.2
467, 103.82, 30.05
468, 97.47, 28.65
469, 102.17, 28.55
470, 102.85, 28
471, 104.6, 28.8
472, 104.97, 28.85
473, 102.27, 27.9
474, 102.75, 27.07
475, 103.75, 27.33
476, 104.73, 27.11
477, 98.85, 26.87
478, 100.47, 26.83
479, 102.1, 26.85
480, 103.17, 26.1
481, 104.87, 26.58
482, 104.08, 26.22
483, 99.18, 25.12
484, 100.18, 25.7
485, 101.87, 25.73
486, 101.53, 25.02
487, 102.68, 25.02
488, 103.83, 25.58
489, 103.66, 25.03
490, 104.96, 25.8
491, 98.58, 24.41
492, 100.87, 24.47
493, 102.55, 24.35
494, 99.4, 23.55
495, 100.22, 23.95
496, 100.78, 22
497, 101.4, 22.67
498, 101.98, 23.6
499, 101.82, 22.62
500, 103.38, 23.38
501, 103.95, 22.5
502, 104.25, 23.38
503, 105.67, 34.87
504, 104.88, 34.73
505, 105.75, 34.58
506, 105.18, 34.18
507, 106.2, 34.98
508, 107.13, 34.35
509, 107.38, 34.51
510, 108.15, 34.7
511, 108.82, 34.55
512, 108.22, 34.25
513, 108.92, 34.15
514, 109.91, 34.88
515, 109.23, 34.4
516, 109.46, 34.5
517, 108.71, 34.4
518, 110.71, 34.7
519, 111.03, 34.05
520, 112.43, 34.83
521, 112.83, 34.18
522, 113.65, 34.72
523, 113.85, 34.01
524, 114.78, 34.53
525, 105.71, 33.75
526, 105.6, 33.33
527, 106.3, 33.92
528, 106.6, 33.97
529, 107.03, 33.07
530, 107.33, 33.16
531, 109.96, 33.86
532, 110.9, 33.53
533, 111.86, 33.05
534, 112.58, 33.03
535, 114.52, 33.78
536, 105.85, 32.43
537, 108.5, 32.9
538, 109.03, 32.72
539, 109.68, 32.32
540, 110.42, 35.1
541, 110.77, 32.03
542, 111.63, 32.27
543, 112.23, 32.4
544, 114.02, 33
545, 114.05, 32.13
546, 105.92, 31.73
547, 105.08, 31.1
548, 106.76, 31.85
549, 106.05, 31.33
550, 106.55, 31.07
551, 107.72, 31.37
552, 107.5, 31.2
553, 112.23, 31.72
554, 112.57, 31.17
555, 113.38, 31.72
556, 114.12, 31.57
557, 114.97, 31.18
558, 105.55, 30.5
559, 105.03, 30.28
560, 105.33, 30.11
561, 106.08, 30.8
562, 106.63, 30.47
563, 107.25, 30.8
564, 108.4, 30.76
565, 108.93, 30.28
566, 109.63, 30.6
567, 111.3, 30.7
568, 112.18, 30.33
569, 113.57, 30.95
570, 113.85, 30.93
571, 113.17, 30.67
572, 114.33, 30.4
573, 114.13, 30.62
574, 105.12, 29.62
575, 105.05, 29.58
576, 105.3, 29.33
577, 105.45, 28.98
578, 106.28, 29.97
579, 106.48, 29.52
580, 106.25, 29.31
581, 107.7, 29.88
582, 109.42, 29.52
583, 110.17, 29.4
584, 111.88, 29.61
585, 112.4, 29.36
586, 113.45, 29.82
587, 113.88, 29.72
588, 113.08, 29.38
589, 114.33, 29.83
590, 114.58, 29.03
591, 105.7, 28.58
592, 107.45, 28.55
593, 108.77, 28.83
594, 109.76, 28.56
595, 111.68, 29.05
596, 112.1, 28.56
597, 113.08, 28.2
598, 113.58, 28.7
599, 114.78, 28.41
600, 106.81, 27.53
601, 107.88, 27.23
602, 108.25, 27.95
603, 108.72, 27.23
604, 108.85, 27.7
605, 108.12, 27.03
606, 109.18, 27.72
607, 109.68, 27.45
608, 109.96, 27.55
609, 112, 27.73
610, 111.47, 27.23
611, 111.73, 27.23
612, 112.5, 27.75
613, 113.5, 27.65
614, 113.93, 27.13
615, 114.38, 27.8
616, 114.92, 27.05
617, 105.92, 26.25
618, 105.75, 26.31
619, 106.72, 26.58
620, 107.8, 26.2
621, 109.15, 26.23
622, 109.48, 26.66
623, 110.63, 26.73
624, 111.56, 26.41
625, 112.6, 26.9
626, 113.55, 26.78
627, 113.97, 26.72
628, 113.93, 26
629, 114.91, 26.8
630, 106.66, 26.16
631, 106.77, 25.43
632, 107.88, 25.41
633, 109.4, 25.21
634, 110.65, 25.63
635, 110.3, 25.33
636, 112.55, 25.28
637, 113.4, 25.97
638, 114.7, 25.68
639, 114.95, 25.85
640, 115.55, 34.81
641, 115.66, 34.45
642, 116.56, 34.68
643, 116.33, 34.42
644, 117.36, 34.31
645, 118.75, 34.1
646, 119.13, 34.83
647, 119.17, 34.58
648, 119.81, 34.03
649, 115.77, 33.87
650, 116.53, 33.28
651, 116.98, 33.63
652, 118.06, 33.88
653, 118.51, 33
654, 119.03, 33.67
655, 119.03, 33.6
656, 119.82, 33.48
657, 120.15, 33.38
658, 120.48, 33.2
659, 115.73, 32.87
660, 115.67, 32.17
661, 116.28, 32.33
662, 116.78, 32.55
663, 117.55, 32.87
664, 118.3, 32.3
665, 119.02, 32.68
666, 119.83, 32.98
667, 119.41, 32.41
668, 119.47, 32.18
669, 120.5, 32.38
670, 121.66, 31.8
671, 116.5, 31.75
672, 116.93, 31.05
673, 117.23, 31.87
674, 118.88, 31.32
675, 119.55, 31.75
676, 119.93, 31.77
677, 119.81, 31.36
678, 120.95, 31.41
679, 120.63, 31.32
680, 121.48, 31.4
681, 115.67, 30.73
682, 115.38, 30.23
683, 116.13, 30.17
684, 117.02, 30.1
685, 117.48, 30.67
686, 118.75, 30.93
687, 119.7, 30.23
688, 120.11, 30.88
689, 120.73, 30.78
690, 120.63, 30
691, 120.17, 30.23
692, 121.25, 31
693, 121.22, 30.27
694, 115.16, 29.83
695, 116, 29.73
696, 115.65, 29.68
697, 116.21, 29.73
698, 117.2, 29.3
699, 117.98, 29.35
700, 118.31, 29.83
701, 118.28, 29.72
702, 119.18, 29.03
703, 119.65, 29.11
704, 121.57, 29.87
705, 121.43, 29.3
706, 115.92, 28.6
707, 115.95, 28.55
708, 115.55, 28.06
709, 116.68, 28.7
710, 117.13, 28.97
711, 117.22, 28.3
712, 118.87, 28.97
713, 118.2, 28.43
714, 119.92, 28.45
715, 119.13, 28.08
716, 120.73, 28.86
717, 120.67, 28
718, 122.25, 28.63
719, 116.65, 27.58
720, 116.38, 27.2
721, 118.53, 27.92
722, 118.11, 27.33
723, 120.55, 27.68
724, 115.83, 26.36
725, 116.33, 26.85
726, 116.63, 26.23
727, 117.15, 26.4
728, 118.73, 26.58
729, 120, 26.88
730, 119.28, 26.08
731, 116.75, 25.71
732, 117.4, 25.3
733, 118.7, 25.36
734, 119.56, 25.93
735, 105.35, 24.78
736, 105.07, 24.07
737, 108.05, 24.7
738, 108.83, 24.5
739, 108.1, 23.93
740, 109.3, 24.4
741, 110.52, 24.2
742, 111.45, 25.18
743, 112.38, 24.78
744, 113.58, 24.8
745, 114.76, 24.88
746, 115.65, 24.95
747, 116.12, 24.3
748, 117.36, 24.51
749, 117.65, 24.5
750, 117.6, 24.13
751, 118.56, 24.81
752, 105.63, 23.65
753, 106.6, 23.9
754, 106.41, 23.13
755, 107.15, 23.08
756, 107.58, 23.31
757, 109.61, 23.11
758, 110.08, 23.4
759, 111.25, 23.41
760, 112.47, 23.05
761, 113.1, 23.01
762, 114.68, 23.73
763, 116.63, 23.66
764, 107.9, 22.55
765, 108.22, 22.63
766, 109.3, 22.41
767, 110.16, 22.65
768, 113.35, 22.53
769, 115.65, 22.95
770, 108.62, 21.95
771, 109.18, 21.67
772, 110.61, 21.65
773, 111.97, 21.87
774, 110.16, 20.33
775, 110.37, 20
776, 109.58, 19.52
777, 109.83, 19.03
778, 110.03, 18.5
