site-id,lat,lon,tile-h,tile-v,pixel-col,pixel_row
1,14.82651,99.67715,27,7,1526,1241
2,15.10653,100.02415,27,7,1576,1174
3,14.53313,100.12565,27,7,1661,1312
4,14.6705,100.37515,27,7,1704,1279
5,14.76528,100.44693,27,7,1711,1256
6,14.52054,100.55989,27,7,1763,1315
7,14.51312,100.82942,27,7,1826,1316
8,14.29234,100.13954,27,7,1689,1369
9,14.28868,100.60973,27,7,1799,1370
10,14.34029,100.86974,27,7,1854,1358
11,14.2546,101.06443,27,7,1908,1378
12,14.05285,100.1741,27,7,1722,1427
13,14.1545,100.50478,27,7,1788,1402
14,13.89866,100.8131,27,7,1886,1464
15,13.96792,101.20529,27,7,1971,1447
16,14.05771,101.35052,27,7,1995,1426
17,13.49009,100.06744,27,7,1753,1562
18,13.59776,100.58941,27,7,1864,1536
19,13.58976,101.03383,27,7,1969,1538
20,13.72198,101.2018,27,7,1995,1506
21,13.33792,100.93623,27,7,1971,1598
22,13.50474,101.16583,27,7,2008,1558
id,Date,Surface_reflectance_for_band_1,Surface_reflectance_for_band_2,Surface_reflectance_for_band_3,Surface_reflectance_for_band_4,Surface_reflectance_for_band_5,Surface_reflectance_for_band_6,Surface_reflectance_for_band_7,Surface_reflectance_500m_quality_control_flags,Solar_zenith,View_zenith,Relative_azimuth,Surface_reflectance_500m_state_flags,Surface_reflectance_day_of_year,actual_date
1,2011/01/01,645,2252,336,659,5619,1943,1111,1075576832,4279,291,11994,72,8,2011/01/08
1,2011/01/09,1399,3225,823,1377,3840,2694,1813,1073741824,4425,2516,-4807,202,10,2011/01/10
1,2011/01/17,683,2149,347,669,2695,2018,1235,1073741824,4101,272,12529,136,24,2011/01/24
1,2011/01/25,620,2195,323,624,2438,1794,1023,1073741824,3889,1700,13448,72,31,2011/01/31
1,2011/02/02,689,2046,372,672,2388,1924,1112,1073741824,3774,296,13615,136,40,2011/02/09
1,2011/02/10,797,2043,400,731,3403,2083,1326,1075576832,3498,1736,13730,136,47,2011/02/16
1,2011/02/18,764,1912,386,754,2282,2050,1285,1073741824,3340,314,14389,200,56,2011/02/25
1,2011/02/26,696,2459,270,638,3231,2602,1550,1073741824,3679,4553,-2840,8206,60,2011/03/01
1,2011/03/06,920,2280,477,867,2909,2475,1621,1073741824,3184,1131,-2959,136,65,2011/03/06
1,2011/03/14,859,2140,590,898,2379,2075,1205,1073741824,2527,1736,15425,1289,79,2011/03/20
1,2011/03/22,963,2455,470,915,6339,2579,1678,1075576832,2719,1140,-1932,72,81,2011/03/22
1,2011/03/30,376,1921,193,409,2080,1753,969,1073741824,1686,5550,15357,202,91,2011/04/01
1,2011/04/07,735,3005,390,825,3268,2706,1592,1073741824,2326,1175,-1039,138,97,2011/04/07
1,2011/04/15,980,3566,525,1049,4115,3123,1958,1073741824,2308,2498,-124,144,106,2011/04/16
1,2011/04/23,763,3334,420,918,3548,2562,1415,1073741824,2073,1139,496,8212,113,2011/04/23
1,2011/05/01,493,2381,256,578,2372,1763,916,1073741824,1417,4052,-16276,137,125,2011/05/05
1,2011/05/09,767,3540,404,897,3556,2650,1428,1073741824,2295,3617,1834,137,131,2011/05/11
1,2011/05/17,644,3353,343,803,3143,2348,1138,1073741824,2463,4552,2301,141,140,2011/05/20
1,2011/05/25,594,3071,311,739,3165,2059,1037,1073741824,1982,306,-14905,73,152,2011/06/01
1,2011/06/02,2313,4426,2106,2483,4557,3221,1950,1073741824,2268,2499,3156,1033,154,2011/06/03
1,2011/06/10,840,3438,511,962,3318,2389,1267,1073741824,2185,1185,3420,8205,161,2011/06/10
1,2011/06/18,1483,3883,1400,1663,3888,2638,1388,1073741824,2654,4582,3050,1033,172,2011/06/21
1,2011/06/26,1486,2891,1475,1606,2804,2039,1176,1073741824,1889,2976,-14145,1801,182,2011/07/01
1,2011/07/04,657,3380,339,808,3304,2286,1104,1073741824,2427,2498,3110,74,186,2011/07/05
1,2011/07/12,1318,3124,1021,1423,3132,2215,1284,1073741824,2293,1140,3081,1033,193,2011/07/12
1,2011/07/20,1334,3333,1417,1530,3023,2171,1171,1073741824,1708,4052,-15086,1033,205,2011/07/24
1,2011/07/28,980,2900,818,1148,2860,1909,1060,1073741824,2089,333,-15852,1289,216,2011/08/04
1,2011/08/05,1086,5106,918,1362,5002,3123,1590,1073741824,2374,2470,1697,1033,218,2011/08/06
1,2011/08/13,1292,3895,1101,1512,3488,2378,1138,1073741824,2048,323,-17523,1033,232,2011/08/20
1,2011/08/21,334,2781,171,448,2550,1655,735,1073741824,1319,5561,17762,73,235,2011/08/23
1,2011/08/29,375,2620,211,492,2325,1481,621,1073741824,1516,4878,16631,142,244,2011/09/01
1,2011/09/06,1453,3143,1434,1640,2709,1644,786,1073741824,2038,1708,15909,1289,255,2011/09/12
1,2011/09/14,974,3261,907,1167,3102,1713,713,1073741824,2029,2958,14970,1801,262,2011/09/19
1,2011/09/22,1145,3638,1009,1376,3605,2330,1357,1073741824,2859,4592,-2366,1033,268,2011/09/25
1,2011/09/30,560,3856,325,790,3513,2299,983,1073741824,2585,1167,-3059,8204,273,2011/09/30
1,2011/10/08,374,3181,203,559,3114,1645,582,1073741824,2731,1763,13207,142,287,2011/10/14
1,2011/10/16,2640,5010,2311,2880,5012,3672,2543,1073741824,3064,350,13108,8204,296,2011/10/23
1,2011/10/24,561,3580,279,757,3642,2150,946,1073741824,3520,4542,-4352,136,300,2011/10/27
1,2011/11/01,531,3819,290,780,3568,2131,900,1073741824,3606,3617,-4683,136,307,2011/11/03
1,2011/11/09,379,2851,181,496,2747,1725,753,1073741824,3463,4033,11924,136,317,2011/11/13
1,2011/11/17,650,3034,345,753,3389,2106,1056,1073741824,3804,1176,-5410,72,321,2011/11/17
1,2011/11/25,618,3255,309,763,3616,2163,1058,1073741824,4073,2526,-5331,72,330,2011/11/26
1,2011/12/03,605,2426,298,631,2698,2031,1092,1073741824,4170,351,12420,72,344,2011/12/10
1,2011/12/11,854,2752,441,877,3039,2279,1248,1073741824,4331,2452,-5257,72,346,2011/12/12
1,2011/12/19,741,2395,392,775,2913,1952,1089,1073741824,4296,387,12345,136,360,2011/12/26
1,2011/12/27,778,2625,408,806,3295,2230,1188,1073741824,4446,2425,-4973,136,362,2011/12/28
2,2011/01/01,674,2295,342,713,1716,1612,830,1075576832,4385,888,-4879,136,1,2011/01/01
2,2011/01/09,686,2598,353,768,2842,1814,923,1073741824,4430,2278,-4756,72,10,2011/01/10
2,2011/01/17,637,2514,325,752,2504,1653,840,1073741824,4286,933,-4470,200,17,2011/01/17
2,2011/01/25,523,2319,256,604,2363,1573,788,1073741824,3893,1955,13222,72,31,2011/01/31
2,2011/02/02,560,2364,276,665,2414,1587,789,1073741824,3776,568,14008,136,40,2011/02/09
2,2011/02/10,715,2855,368,843,3021,2046,1058,1073741824,3921,2260,-3985,200,42,2011/02/11
2,2011/02/18,592,2771,293,728,2758,1897,952,1073741824,3640,886,-3852,136,49,2011/02/18
2,2011/02/26,537,3412,274,734,3192,2113,965,1075576832,3495,2241,-3174,200,58,2011/02/27
2,2011/03/06,575,2723,277,702,2816,1855,957,1073741824,3177,869,-3295,136,65,2011/03/06
2,2011/03/14,488,2565,278,630,-28672,1568,741,1075576835,2518,1982,15175,136,79,2011/03/20
2,2011/03/22,579,2737,290,708,2930,1864,912,1073741824,2706,877,-2236,72,81,2011/03/22
2,2011/03/30,353,2428,196,465,2432,1533,700,1073741824,1677,5657,15247,200,91,2011/04/01
2,2011/04/07,630,2632,330,747,2641,1868,929,1073741824,2025,576,17328,202,104,2011/04/14
2,2011/04/15,736,3125,385,835,3273,2303,1174,1073741824,2544,4395,94,200,108,2011/04/18
2,2011/04/23,647,2493,383,701,2488,1725,815,1073741824,1557,3219,-17254,8206,118,2011/04/28
2,2011/05/01,1152,1689,1112,1225,1798,1350,781,1073741824,1674,2000,-16385,1801,127,2011/05/07
2,2011/05/09,3128,3692,2894,3183,3307,2703,1781,1073741824,1838,605,-16071,1033,136,2011/05/16
2,2011/05/17,844,2698,422,920,2363,1842,919,1073741824,2426,4395,2207,137,140,2011/05/20
2,2011/05/25,998,2979,553,1096,2768,1964,1061,1073741824,2029,877,2900,205,145,2011/05/25
2,2011/06/02,2733,3959,2562,2892,3782,3237,2029,1073741824,2230,2268,3019,1033,154,2011/06/03
2,2011/06/10,652,3716,334,891,3507,2233,959,1073741824,2714,5197,2869,137,165,2011/06/14
2,2011/06/18,945,3748,726,1189,3449,2213,1005,1073741824,2615,4425,2970,8201,172,2011/06/21
2,2011/06/26,877,3413,695,1072,3256,2093,957,1073741824,2506,3447,3105,8205,179,2011/06/28
2,2011/07/04,480,2718,250,582,2591,1550,684,1073741824,1720,4197,-14262,72,189,2011/07/08
2,2011/07/12,811,3488,447,958,3259,2013,888,1073741824,2254,877,2780,8205,193,2011/07/12
2,2011/07/20,2083,4245,1916,2333,3848,2365,1151,1073741824,2663,4395,2162,1801,204,2011/07/23
2,2011/07/28,871,3731,530,1035,3479,2159,1019,1073741824,2221,859,2305,1034,209,2011/07/28
2,2011/08/05,2005,4206,1791,2181,3806,2803,1632,1073741824,2340,2240,1536,1801,218,2011/08/06
2,2011/08/13,2757,4758,2400,2863,4327,3840,2951,1073741824,2175,868,981,1033,225,2011/08/13
2,2011/08/21,407,2666,223,501,2397,1413,571,1073741824,1294,5668,17642,74,235,2011/08/23
2,2011/08/29,879,2547,554,905,2299,1757,1033,1073741824,1789,3191,16719,8201,246,2011/09/03
2,2011/09/06,1881,3175,1699,1943,3159,2152,1270,1073741824,2024,1955,15919,1033,255,2011/09/12
2,2011/09/14,2095,3271,1781,2186,3054,2362,1335,1073741824,2596,3466,-1906,1033,259,2011/09/16
2,2011/09/22,1001,2698,807,1145,2345,1735,913,1073741824,2323,1945,14373,1033,271,2011/09/28
2,2011/09/30,632,2260,346,727,1919,1340,683,1073741824,2638,588,13375,142,280,2011/10/07
2,2011/10/08,571,2406,349,746,-100,1412,716,1075576833,2885,2241,-3687,8206,282,2011/10/09
2,2011/10/16,534,2279,266,624,2053,1400,723,1073741824,3071,615,12534,136,296,2011/10/23
2,2011/10/24,460,2361,230,560,2285,1437,710,1073741824,3200,2000,12582,72,303,2011/10/30
2,2011/11/01,455,2492,238,567,2490,1468,687,1073741824,3517,585,12461,72,312,2011/11/08
2,2011/11/09,532,2442,242,607,2422,1519,702,1073741824,3637,1963,12203,136,319,2011/11/15
2,2011/11/17,573,2616,298,693,2545,1660,814,1073741824,3813,914,-5188,72,321,2011/11/17
2,2011/11/25,554,2438,297,622,2465,1662,866,1073741824,3984,1974,12023,72,335,2011/12/01
2,2011/12/03,764,2299,381,754,2383,1791,1082,1073741824,4181,623,11958,72,344,2011/12/10
2,2011/12/11,750,2826,405,823,2836,1979,1069,1073741824,4340,2214,-5179,136,346,2011/12/12
2,2011/12/19,711,2268,378,757,2313,1651,947,1073741824,4306,649,12810,136,360,2011/12/26
2,2011/12/27,764,2150,410,795,2284,1630,942,1073741824,4454,2195,-5125,72,362,2011/12/28
3,2011/01/01,643,2400,329,704,2502,1832,1048,1073741824,4329,679,-4849,136,1,2011/01/01
3,2011/01/09,928,3335,459,1007,3621,2523,1489,1073741824,4536,4307,-4506,200,12,2011/01/12
3,2011/01/17,716,1995,385,726,2158,1779,1158,1073741824,4052,748,13341,136,24,2011/01/24
3,2011/01/25,742,2554,373,778,2688,2042,1205,1073741824,4194,2105,-4249,72,26,2011/01/26
3,2011/02/02,714,2072,358,718,2213,1831,1156,1073741824,3723,786,13374,136,40,2011/02/09
3,2011/02/10,792,2348,385,802,2760,2060,1350,1073741824,3870,2077,-3724,136,42,2011/02/11
3,2011/02/18,607,2279,284,672,7017,1833,1084,1075576832,3288,794,14051,200,56,2011/02/25
3,2011/02/26,682,3554,366,916,3189,2501,1279,1073741824,3820,5726,-2588,202,62,2011/03/03
3,2011/03/06,763,2431,403,810,2744,1982,1134,1073741824,3131,662,-2588,200,65,2011/03/06
3,2011/03/14,725,2180,373,740,2215,1794,1132,1073741824,2473,2183,15295,136,79,2011/03/20
3,2011/03/22,809,2519,436,844,2664,2105,1262,1073741824,2665,669,-2229,72,81,2011/03/22
3,2011/03/30,484,1920,277,527,1927,1402,736,1073741824,1634,5744,15302,202,91,2011/04/01
3,2011/04/07,932,2761,476,1042,3140,2425,1523,1073741824,2521,3306,-652,201,99,2011/04/09
3,2011/04/15,760,3093,401,849,-28672,2275,1283,1075576835,2525,4278,204,202,108,2011/04/18
3,2011/04/23,777,2877,441,897,3026,2167,1081,1073741824,2027,662,948,8205,113,2011/04/23
3,2011/05/01,527,2260,259,579,2152,1514,760,1073741824,1377,4353,-16203,201,125,2011/05/05
3,2011/05/09,889,3051,439,989,2698,2057,1099,1073741824,2551,5073,1887,201,133,2011/05/13
3,2011/05/17,858,2717,656,981,2463,1747,958,1073741824,1747,2183,-14895,1289,143,2011/05/23
3,2011/05/25,706,2691,382,798,2594,1737,912,1073741824,1954,786,-15002,74,152,2011/06/01
3,2011/06/02,3569,4821,3437,3732,4589,4024,2796,1073741824,1880,2147,-14263,1033,159,2011/06/08
3,2011/06/10,2635,4450,1939,2510,4500,3739,2578,1073741824,2158,715,3230,1033,161,2011/06/10
3,2011/06/18,824,3294,449,941,3140,2063,1117,1073741824,2626,4307,3173,202,172,2011/06/21
3,2011/06/26,852,3321,443,962,3236,2228,1239,1073741824,2517,3297,3217,137,179,2011/06/28
3,2011/07/04,949,3036,532,1004,3235,2321,1395,1073741824,2398,2077,3321,74,186,2011/07/05
3,2011/07/12,794,3488,417,929,3476,2233,1181,1073741824,2817,5083,2504,73,197,2011/07/16
3,2011/07/20,1058,2648,972,1130,2469,1914,1119,1073741824,1677,4353,-14903,1289,205,2011/07/24
3,2011/07/28,878,2784,540,963,2699,1936,1078,1073741824,2223,651,2407,1545,209,2011/07/28
3,2011/08/05,1154,3807,783,1281,3868,2610,1492,1073741824,2336,2057,1647,8201,218,2011/08/06
3,2011/08/13,1584,3140,1429,1747,3052,1882,966,1073741824,2746,5073,804,1033,229,2011/08/17
3,2011/08/21,526,2217,288,556,2062,1470,767,1073741824,1270,5755,17866,137,235,2011/08/23
3,2011/08/29,1046,3813,641,1170,3809,2633,1524,1073741824,2453,3287,-297,8205,243,2011/08/31
3,2011/09/06,1051,2505,878,1175,2349,1628,913,1073741824,1984,2147,16058,1033,255,2011/09/12
3,2011/09/14,1211,2584,1127,1323,2366,1683,931,1073741824,1975,3331,15028,1033,262,2011/09/19
3,2011/09/22,1758,3193,1518,1862,3215,2705,2446,1073741824,2524,2122,-2495,1033,266,2011/09/23
3,2011/09/30,789,2119,596,854,2241,1658,1133,1073741824,2349,3369,13572,1034,278,2011/10/05
3,2011/10/08,480,1933,239,560,1921,1279,691,1073741824,2682,2192,13314,78,287,2011/10/14
3,2011/10/16,428,2063,235,478,1936,1297,691,1073741824,2625,5132,12305,202,292,2011/10/19
3,2011/10/24,495,2135,255,584,1902,1323,730,1073741824,3142,2202,12629,72,303,2011/10/30
3,2011/11/01,606,2352,300,683,2244,1522,855,1073741824,3342,642,-5054,72,305,2011/11/01
3,2011/11/09,678,2324,341,702,2480,1732,1008,1073741824,3579,2155,12222,136,319,2011/11/15
3,2011/11/17,769,2432,394,796,2723,1963,1217,1073741824,3756,706,-5176,136,321,2011/11/17
3,2011/11/25,836,2389,438,823,2843,2129,1457,1073741824,4026,2113,-5266,136,330,2011/11/26
3,2011/12/03,792,2566,401,836,2835,1948,1146,1073741824,4084,670,-5254,136,337,2011/12/03
3,2011/12/11,734,2695,351,780,2864,2066,1279,1075576832,4283,2031,-5173,136,346,2011/12/12
3,2011/12/19,792,2391,409,800,2641,1851,1205,1073741824,4248,867,12229,136,360,2011/12/26
3,2011/12/27,899,2341,474,898,2649,2128,1367,1073741824,4397,2003,-5131,136,362,2011/12/28
4,2011/01/01,611,1968,314,650,2089,1562,920,1073741824,4329,472,-4853,72,1,2011/01/01
4,2011/01/09,710,2338,356,763,2685,1770,1007,1073741824,4374,1903,-4772,136,10,2011/01/10
4,2011/01/17,586,2055,301,649,2077,1646,922,1073741824,4051,947,13351,136,24,2011/01/24
4,2011/01/25,692,2435,349,736,3114,1938,1147,1075576832,4191,1913,-4293,72,26,2011/01/26
4,2011/02/02,650,2374,340,776,2640,1750,958,1073741824,4120,3138,-4056,136,35,2011/02/04
4,2011/02/10,720,2575,355,782,6483,2120,1230,1075576832,3865,1885,-3772,136,42,2011/02/11
4,2011/02/18,860,2622,559,982,2508,1770,1085,1073741824,3281,1011,14130,200,56,2011/02/25
4,2011/02/26,616,2832,299,764,2970,2036,1141,1073741824,3439,1866,-3193,200,58,2011/02/27
4,2011/03/06,620,2081,335,719,2187,1613,901,1073741824,3122,456,-2417,200,65,2011/03/06
4,2011/03/14,554,2283,306,630,2411,1706,984,1073741824,2463,2358,15248,136,79,2011/03/20
4,2011/03/22,644,2169,333,736,2400,1649,916,1073741824,2653,462,-2310,136,81,2011/03/22
4,2011/03/30,671,3107,347,825,3317,2194,1127,1073741824,2785,4161,-1122,200,92,2011/04/02
4,2011/04/07,649,3095,311,824,3298,2378,1228,1073741824,2501,3137,-713,202,99,2011/04/09
4,2011/04/15,717,3012,372,823,3226,2308,1204,1073741824,2503,4142,156,136,108,2011/04/18
4,2011/04/23,2648,3862,2285,2643,-28672,3573,2595,1075576835,2004,446,1019,1033,113,2011/04/23
4,2011/05/01,1125,2107,1074,1201,2254,1913,1216,1073741824,1351,4480,-16242,8205,125,2011/05/05
4,2011/05/09,853,2655,467,886,2866,2129,1183,1073741824,2231,3100,1944,137,131,2011/05/11
4,2011/05/17,677,2490,366,778,2194,1623,809,1073741824,2403,4142,2395,138,140,2011/05/20
4,2011/05/25,1592,2747,1121,1594,6721,2511,1732,1075576832,1927,993,-14874,141,152,2011/06/01
4,2011/06/02,2390,3481,2335,2558,3245,2370,1363,1073741824,1853,2330,-14237,1801,159,2011/06/08
4,2011/06/10,642,2718,314,786,2637,1703,802,1073741824,2698,5002,2945,74,165,2011/06/14
4,2011/06/18,720,2899,355,869,2748,1888,892,1073741824,2598,4171,3154,138,172,2011/06/21
4,2011/06/26,627,2523,321,783,2470,1631,783,1073741824,2491,3137,3194,138,179,2011/06/28
4,2011/07/04,596,2482,317,720,-20,1761,974,1075576833,2371,1885,3300,74,186,2011/07/05
4,2011/07/12,1336,3195,1110,1491,3157,2244,1316,1073741824,2236,456,3769,1033,193,2011/07/12
4,2011/07/20,1056,3258,1488,1379,2934,1807,757,1073741824,1389,5843,-14379,1033,203,2011/07/22
4,2011/07/28,833,2770,492,969,2559,1876,1092,1073741824,2025,1019,-16187,72,216,2011/08/04
4,2011/08/05,961,3345,658,1102,3324,2062,1038,1073741824,2310,1857,1593,1801,218,2011/08/06
4,2011/08/13,885,3495,534,1026,3287,2041,1067,1073741824,1686,3529,-17308,8205,230,2011/08/18
4,2011/08/21,809,2992,433,939,3060,2024,1041,1073741824,2273,1866,494,73,234,2011/08/22
4,2011/08/29,1528,3835,1279,1746,3454,2546,1344,1073741824,2729,4982,-408,1033,245,2011/09/02
4,2011/09/06,1774,3095,1720,1968,3030,2121,1286,1073741824,1970,2340,15781,1033,255,2011/09/12
4,2011/09/14,1103,2625,911,1236,2407,1736,1021,1073741824,2256,498,-1710,1033,257,2011/09/14
4,2011/09/22,734,2570,493,871,2146,1393,638,1073741824,2793,4181,-2378,8206,268,2011/09/25
4,2011/09/30,608,1680,562,706,1558,991,484,1073741824,2581,1011,13650,142,280,2011/10/07
4,2011/10/08,197,1424,95,267,1231,784,375,1073741824,2471,4470,12786,206,285,2011/10/12
4,2011/10/16,451,1890,231,554,1651,1166,583,1073741824,3145,3100,-4169,136,291,2011/10/18
4,2011/10/24,340,989,184,414,963,620,333,1073741824,3145,2385,12582,136,303,2011/10/30
4,2011/11/01,435,1503,241,509,1484,926,475,1073741824,3342,434,-5214,72,305,2011/11/01
4,2011/11/09,391,1327,225,477,1430,916,493,1073741824,3655,1875,-5090,136,314,2011/11/10
4,2011/11/17,539,1640,284,599,1579,1072,598,1073741824,3759,498,-5120,74,321,2011/11/17
4,2011/11/25,483,1541,269,554,1622,1118,626,1073741824,4027,1921,-5321,72,330,2011/11/26
4,2011/12/03,529,1643,258,626,1794,1076,545,1073741824,4260,3109,-5259,136,339,2011/12/05
4,2011/12/11,707,2080,375,726,2187,1467,914,1073741824,4284,1830,-5219,136,346,2011/12/12
4,2011/12/19,626,1368,318,642,1533,1014,533,1073741824,4251,1075,12267,136,360,2011/12/26
4,2011/12/27,644,1711,346,682,2062,1368,775,1073741824,4398,1812,-5191,72,362,2011/12/28
5,2011/01/01,726,2312,383,760,2472,1636,908,1073741824,4334,427,-4708,72,1,2011/01/01
5,2011/01/09,506,2140,256,538,2244,1502,768,1075576832,3992,4460,12430,200,13,2011/01/13
5,2011/01/17,602,2062,311,664,2264,1490,798,1073741824,4056,992,13229,136,24,2011/01/24
5,2011/01/25,691,2485,367,759,2707,1789,984,1073741824,4195,1876,-4273,72,26,2011/01/26
5,2011/02/02,792,2760,394,836,2898,2290,1250,1073741824,4123,3100,-4052,136,35,2011/02/04
5,2011/02/10,724,2150,413,799,2270,1676,949,1073741824,3867,1840,-3753,200,42,2011/02/11
5,2011/02/18,631,2314,338,729,2359,1826,1071,1073741824,3283,1056,14072,8202,56,2011/02/25
5,2011/02/26,648,2343,340,752,2564,1784,917,1073741824,3441,1830,-3177,200,58,2011/02/27
5,2011/03/06,696,2127,364,771,2251,1643,915,1073741824,3123,408,-3497,200,65,2011/03/06
5,2011/03/14,633,2063,336,685,-28672,1562,868,1075576835,2464,2394,15204,136,79,2011/03/20
5,2011/03/22,725,2611,380,800,2926,2119,1207,1073741824,2652,416,-2221,136,81,2011/03/22
5,2011/03/30,751,2938,381,848,2976,2330,1225,1073741824,2782,4132,-1130,202,92,2011/04/02
5,2011/04/07,530,2944,250,754,3161,1998,862,1073741824,2499,3109,-719,202,99,2011/04/09
5,2011/04/15,724,3132,268,804,-28672,2462,1380,1075576835,2498,4114,148,202,108,2011/04/18
5,2011/04/23,869,2302,707,965,2486,1722,940,1073741824,1799,1064,-16821,8205,120,2011/04/30
5,2011/05/01,582,2143,292,598,-28672,1603,788,1075576835,1344,4500,-16290,201,125,2011/05/05
5,2011/05/09,1004,2853,491,999,-28672,2109,1188,1075576835,2223,3063,1942,137,131,2011/05/11
5,2011/05/17,896,2678,637,982,2663,1895,968,1073741824,1711,2403,-14946,1289,143,2011/05/23
5,2011/05/25,959,2734,473,990,2636,1783,913,1073741824,1918,1028,-14480,77,152,2011/06/01
5,2011/06/02,1703,3468,1449,1841,3046,2127,1075,1073741824,2204,1848,3114,1033,154,2011/06/03
5,2011/06/10,1332,3593,1016,1473,3422,2553,1511,1073741824,2403,3119,3103,1033,163,2011/06/12
5,2011/06/18,849,3052,402,925,2685,1801,873,1073741824,2589,4143,3154,138,172,2011/06/21
5,2011/06/26,829,3199,414,934,2890,1999,981,1073741824,2481,3100,3198,138,179,2011/06/28
5,2011/07/04,632,2522,353,680,2376,1551,764,1073741824,1699,4480,-14008,74,189,2011/07/08
5,2011/07/12,1097,3172,853,1257,3215,2154,1157,1073741824,2227,417,2699,1545,193,2011/07/12
5,2011/07/20,1031,2992,1102,1217,2616,1814,921,1073741824,1641,4500,-14951,1801,205,2011/07/24
5,2011/07/28,738,2996,382,852,2758,1810,896,1073741824,2018,1065,-16253,72,216,2011/08/04
5,2011/08/05,1327,3029,1014,1438,3000,1770,868,1073741824,2303,1821,1601,1801,218,2011/08/06
5,2011/08/13,1244,2965,966,1338,2719,2123,1349,1073741824,2134,398,1002,1033,225,2011/08/13
5,2011/08/21,845,3595,410,981,3317,2270,1192,1073741824,2268,1821,503,73,234,2011/08/22
5,2011/08/29,851,2895,395,933,2872,1823,800,1073741824,2429,3090,-359,74,243,2011/08/31
5,2011/09/06,3008,3852,2959,3204,3957,2899,1901,1073741824,1971,2367,15933,1033,255,2011/09/12
5,2011/09/14,837,1941,538,907,1746,1092,464,1073741824,2833,4972,-1737,1801,261,2011/09/18
5,2011/09/22,1670,2897,1450,1744,2871,2081,1383,1073741824,2793,4153,-2385,1033,268,2011/09/25
5,2011/09/30,620,1599,297,648,1442,983,572,1073741824,2351,3548,13473,206,278,2011/10/05
5,2011/10/08,2607,2897,2275,2520,2717,2409,1830,1073741824,2685,2413,13217,1034,287,2011/10/14
5,2011/10/16,612,2198,314,686,2005,1366,721,1073741824,3020,1083,12722,136,296,2011/10/23
5,2011/10/24,663,1473,321,695,1355,913,500,1073741824,3150,2422,12546,72,303,2011/10/30
5,2011/11/01,660,2453,350,731,2521,1578,851,1073741824,3347,389,-5108,72,305,2011/11/01
5,2011/11/09,668,1485,318,713,1432,874,414,1073741824,3660,1830,-5073,136,314,2011/11/10
5,2011/11/17,698,1565,329,698,1614,994,484,1073741824,3764,454,-4986,72,321,2011/11/17
5,2011/11/25,775,1890,380,775,1926,1355,721,1073741824,4032,1876,-5304,72,330,2011/11/26
5,2011/12/03,808,2271,411,832,2414,1765,952,1073741824,4265,3072,-5253,136,339,2011/12/05
5,2011/12/11,848,2034,422,852,3054,1532,908,1075576832,4289,1794,-5197,72,346,2011/12/12
5,2011/12/19,722,2520,378,760,2767,1862,1021,1073741824,4256,1110,12690,136,360,2011/12/26
5,2011/12/27,837,2217,411,832,2585,1608,855,1073741824,4403,1775,-5172,72,362,2011/12/28
6,2011/01/01,827,2649,425,891,2854,1905,1063,1073741824,4308,272,-5194,72,1,2011/01/01
6,2011/01/09,1105,3206,440,1098,3497,2679,1496,1073741824,4351,1720,-4892,200,10,2011/01/10
6,2011/01/17,741,2245,369,720,4179,1970,1179,1075576832,4028,1156,13007,136,24,2011/01/24
6,2011/01/25,913,2649,532,910,2933,2351,1361,1073741824,4168,1730,-4375,72,26,2011/01/26
6,2011/02/02,793,2496,385,783,2898,2101,1190,1073741824,3946,284,-3627,200,33,2011/02/02
6,2011/02/10,830,2741,484,887,3120,2254,1305,1073741824,3842,1702,-3853,136,42,2011/02/11
6,2011/02/18,1649,3044,1199,1625,3341,2601,1886,1073741824,3561,267,-2824,1032,49,2011/02/18
6,2011/02/26,906,2784,491,926,3046,2748,1649,1073741824,3416,1684,-3277,200,58,2011/02/27
6,2011/03/06,876,2342,436,816,2777,2546,1703,1073741824,3098,246,-2679,136,65,2011/03/06
6,2011/03/14,772,2340,409,748,2701,2160,1341,1073741824,2440,2532,15321,140,79,2011/03/20
6,2011/03/22,1365,2817,803,1265,-100,3159,2125,1075576833,2629,258,-1184,8206,81,2011/03/22
6,2011/03/30,784,2564,365,787,3060,2472,1506,1073741824,2763,4036,-1036,202,92,2011/04/02
6,2011/04/07,808,3092,407,948,3276,2721,1516,1073741824,2481,2988,-585,202,99,2011/04/09
6,2011/04/15,1113,3242,781,1206,3528,2594,1510,1073741824,2218,1693,-94,1545,106,2011/04/16
6,2011/04/23,837,2527,443,842,2584,2261,1374,1073741824,1501,3680,-17120,205,118,2011/04/28
6,2011/05/01,1000,2518,802,1039,2810,2053,1205,1073741824,1629,2551,-16087,8205,127,2011/05/07
6,2011/05/09,723,2961,379,824,2949,2354,1198,1073741824,2509,4861,1944,201,133,2011/05/13
6,2011/05/17,1167,2769,631,1191,2891,2241,1101,1073741824,2096,1675,2434,8205,138,2011/05/18
6,2011/05/25,666,2663,268,726,2502,1894,1044,1073741824,1917,1191,-14638,8202,152,2011/06/01
6,2011/06/02,1814,3114,1753,1978,2860,1906,951,1073741824,1843,2505,-14131,1801,159,2011/06/08
6,2011/06/10,898,2875,472,955,2848,2139,1201,1073741824,2121,300,4015,8206,161,2011/06/10
6,2011/06/18,1120,2662,946,1227,2664,1970,1017,1073741824,1939,2505,-14204,1545,175,2011/06/24
6,2011/06/26,877,3182,626,1035,3212,2160,1075,1073741824,2480,2979,3188,1034,179,2011/06/28
6,2011/07/04,792,2760,398,862,2855,2087,1068,1073741824,2636,4027,2968,74,188,2011/07/07
6,2011/07/12,1407,3124,1070,1481,3210,2662,1594,1073741824,2225,255,3545,1289,193,2011/07/12
6,2011/07/20,1469,3339,1278,1648,3470,2149,1077,1073741824,2627,4017,2347,1801,204,2011/07/23
6,2011/07/28,645,2541,342,741,2343,1708,888,1073741824,2010,1218,-15993,72,216,2011/08/04
6,2011/08/05,946,3518,658,1116,3506,2335,1173,1073741824,2293,1666,1848,1289,218,2011/08/06
6,2011/08/13,2357,3881,2094,2488,3839,3339,2557,1073741824,2123,239,2067,1033,225,2011/08/13
6,2011/08/21,861,3290,373,957,3449,2442,1341,1073741824,2255,1684,445,74,234,2011/08/22
6,2011/08/29,872,3382,449,1013,3506,2382,1223,1073741824,2412,2969,-382,74,243,2011/08/31
6,2011/09/06,918,2205,866,1110,1980,1431,742,1073741824,1947,2514,15865,8205,255,2011/09/12
6,2011/09/14,681,2206,388,829,2005,1371,692,1073741824,2811,4891,-1657,142,261,2011/09/18
6,2011/09/22,332,1657,163,453,1547,1017,403,1073741824,2770,4056,-2411,136,268,2011/09/25
6,2011/09/30,408,1732,213,566,1595,1066,464,1073741824,2765,2970,-3102,136,275,2011/10/02
6,2011/10/08,65,843,103,135,763,483,220,1073741824,2450,4589,12790,202,285,2011/10/12
6,2011/10/16,465,1196,219,570,1034,728,303,1073741824,2993,1227,12974,138,296,2011/10/23
6,2011/10/24,497,798,180,572,852,576,312,1073741824,3211,1657,-4501,138,298,2011/10/25
6,2011/11/01,551,362,319,615,459,296,237,1073741824,3320,233,-3767,72,305,2011/11/01
6,2011/11/09,447,255,183,509,356,200,87,1073741824,3633,1684,-5189,136,314,2011/11/10
6,2011/11/17,487,847,260,536,962,714,482,1073741824,3736,290,-5623,136,321,2011/11/17
6,2011/11/25,574,634,258,616,855,679,386,1073741824,4005,1739,-5419,74,330,2011/11/26
6,2011/12/03,741,1447,391,719,1477,1222,741,1073741824,4105,1236,12307,74,344,2011/12/10
6,2011/12/11,833,1660,441,830,1620,1315,786,1073741824,4262,1648,-5311,73,346,2011/12/12
6,2011/12/19,1006,1793,507,908,2151,1789,1222,1073741824,4230,1263,12425,138,360,2011/12/26
6,2011/12/27,867,1985,450,854,2126,1603,940,1073741824,4375,1621,-5012,72,362,2011/12/28
7,2011/01/01,913,2240,458,789,3011,2656,1718,1073741824,4293,27,3485,72,1,2011/01/01
7,2011/01/09,1130,2466,609,995,3227,2812,1808,1073741824,4336,1475,-4814,138,10,2011/01/10
7,2011/01/17,795,1658,409,703,1957,1826,1222,1073741824,4013,1399,13245,72,24,2011/01/24
7,2011/01/25,864,1995,455,767,2670,2211,1479,1075576832,4151,1485,-4283,72,26,2011/01/26
7,2011/02/02,1029,2067,530,949,2273,1949,1185,1073741824,4079,2775,-4085,136,35,2011/02/04
7,2011/02/10,912,1885,461,843,2919,1832,1081,1075576832,3822,1449,-3759,136,42,2011/02/11
7,2011/02/18,955,2122,499,946,2576,2275,1470,1073741824,3542,18,-12433,136,49,2011/02/18
7,2011/02/26,684,1932,337,787,1770,1324,699,1073741824,3396,1439,-3193,200,58,2011/02/27
7,2011/03/06,336,2295,178,524,2214,1435,664,1073741824,2588,3851,14585,200,70,2011/03/11
7,2011/03/14,409,2370,216,585,2127,1468,662,1073741824,2417,2754,15231,136,79,2011/03/20
7,2011/03/22,505,2615,245,675,2461,1697,825,1073741824,2607,9,-10503,136,81,2011/03/22
7,2011/03/30,338,3216,181,571,2895,1734,672,1073741824,1765,4707,15954,200,93,2011/04/03
7,2011/04/07,653,3716,291,923,3748,2512,1232,1073741824,2454,2766,-553,200,99,2011/04/09
7,2011/04/15,542,3057,376,748,2865,1643,731,1073741824,1686,2753,-17820,204,111,2011/04/21
7,2011/04/23,230,3470,73,437,2949,1653,596,1073741824,1194,5433,-17344,202,116,2011/04/26
7,2011/05/01,722,3577,425,929,3438,2056,968,1073741824,2049,1420,1254,136,122,2011/05/02
7,2011/05/09,1271,3015,1310,1462,2677,1892,993,1073741824,1485,3851,-15268,1801,134,2011/05/14
7,2011/05/17,1053,2789,906,1179,2591,1815,895,1073741824,1686,2754,-14794,1801,143,2011/05/23
7,2011/05/25,636,2474,288,692,2234,1565,776,1073741824,1894,1437,-14735,8206,152,2011/06/01
7,2011/06/02,2069,3259,1727,2110,3301,2915,1741,1073741824,2179,1466,3173,1801,154,2011/06/03
7,2011/06/10,888,2400,576,930,2760,1913,1020,1073741824,2664,4770,2996,8201,165,2011/06/14
7,2011/06/18,1041,2166,895,1112,2250,1801,1000,1073741824,1917,2717,-14036,8205,175,2011/06/24
7,2011/06/26,1266,3158,1078,1365,3163,2516,1336,1073741824,2457,2775,3268,8205,179,2011/06/28
7,2011/07/04,1023,2155,597,986,2406,1883,1129,1073741824,2336,1448,3416,74,186,2011/07/05
7,2011/07/12,999,2391,689,1039,2433,1922,1076,1073741824,2201,55,12952,8205,193,2011/07/12
7,2011/07/20,2229,3472,2049,2366,3534,2473,1422,1073741824,2600,3835,2394,1033,204,2011/07/23
7,2011/07/28,989,2637,757,1134,2416,1725,836,1073741824,1984,1472,-16088,8202,216,2011/08/04
7,2011/08/05,791,2767,470,944,2581,1791,854,1073741824,2269,1430,1629,1289,218,2011/08/06
7,2011/08/13,2138,3428,1850,2236,3255,2947,2116,1073741824,2097,25,-12132,1033,225,2011/08/13
7,2011/08/21,603,2841,332,784,2721,1729,790,1073741824,2228,1430,558,74,234,2011/08/22
7,2011/08/29,1030,3547,787,1235,3433,2516,1340,1073741824,2386,2756,-337,1033,243,2011/08/31
7,2011/09/06,3079,4444,2938,3219,4555,3588,2597,1073741824,1926,2717,15933,1033,255,2011/09/12
7,2011/09/14,816,4190,696,1139,3974,2331,953,1073741824,2788,4760,-1745,1033,261,2011/09/18
7,2011/09/22,1876,4585,1829,2133,4265,3190,1851,1073741824,2747,3883,-2407,1033,268,2011/09/25
7,2011/09/30,2073,3858,1905,2257,3803,2775,1843,1073741824,2480,26,-7651,1033,273,2011/09/30
7,2011/10/08,767,4214,715,1015,3881,2212,1064,1073741824,2643,2772,13178,8205,287,2011/10/14
7,2011/10/16,546,3673,294,793,3294,2017,893,1073741824,3104,2729,-4230,72,291,2011/10/18
7,2011/10/24,498,3068,265,666,2772,1780,791,1073741824,3111,2772,12506,72,303,2011/10/30
7,2011/11/01,641,3092,335,780,2985,1988,950,1073741824,3306,27,14807,72,305,2011/11/01
7,2011/11/09,842,2601,479,797,3104,2270,1204,1073741824,3551,2735,12147,72,319,2011/11/15
7,2011/11/17,935,2778,520,898,3327,2491,1379,1073741824,3725,46,-1884,72,321,2011/11/17
7,2011/11/25,1294,3048,615,1125,3874,3053,1880,1073741824,3992,1493,-5350,72,330,2011/11/26
7,2011/12/03,1057,2380,559,928,3003,2619,1534,1073741824,4053,28,4990,72,337,2011/12/03
7,2011/12/11,1084,2641,571,963,3227,2800,1701,1073741824,4249,1403,-5218,72,346,2011/12/12
7,2011/12/19,877,1663,448,785,1747,1428,895,1073741824,4216,1518,12316,136,360,2011/12/26
7,2011/12/27,866,1713,458,785,2037,1481,885,1073741824,4362,1375,-5241,72,362,2011/12/28
8,2011/01/01,617,1545,302,682,1604,1049,535,1073741824,4307,615,-5230,72,1,2011/01/01
8,2011/01/09,591,1464,303,572,1508,1020,561,1073741824,3961,4353,12543,202,13,2011/01/13
8,2011/01/17,715,1839,360,723,1955,1493,796,1073741824,4031,812,13029,136,24,2011/01/24
8,2011/01/25,796,2155,391,798,2431,1731,996,1073741824,4174,2058,-4360,72,26,2011/01/26
8,2011/02/02,618,1847,330,712,1842,1372,745,1073741824,3953,634,-4060,200,33,2011/02/02
8,2011/02/10,753,2800,384,877,2734,2080,1096,1073741824,3851,2021,-3834,200,42,2011/02/11
8,2011/02/18,739,2601,360,809,2937,2062,1217,1073741824,3571,615,-3483,136,49,2011/02/18
8,2011/02/26,687,4044,341,906,3806,2804,1337,1073741824,3610,4239,-2837,200,60,2011/03/01
8,2011/03/06,719,4061,351,948,4065,2707,1336,1073741824,3296,3231,-2566,200,67,2011/03/08
8,2011/03/14,482,2694,248,635,2301,1487,618,1073741824,2457,2238,15454,136,79,2011/03/20
8,2011/03/22,522,2408,279,668,2289,1521,738,1073741824,2651,607,-1774,136,81,2011/03/22
8,2011/03/30,209,2925,89,383,2737,1738,834,1073741824,1616,5777,15453,206,91,2011/04/01
8,2011/04/07,618,2889,311,804,2858,1730,849,1073741824,2266,642,-991,200,97,2011/04/07
8,2011/04/15,805,3138,380,904,3315,2330,1265,1073741824,2521,4248,201,136,108,2011/04/18
8,2011/04/23,719,2284,321,731,-28672,1699,948,1075576835,1540,3434,-17031,205,118,2011/04/28
8,2011/05/01,1180,3025,791,1218,3225,2408,1363,1073741824,2116,1994,1440,1033,122,2011/05/02
8,2011/05/09,836,1717,603,860,1857,1436,795,1073741824,1965,588,2053,1033,129,2011/05/09
8,2011/05/17,875,2188,463,898,2117,1581,874,1073741824,1754,2239,-14703,137,143,2011/05/23
8,2011/05/25,847,2142,416,895,1843,1317,716,1073741824,1962,847,-14603,74,152,2011/06/01
8,2011/06/02,2287,3371,2247,2480,3145,2752,1805,1073741824,2534,4258,3020,1033,156,2011/06/05
8,2011/06/10,710,3043,358,886,2817,1900,940,1073741824,2731,5084,2975,74,165,2011/06/14
8,2011/06/18,700,3272,356,919,2845,1991,914,1073741824,2632,4268,3168,201,172,2011/06/21
8,2011/06/26,916,3606,659,1160,3216,2322,1123,1073741824,2525,3259,3197,8206,179,2011/06/28
8,2011/07/04,662,2796,312,835,2491,1605,787,1073741824,2405,2021,3246,72,186,2011/07/05
8,2011/07/12,856,2863,651,1052,2477,1606,750,1073741824,2270,606,3234,1545,193,2011/07/12
8,2011/07/20,1250,3801,1095,1505,3112,1633,642,1073741824,2391,2003,2679,1545,202,2011/07/21
8,2011/07/28,626,3095,323,801,2670,1761,843,1073741824,2226,590,2910,72,209,2011/07/28
8,2011/08/05,948,3089,662,1124,2777,1787,828,1073741824,2336,1994,1834,1545,218,2011/08/06
8,2011/08/13,1111,3566,807,1238,3104,2169,1165,1073741824,2163,588,1508,1033,225,2011/08/13
8,2011/08/21,728,2494,372,843,2461,1610,766,1073741824,2586,4239,403,74,236,2011/08/24
8,2011/08/29,1492,2824,1363,1669,2722,2028,1272,1073741824,2148,606,-50,1033,241,2011/08/29
8,2011/09/06,1442,2612,1248,1571,2471,1847,1004,1073741824,2627,4258,-1008,1033,252,2011/09/09
8,2011/09/14,1050,1816,751,1101,1660,1336,820,1073741824,2547,3268,-1732,8205,259,2011/09/16
8,2011/09/22,539,1509,262,606,1377,803,300,1073741824,2792,4278,-2335,72,268,2011/09/25
8,2011/09/30,786,1567,465,843,1349,962,473,1073741824,2514,634,-2935,72,273,2011/09/30
8,2011/10/08,577,1245,251,556,1009,622,298,1073741824,2448,4392,12912,202,285,2011/10/12
8,2011/10/16,839,1323,398,872,913,531,245,1073741824,2994,893,13093,136,296,2011/10/23
8,2011/10/24,777,1429,393,829,1170,624,199,1073741824,3215,1985,-4481,138,298,2011/10/25
8,2011/11/01,637,1622,325,745,1182,692,258,1073741824,3321,581,-4594,72,305,2011/11/01
8,2011/11/09,481,1516,222,592,1142,639,314,1073741824,3557,2211,12352,136,319,2011/11/15
8,2011/11/17,497,1466,267,638,1229,667,281,1073741824,3734,642,-5547,72,321,2011/11/17
8,2011/11/25,506,1602,264,638,1433,817,322,1073741824,4004,2058,-5382,72,330,2011/11/26
8,2011/12/03,497,1529,257,611,1199,643,255,1073741824,4101,892,12459,72,344,2011/12/10
8,2011/12/11,548,1595,271,666,1507,790,348,1073741824,4261,1975,-5294,136,346,2011/12/12
8,2011/12/19,718,1727,373,822,1563,1034,530,1073741824,4598,5023,-4818,136,357,2011/12/23
8,2011/12/27,611,1507,322,716,1480,863,401,1073741824,4376,1948,-4986,138,362,2011/12/28
9,2011/01/01,755,2073,416,742,2367,1885,1274,1073741824,4284,179,-3731,72,1,2011/01/01
9,2011/01/09,942,2237,509,901,3209,2043,1297,1075576832,4328,1630,-4725,136,10,2011/01/10
9,2011/01/17,799,1928,441,747,2308,1974,1279,1073741824,4006,1245,13200,136,24,2011/01/24
9,2011/01/25,945,2237,504,866,2748,2275,1568,1073741824,4146,1648,-4520,72,26,2011/01/26
9,2011/02/02,927,2066,474,858,2517,2041,1398,1073741824,3925,191,-4352,136,33,2011/02/02
9,2011/02/10,857,2133,427,804,2521,2174,1464,1073741824,3820,1612,-3997,136,42,2011/02/11
9,2011/02/18,1018,2553,460,955,2865,2586,1613,1073741824,3699,2886,-3437,206,51,2011/02/20
9,2011/02/26,1014,2616,554,990,3165,2572,1638,1073741824,3574,3960,-2914,202,60,2011/03/01
9,2011/03/06,839,2051,442,806,2527,2098,1441,1073741824,3079,156,-3746,136,65,2011/03/06
9,2011/03/14,769,1984,420,736,2288,1962,1343,1073741824,2421,2615,15436,74,79,2011/03/20
9,2011/03/22,871,2309,488,882,2773,2260,1532,1073741824,2612,164,-1846,8205,81,2011/03/22
9,2011/03/30,595,2329,330,617,2278,1794,1045,1073741824,1770,4628,16030,201,93,2011/04/03
9,2011/04/07,723,2674,385,821,2898,2520,1468,1073741824,2468,2905,-628,202,99,2011/04/09
9,2011/04/15,1087,2780,587,1129,2932,2447,1543,1073741824,2476,3959,139,202,108,2011/04/18
9,2011/04/23,1026,2342,903,1164,2446,1835,1102,1073741824,1978,157,-460,8205,113,2011/04/23
9,2011/05/01,573,2141,320,612,2290,1798,1059,1073741824,1332,4658,-16093,205,125,2011/05/05
9,2011/05/09,1122,2751,786,1179,2975,2183,1191,1073741824,2214,2868,1922,1545,131,2011/05/11
9,2011/05/17,767,2834,378,838,2865,2080,1114,1073741824,2685,5521,2384,201,142,2011/05/22
9,2011/05/25,776,2401,382,801,2340,1864,1110,1073741824,1922,1282,-14402,73,152,2011/06/01
9,2011/06/02,1241,3159,1030,1369,3157,2353,1342,1073741824,2493,3979,3017,1033,156,2011/06/05
9,2011/06/10,1120,2622,852,1181,2575,2136,1465,1073741824,2041,1246,-14398,1033,168,2011/06/17
9,2011/06/18,1276,3090,1017,1392,2961,2405,1368,1073741824,2591,3988,3165,8205,172,2011/06/21
9,2011/06/26,887,2925,459,931,2878,2321,1363,1073741824,2484,2905,3332,137,179,2011/06/28
9,2011/07/04,834,2686,432,879,2759,2124,1228,1073741824,2365,1611,3167,74,186,2011/07/05
9,2011/07/12,1942,2862,1660,1966,2928,2359,1550,1073741824,2229,165,2563,1289,193,2011/07/12
9,2011/07/20,1617,2816,1595,1760,2662,1945,1087,1073741824,1909,2633,-15242,1801,207,2011/07/26
9,2011/07/28,795,2422,409,838,2427,1771,970,1073741824,2184,147,3120,73,209,2011/07/28
9,2011/08/05,1136,2841,753,1171,2926,2197,1344,1073741824,2292,1584,1748,1545,218,2011/08/06
9,2011/08/13,816,2756,456,883,2883,2099,1301,1073741824,2118,146,1254,74,225,2011/08/13
9,2011/08/21,772,2697,386,854,2721,2016,1175,1073741824,2246,1585,668,73,234,2011/08/22
9,2011/08/29,1106,3180,643,1207,3152,2556,1553,1073741824,2400,2886,-241,137,243,2011/08/31
9,2011/09/06,1318,2626,1106,1444,2326,2009,1279,1073741824,1930,2597,15997,1033,255,2011/09/12
9,2011/09/14,867,2783,605,965,2563,2045,1260,1073741824,2216,194,-795,8205,257,2011/09/14
9,2011/09/22,1445,2513,1383,1583,2373,1786,1067,1073741824,2222,2588,14355,1033,271,2011/09/28
9,2011/09/30,702,2052,367,748,1825,1447,905,1073741824,2480,191,-3324,72,273,2011/09/30
9,2011/10/08,2755,2880,2975,2801,3124,2668,1955,1073741824,2426,4648,12838,1033,285,2011/10/12
9,2011/10/16,473,1037,235,514,1034,825,569,1073741824,2970,1327,13146,136,296,2011/10/23
9,2011/10/24,529,1331,277,566,1313,1025,669,1073741824,3188,1575,-4644,136,298,2011/10/25
9,2011/11/01,447,1295,198,439,1337,1012,701,1073741824,3297,137,-4726,72,305,2011/11/01
9,2011/11/09,419,1245,206,438,1355,974,624,1073741824,3818,3969,-4816,138,316,2011/11/12
9,2011/11/17,587,1367,303,571,482,1176,822,1075576832,3713,196,-4111,136,321,2011/11/17
9,2011/11/25,469,1211,220,477,1338,909,575,1073741824,3981,1648,-5256,72,330,2011/11/26
9,2011/12/03,707,1499,360,656,1555,1293,844,1073741824,4081,1337,12120,72,344,2011/12/10
9,2011/12/11,892,1961,471,810,2316,1872,1425,1073741824,4239,1557,-5135,136,346,2011/12/12
9,2011/12/19,865,1872,463,802,2110,1855,1274,1073741824,4206,1354,12631,136,360,2011/12/26
9,2011/12/27,844,1660,464,794,2071,1534,987,1073741824,4353,1539,-5134,72,362,2011/12/28
10,2011/01/01,807,2340,414,769,2672,2229,1463,1073741824,4276,84,9560,136,1,2011/01/01
10,2011/01/09,898,2652,433,851,3166,2506,1519,1073741824,4319,1403,-4730,136,10,2011/01/10
10,2011/01/17,828,2079,454,777,2438,2179,1532,1073741824,3996,1472,13179,136,24,2011/01/24
10,2011/01/25,1004,2309,566,952,2749,2477,1839,1073741824,4135,1421,-4561,72,26,2011/01/26
10,2011/02/02,951,2426,497,908,2941,2273,1584,1073741824,4062,2710,-4057,136,35,2011/02/04
10,2011/02/10,955,2523,522,894,3133,2534,1754,1073741824,3806,1376,-3700,136,42,2011/02/11
10,2011/02/18,2198,3819,1261,2003,3992,3932,2764,1073741824,3684,2692,-3467,8205,51,2011/02/20
10,2011/02/26,992,2685,515,981,3030,2848,1903,1073741824,3556,3797,-2956,202,60,2011/03/01
10,2011/03/06,615,1971,348,642,2110,1847,1280,1073741824,2573,3899,14574,200,70,2011/03/11
10,2011/03/14,705,2189,381,719,2262,1924,1257,1073741824,2403,2819,15218,141,79,2011/03/20
10,2011/03/22,730,2276,363,765,2432,1946,1243,1073741824,2593,80,15820,8206,81,2011/03/22
10,2011/03/30,137,1936,63,247,2143,1690,1063,1073741824,1751,4757,15963,202,93,2011/04/03
10,2011/04/07,724,2977,298,803,3582,2870,1912,1073741824,2445,2710,-656,202,99,2011/04/09
10,2011/04/15,985,2977,524,1003,3132,2662,1777,1073741824,2184,1376,135,137,106,2011/04/16
10,2011/04/23,753,2825,205,770,2983,2512,1634,1073741824,1953,93,-15785,8205,113,2011/04/23
10,2011/05/01,1614,3690,1337,1718,3989,3078,2061,1073741824,2046,1348,1340,1033,122,2011/05/02
10,2011/05/09,495,2371,266,552,2220,1602,856,1073741824,1192,5476,-15025,205,132,2011/05/12
10,2011/05/17,1158,2663,1004,1251,2526,2008,1255,1073741824,1688,2819,-14773,1801,143,2011/05/23
10,2011/05/25,628,2890,333,738,2746,1962,1078,1073741824,1897,1508,-14396,73,152,2011/06/01
10,2011/06/02,2406,4245,2130,2527,3879,3397,2248,1073741824,2468,3816,3014,1033,156,2011/06/05
10,2011/06/10,933,2819,606,964,2963,2318,1551,1073741824,2017,1473,-14346,73,168,2011/06/17
10,2011/06/18,2689,4248,2515,2814,4242,3423,2470,1073741824,1922,2782,-14026,1033,175,2011/06/24
10,2011/06/26,2786,4268,2610,2926,4089,3575,2478,1073741824,2459,2710,3330,1033,179,2011/06/28
10,2011/07/04,870,3170,471,945,3028,2439,1537,1073741824,2614,3806,2970,137,188,2011/07/07
10,2011/07/12,1369,4097,1168,1573,4222,2773,1432,1073741824,2476,2691,2872,1033,195,2011/07/14
10,2011/07/20,816,2456,862,943,2462,1784,1071,1073741824,1617,4778,-14774,8205,205,2011/07/24
10,2011/07/28,1615,3194,1451,1753,3174,2437,1482,1073741824,2158,100,-16617,1033,209,2011/07/28
10,2011/08/05,975,3254,538,1045,3300,2613,1639,1073741824,2266,1357,1745,73,218,2011/08/06
10,2011/08/13,1904,3458,1677,2027,3700,2915,2165,1073741824,2094,89,-16754,1033,225,2011/08/13
10,2011/08/21,962,3097,529,1016,3302,2497,1548,1073741824,2222,1367,646,73,234,2011/08/22
10,2011/08/29,1136,3496,615,1174,3732,2891,1960,1073741824,2377,2691,-279,201,243,2011/08/31
10,2011/09/06,1540,3068,1260,1633,3154,2350,1532,1073741824,2266,1384,-955,1033,250,2011/09/07
10,2011/09/14,933,2887,694,1051,3016,2117,1188,1073741824,2776,4720,-1705,1033,261,2011/09/18
10,2011/09/22,1629,3027,1559,1766,2860,2229,1357,1073741824,2208,2782,14327,1033,271,2011/09/28
10,2011/09/30,545,1616,320,597,1585,1249,731,1073741824,2465,53,14632,8206,273,2011/09/30
10,2011/10/08,2869,3763,2777,3044,3811,2735,1864,1073741824,2770,1358,-3666,1033,282,2011/10/09
10,2011/10/16,764,2750,356,816,3086,2272,1510,1073741824,3087,2664,-4179,74,291,2011/10/18
10,2011/10/24,673,2580,358,752,2883,2052,1273,1073741824,3178,1339,-4683,136,298,2011/10/25
10,2011/11/01,681,2382,365,708,2547,2032,1301,1073741824,3288,107,12388,72,305,2011/11/01
10,2011/11/09,583,2168,323,598,2356,1780,1033,1073741824,3533,2800,12111,138,319,2011/11/15
10,2011/11/17,740,2245,409,759,2461,2024,1378,1073741824,3706,57,8588,136,321,2011/11/17
10,2011/11/25,827,2327,462,849,2581,2058,1381,1073741824,3974,1421,-5306,72,330,2011/11/26
10,2011/12/03,685,2112,373,675,2514,1935,1342,1073741824,4075,1564,12124,72,344,2011/12/10
10,2011/12/11,910,2407,543,906,2673,2279,1635,1073741824,4231,1331,-5167,72,346,2011/12/12
10,2011/12/19,853,2359,411,824,2867,2140,1436,1073741824,4231,135,13340,138,353,2011/12/19
10,2011/12/27,858,2294,455,813,2835,2101,1443,1073741824,4344,1311,-5199,72,362,2011/12/28
11,2011/01/01,572,2634,295,630,2783,2043,1047,1073741824,4260,269,12978,72,1,2011/01/01
11,2011/01/09,479,2369,254,460,2798,1937,1039,1073741824,3919,4847,12424,200,13,2011/01/13
11,2011/01/17,603,2318,324,624,3097,1941,1087,1075576832,3979,1664,13043,136,24,2011/01/24
11,2011/01/25,728,2812,397,774,3227,2190,1191,1073741824,4116,1221,-4462,72,26,2011/01/26
11,2011/02/02,790,2501,412,784,2931,2283,1238,1073741824,3895,252,13006,136,33,2011/02/02
11,2011/02/10,924,2662,516,888,3343,2568,1560,1073741824,3787,1185,-3938,136,42,2011/02/11
11,2011/02/18,960,3012,521,939,3797,2965,1755,1073741824,3664,2517,-3413,136,51,2011/02/20
11,2011/02/26,1266,3314,776,1286,3832,3054,1875,1073741824,3725,5321,-2619,202,62,2011/03/03
11,2011/03/06,508,2201,267,558,2221,1573,833,1073741824,2553,4034,14518,200,70,2011/03/11
11,2011/03/14,551,2636,292,650,2764,1888,1046,1073741824,2383,2976,15305,202,79,2011/03/20
11,2011/03/22,866,3484,342,940,3459,2789,1499,1075576832,2573,282,14884,8205,81,2011/03/22
11,2011/03/30,530,2706,266,589,2838,1954,970,1073741824,1730,4868,15920,201,93,2011/04/03
11,2011/04/07,997,3701,412,1166,4007,2987,1831,1073741824,2681,4601,-323,8206,101,2011/04/11
11,2011/04/15,945,3206,475,994,3285,2533,1414,1073741824,2164,1185,-79,136,106,2011/04/16
11,2011/04/23,629,2578,339,677,2636,1758,871,1073741824,1451,4043,-16916,205,118,2011/04/28
11,2011/05/01,519,2390,267,555,2454,1617,742,1073741824,1290,4888,-15994,1033,125,2011/05/05
11,2011/05/09,1674,3534,1301,1734,3417,2495,1204,1073741824,2173,2507,1989,1801,131,2011/05/11
11,2011/05/17,950,2699,810,1054,2719,1743,876,1073741824,1673,2985,-14627,1033,143,2011/05/23
11,2011/05/25,416,2265,170,433,2020,1551,908,1073741824,1333,5550,-13559,205,148,2011/05/28
11,2011/06/02,1079,3329,849,1237,3132,2250,1195,1073741824,2167,1194,3468,1545,154,2011/06/03
11,2011/06/10,1506,3398,1228,1633,2974,2547,1592,1073741824,2006,1654,-14092,1034,168,2011/06/17
11,2011/06/18,2408,3835,2383,2591,3849,2994,1976,1073741824,2833,5342,3015,1033,174,2011/06/23
11,2011/06/26,3348,4707,3234,3519,4349,3659,2209,1073741824,2058,1700,-14397,1033,184,2011/07/03
11,2011/07/04,710,3507,344,835,3308,2416,1305,1073741824,2599,3664,3047,137,188,2011/07/07
11,2011/07/12,1874,3691,1589,1985,3590,2535,1464,1073741824,2190,279,-15126,1545,193,2011/07/12
11,2011/07/20,2084,3243,2123,2152,2842,2376,1548,1073741824,1603,4878,-14690,1033,205,2011/07/24
11,2011/07/28,728,2838,524,870,2505,1773,904,1073741824,1966,1727,-15873,8206,216,2011/08/04
11,2011/08/05,839,3450,530,985,3285,2413,1341,1073741824,2248,1158,1951,8205,218,2011/08/06
11,2011/08/13,810,2509,749,957,2785,1837,1018,1073741824,2074,307,-17403,1033,225,2011/08/13
11,2011/08/21,890,3242,520,972,3498,2362,1348,1073741824,2202,1166,427,1289,234,2011/08/22
11,2011/08/29,1392,4906,1004,1559,5029,3434,1878,1073741824,2357,2526,-181,1033,243,2011/08/31
11,2011/09/06,1904,3457,1583,2027,3437,2627,1756,1073741824,2246,1194,-1194,1033,250,2011/09/07
11,2011/09/14,869,3335,590,1013,3136,2194,1039,1073741824,2755,4612,-1669,1033,261,2011/09/18
11,2011/09/22,1430,2890,1410,1580,2678,1822,898,1073741824,2188,2949,14233,1801,271,2011/09/28
11,2011/09/30,919,2712,833,1084,2513,1814,922,1073741824,2444,263,13831,1033,273,2011/09/30
11,2011/10/08,2896,4005,3003,2915,3355,2738,1600,1073741824,2402,4878,12720,1033,285,2011/10/12
11,2011/10/16,539,2801,285,660,2869,1847,969,1073741824,2944,1745,12934,138,296,2011/10/23
11,2011/10/24,634,2895,333,742,3110,2096,1200,1073741824,3160,1149,-4519,72,298,2011/10/25
11,2011/11/01,532,2766,294,649,2947,1882,962,1073741824,3271,318,12034,72,305,2011/11/01
11,2011/11/09,435,2839,218,547,2743,1875,888,1073741824,3518,2958,12187,136,319,2011/11/15
11,2011/11/17,623,2497,344,666,2903,1975,1130,1073741824,3690,243,12942,72,321,2011/11/17
11,2011/11/25,751,2957,446,816,3110,2244,1191,1073741824,3957,1222,-5141,72,330,2011/11/26
11,2011/12/03,556,2572,303,617,2742,1967,1013,1073741824,4060,1745,12310,72,344,2011/12/10
11,2011/12/11,764,2811,407,805,3346,2220,1296,1073741824,4215,1140,-5422,72,346,2011/12/12
11,2011/12/19,678,2607,351,703,3082,2067,1140,1073741824,4214,351,12259,72,353,2011/12/19
11,2011/12/27,947,2808,459,886,3393,2658,1485,1073741824,4327,1113,-5033,72,362,2011/12/28
12,2011/01/01,631,1883,320,683,1910,1376,859,1073741824,4284,534,-4849,136,1,2011/01/01
12,2011/01/09,740,2432,394,815,2609,1836,1080,1073741824,4332,1966,-4724,136,10,2011/01/10
12,2011/01/17,550,1967,288,654,1982,1465,818,1073741824,4008,892,13414,136,24,2011/01/24
12,2011/01/25,754,2425,386,802,6661,1943,1166,1075576832,4152,1976,-4239,136,26,2011/01/26
12,2011/02/02,608,2072,297,700,2203,1510,818,1073741824,3931,552,-4574,200,33,2011/02/02
12,2011/02/10,595,2457,291,693,2668,1820,1053,1073741824,3830,1940,-3707,200,42,2011/02/11
12,2011/02/18,595,2288,297,685,2583,1742,1023,1073741824,3550,525,-3917,136,49,2011/02/18
12,2011/02/26,561,3143,73,629,3377,2386,1255,1073741824,3592,4191,-2760,200,60,2011/03/01
12,2011/03/06,594,2167,294,683,2268,1581,896,1073741824,2769,956,15267,200,72,2011/03/13
12,2011/03/14,782,2237,559,864,2311,1706,994,1073741824,2439,2321,15398,136,79,2011/03/20
12,2011/03/22,849,2299,445,869,2367,1999,1278,1073741824,2636,525,-2179,136,81,2011/03/22
12,2011/03/30,441,2046,199,447,2012,1664,899,1073741824,1599,5810,15475,202,91,2011/04/01
12,2011/04/07,1448,2284,1802,1672,2121,1660,856,1073741824,1491,5194,16652,73,100,2011/04/10
12,2011/04/15,942,3067,481,941,3268,2564,1449,1073741824,2513,4191,295,138,108,2011/04/18
12,2011/04/23,364,1785,228,408,1699,1175,555,1073741824,1250,5214,-17118,205,116,2011/04/26
12,2011/05/01,490,1866,240,525,1776,1363,720,1073741824,1376,4451,-15993,8205,125,2011/05/05
12,2011/05/09,1250,2940,995,1370,2828,2104,1102,1073741824,2259,3156,2084,1801,131,2011/05/11
12,2011/05/17,797,2413,418,886,2159,1728,1000,1073741824,2435,4190,2423,138,140,2011/05/20
12,2011/05/25,742,2370,384,837,6656,1585,869,1075576832,1968,939,-14749,74,152,2011/06/01
12,2011/06/02,1514,2801,1486,1690,2586,1708,906,1073741824,1896,2284,-14104,1801,159,2011/06/08
12,2011/06/10,590,3318,299,809,3015,2053,990,1073741824,2736,5043,3050,77,165,2011/06/14
12,2011/06/18,1083,3104,868,1253,2890,2154,1346,1073741824,2361,1985,3390,1033,170,2011/06/19
12,2011/06/26,1025,3404,831,1206,3079,2247,1278,1073741824,2530,3193,3302,1289,179,2011/06/28
12,2011/07/04,722,2874,364,834,3630,1806,909,1075576832,2410,1940,3411,72,186,2011/07/05
12,2011/07/12,1297,2791,1198,1440,2724,1873,1029,1073741824,2274,519,3805,1033,193,2011/07/12
12,2011/07/20,662,2673,583,817,2500,1607,809,1073741824,1687,4451,-14751,205,205,2011/07/24
12,2011/07/28,652,2515,325,763,2321,1633,894,1073741824,2228,506,2442,78,209,2011/07/28
12,2011/08/05,922,3092,556,1067,2852,2016,1061,1073741824,2335,1921,1731,1545,218,2011/08/06
12,2011/08/13,1342,3174,1001,1438,3120,2395,1686,1073741824,2160,507,1098,1033,225,2011/08/13
12,2011/08/21,927,3154,458,982,2955,2311,1243,1073741824,2580,4190,398,74,236,2011/08/24
12,2011/08/29,861,2692,451,934,2699,1918,1044,1073741824,2435,3174,-210,73,243,2011/08/31
12,2011/09/06,1851,3346,1500,1932,3513,2934,2032,1073741824,2319,1948,-903,1033,250,2011/09/07
12,2011/09/14,1150,2667,862,1248,2659,1951,1141,1073741824,2241,552,-1585,1033,257,2011/09/14
12,2011/09/22,576,2119,310,680,2035,1383,661,1073741824,2774,4220,-2259,74,268,2011/09/25
12,2011/09/30,521,1473,281,613,1444,1014,583,1073741824,2495,552,-3417,74,273,2011/09/30
12,2011/10/08,2788,3687,2694,2963,3821,2817,2232,1073741824,3055,4181,-3486,1033,284,2011/10/11
12,2011/10/16,590,1879,282,674,1804,1288,744,1073741824,2971,975,12842,136,296,2011/10/23
12,2011/10/24,531,1606,263,636,1536,1094,588,1073741824,3193,1912,-4625,136,298,2011/10/25
12,2011/11/01,505,1647,261,607,1519,1104,644,1073741824,3297,498,-5132,72,305,2011/11/01
12,2011/11/09,277,1255,166,282,1220,659,438,1073741824,3232,5821,11490,200,315,2011/11/11
12,2011/11/17,572,1664,288,623,1606,1146,727,1073741824,3711,561,-5103,136,321,2011/11/17
12,2011/11/25,647,1584,335,714,1619,1090,665,1073741824,3980,1976,-5269,72,330,2011/11/26
12,2011/12/03,632,1564,324,658,1588,1180,739,1073741824,4077,983,12196,72,344,2011/12/10
12,2011/12/11,853,1769,589,929,1703,1222,731,1073741824,4237,1894,-5175,1544,346,2011/12/12
12,2011/12/19,774,1585,395,803,1657,1161,737,1073741824,4203,1020,12299,200,360,2011/12/26
12,2011/12/27,753,1650,386,786,1818,1342,834,1073741824,4353,1875,-5141,136,362,2011/12/28
13,2011/01/01,551,2350,292,701,2246,1653,842,1073741824,4277,245,-5389,72,1,2011/01/01
13,2011/01/09,810,2479,396,865,2902,1954,1215,1073741824,4323,1702,-4869,136,10,2011/01/10
13,2011/01/17,674,2260,329,739,4980,1797,1057,1075576832,3999,1183,13040,136,24,2011/01/24
13,2011/01/25,642,3178,336,767,3084,2182,1172,1073741824,4141,1711,-4377,136,26,2011/01/26
13,2011/02/02,632,2566,324,707,2669,1880,1101,1073741824,3670,1209,13676,136,40,2011/02/09
13,2011/02/10,920,2687,432,909,2852,2402,1567,1073741824,3816,1675,-3849,136,42,2011/02/11
13,2011/02/18,778,2781,217,752,3193,2289,1489,1073741824,3535,230,-2860,200,49,2011/02/18
13,2011/02/26,694,3309,343,844,3444,2380,1259,1073741824,3572,3998,-2850,200,60,2011/03/01
13,2011/03/06,864,2827,764,1034,2831,1909,1008,1073741824,3078,228,-2600,8200,65,2011/03/06
13,2011/03/14,718,2162,439,792,2258,1699,1060,1073741824,2420,2560,15411,136,79,2011/03/20
13,2011/03/22,740,2707,399,829,7508,2062,1072,1075576832,2614,240,-1047,201,81,2011/03/22
13,2011/03/30,455,2145,224,474,2304,1625,859,1073741824,1578,5920,15406,206,91,2011/04/01
13,2011/04/07,1729,2844,1664,1840,3046,2492,1639,1073741824,1952,1228,17389,1034,104,2011/04/14
13,2011/04/15,1004,2720,528,1006,2886,2536,1610,1073741824,2483,4007,213,138,108,2011/04/18
13,2011/04/23,1511,2674,1336,1583,2782,2064,1201,1073741824,1792,1255,-16852,1033,120,2011/04/30
13,2011/05/01,622,1862,318,632,1778,1313,650,1073741824,1344,4618,-15982,205,125,2011/05/05
13,2011/05/09,1230,2692,912,1321,2712,1911,982,1073741824,2226,2923,2008,1801,131,2011/05/11
13,2011/05/17,757,2537,368,878,2200,1577,736,1073741824,2402,3998,2479,138,140,2011/05/20
13,2011/05/25,561,2539,278,706,2480,1678,807,1073741824,1936,1209,-14548,74,152,2011/06/01
13,2011/06/02,1063,2534,947,1204,2449,1499,731,1073741824,1864,2532,-14019,1801,159,2011/06/08
13,2011/06/10,1087,3144,845,1261,2846,2056,1057,1073741824,2140,273,3954,1545,161,2011/06/10
13,2011/06/18,1096,3449,895,1286,3065,2101,981,1073741824,2605,4036,3225,8201,172,2011/06/21
13,2011/06/26,988,2432,757,1098,2391,1711,965,1073741824,2499,2969,3239,1289,179,2011/06/28
13,2011/07/04,620,3645,330,826,3403,2116,958,1073741824,2653,4017,3035,136,188,2011/07/07
13,2011/07/12,1017,3017,518,1086,2708,1841,876,1073741824,2791,4860,2624,141,197,2011/07/16
13,2011/07/20,1731,3324,1563,1855,3063,2396,1436,1073741824,1922,2578,-15276,1033,207,2011/07/26
13,2011/07/28,898,2437,493,931,2339,1795,1033,1073741824,2195,216,3893,8205,209,2011/07/28
13,2011/08/05,1111,3050,812,1247,2832,2055,1080,1073741824,2302,1648,1902,1033,218,2011/08/06
13,2011/08/13,1475,3235,1136,1546,3243,2295,1537,1073741824,2128,212,2265,1033,225,2011/08/13
13,2011/08/21,1066,3087,571,1103,3382,2475,1398,1073741824,2255,1656,503,74,234,2011/08/22
13,2011/08/29,930,2348,488,935,2429,1762,963,1073741824,2406,2942,-152,74,243,2011/08/31
13,2011/09/06,1148,2428,869,1253,2359,1626,973,1073741824,2589,4027,-1013,8205,252,2011/09/09
13,2011/09/14,891,1654,541,945,1586,1116,613,1073741824,2218,264,-2219,8205,257,2011/09/14
13,2011/09/22,705,1465,355,763,1395,974,462,1073741824,2752,4037,-2360,74,268,2011/09/25
13,2011/09/30,790,1529,420,805,1278,1028,684,1073741824,2477,256,-2483,72,273,2011/09/30
13,2011/10/08,2079,2635,1937,2211,2625,2210,1535,1073741824,3039,3998,-3479,1033,284,2011/10/11
13,2011/10/16,502,1030,263,581,970,687,403,1073741824,2963,1263,13011,136,296,2011/10/23
13,2011/10/24,477,1364,258,593,1264,858,429,1073741824,3182,1630,-4492,72,298,2011/10/25
13,2011/11/01,509,755,290,614,669,439,276,1073741824,3289,205,-3808,72,305,2011/11/01
13,2011/11/09,421,602,221,486,538,339,116,1073741824,3372,4598,11813,136,317,2011/11/13
13,2011/11/17,569,1361,304,674,1335,832,434,1073741824,3706,272,-5612,74,321,2011/11/17
13,2011/11/25,598,836,275,686,931,638,309,1073741824,3974,1712,-5426,72,330,2011/11/26
13,2011/12/03,789,1489,394,745,1642,1398,956,1073741824,4073,1264,12371,72,344,2011/12/10
13,2011/12/11,942,1714,461,915,1965,1481,1018,1073741824,4231,1620,-5321,72,346,2011/12/12
13,2011/12/19,854,1745,433,827,1964,1482,1027,1073741824,4197,1300,12489,136,360,2011/12/26
13,2011/12/27,890,1417,464,850,1397,1045,641,1073741824,4346,1603,-4988,136,362,2011/12/28
14,2011/01/01,531,2561,290,644,2549,1543,659,1073741824,4239,119,10148,72,1,2011/01/01
14,2011/01/09,512,2934,261,662,3162,1893,891,1073741824,4283,1367,-4660,72,10,2011/01/10
14,2011/01/17,570,2622,293,699,2670,1708,803,1073741824,4140,64,14870,136,17,2011/01/17
14,2011/01/25,560,2632,298,683,2652,1837,917,1073741824,4101,1384,-4493,72,26,2011/01/26
14,2011/02/02,575,2188,284,640,2512,1805,949,1073741824,3880,89,13695,136,33,2011/02/02
14,2011/02/10,678,2714,343,771,2992,2023,1070,1073741824,3777,1357,-3963,136,42,2011/02/11
14,2011/02/18,990,2732,594,1018,2893,1951,1150,1073741824,3495,116,13814,1034,49,2011/02/18
14,2011/02/26,749,3436,403,962,3172,2480,1194,1073741824,3726,5405,-2571,200,62,2011/03/03
14,2011/03/06,640,2312,327,717,2335,1771,922,1073741824,3037,125,15384,200,65,2011/03/06
14,2011/03/14,592,2189,285,659,2337,1633,833,1073741824,2379,2855,15453,202,79,2011/03/20
14,2011/03/22,782,2537,387,799,2677,2194,1205,1073741824,2574,117,15022,204,81,2011/03/22
14,2011/03/30,553,2430,299,608,2418,1716,796,1073741824,1733,4777,16090,8205,93,2011/04/03
14,2011/04/07,1341,3055,853,1436,3257,2420,1431,1073741824,2438,2682,-538,202,99,2011/04/09
14,2011/04/15,703,2582,363,816,2575,1820,875,1073741824,2181,1348,-97,72,106,2011/04/16
14,2011/04/23,1067,2630,982,1210,2812,1994,1016,1073741824,1954,127,-16520,1033,113,2011/04/23
14,2011/05/01,1033,2792,830,1129,2724,2179,1157,1073741824,2054,1320,1496,8205,122,2011/05/02
14,2011/05/09,1215,2265,1112,1316,1943,1483,867,1073741824,1795,1572,-15113,8205,136,2011/05/16
14,2011/05/17,918,2806,573,1046,2668,1960,1044,1073741824,2381,3778,2512,8206,140,2011/05/20
14,2011/05/25,599,1917,767,770,1696,1157,517,1073741824,1372,5487,-13523,1033,148,2011/05/28
14,2011/06/02,749,2779,615,929,4703,1666,723,1075576832,1850,2828,-14043,1289,159,2011/06/08
14,2011/06/10,648,3340,340,869,3157,1933,860,1073741824,2685,4711,3141,1033,165,2011/06/14
14,2011/06/18,1290,2895,1254,1502,2848,1937,1068,1073741824,2312,1384,3568,1033,170,2011/06/19
14,2011/06/26,1004,3281,891,1231,2915,1977,901,1073741824,2481,2683,3437,1034,179,2011/06/28
14,2011/07/04,415,2566,195,556,2194,1441,623,1073741824,1709,4788,-13728,74,189,2011/07/08
14,2011/07/12,981,3352,891,1228,3200,1989,883,1073741824,2495,2664,2980,1033,195,2011/07/14
14,2011/07/20,1497,3309,1386,1702,3004,1997,975,1073741824,2616,3768,2550,1801,204,2011/07/23
14,2011/07/28,709,2685,452,841,2484,1718,846,1073741824,2173,137,-16606,1289,209,2011/07/28
14,2011/08/05,666,2881,342,816,2594,1742,845,1073741824,2276,1320,1887,74,218,2011/08/06
14,2011/08/13,1362,3271,1154,1517,2939,2228,1434,1073741824,2099,134,-17016,1033,225,2011/08/13
14,2011/08/21,655,3080,347,839,2727,1775,858,1073741824,2517,3778,440,74,236,2011/08/24
14,2011/08/29,1662,3303,1336,1733,3229,2302,1402,1073741824,2371,2664,-156,1033,243,2011/08/31
14,2011/09/06,843,2762,491,955,2655,1792,843,1073741824,2256,1357,-811,8202,250,2011/09/07
14,2011/09/14,1153,2463,950,1273,2168,1473,759,1073741824,2762,4711,-1610,1033,261,2011/09/18
14,2011/09/22,502,2299,305,629,2095,1290,505,1073741824,2713,3816,-2273,1034,268,2011/09/25
14,2011/09/30,258,1857,84,366,1601,957,398,1073741824,2257,3919,13601,8206,278,2011/10/05
14,2011/10/08,486,1899,236,619,1639,1015,416,1073741824,2998,3769,-3524,74,284,2011/10/11
14,2011/10/16,469,1842,228,591,1648,1050,429,1073741824,3056,2636,-4105,72,291,2011/10/18
14,2011/10/24,526,1495,272,607,1409,869,347,1073741824,3144,1312,-4598,72,298,2011/10/25
14,2011/11/01,390,1254,196,461,1137,736,468,1073741824,3252,144,12201,72,305,2011/11/01
14,2011/11/09,403,1407,202,494,2531,891,365,1075576832,3565,1330,-4952,136,314,2011/11/10
14,2011/11/17,449,1442,221,520,1387,919,376,1073741824,3669,96,9153,72,321,2011/11/17
14,2011/11/25,506,1475,252,560,1499,1008,499,1073741824,3937,1384,-5203,72,330,2011/11/26
14,2011/12/03,611,1496,317,613,1418,946,464,1073741824,4036,1591,12449,72,344,2011/12/10
14,2011/12/11,759,1643,376,723,1547,1084,556,1073741824,4193,1294,-5095,136,346,2011/12/12
14,2011/12/19,759,1625,367,703,1805,1328,694,1073741824,4160,1626,12583,136,360,2011/12/26
14,2011/12/27,670,1780,360,694,2184,1524,778,1073741824,4308,1275,-5092,72,362,2011/12/28
15,2011/01/01,693,2195,355,733,2268,1677,956,1073741824,4227,468,12672,72,1,2011/01/01
15,2011/01/09,500,3030,260,633,3059,1858,880,1073741824,3886,4959,12406,200,13,2011/01/13
15,2011/01/17,585,2480,291,654,2476,1671,906,1073741824,3946,1846,13033,72,24,2011/01/24
15,2011/01/25,697,2441,364,759,2612,1806,1013,1073741824,4084,1031,-4356,72,26,2011/01/26
15,2011/02/02,640,2381,322,714,2217,1571,848,1073741824,3863,452,13055,136,33,2011/02/02
15,2011/02/10,635,2189,367,709,2337,1556,803,1073741824,3336,3125,13805,72,47,2011/02/16
15,2011/02/18,778,2041,449,794,2140,1688,969,1073741824,3172,1900,14263,200,56,2011/02/25
15,2011/02/26,969,2639,504,940,2753,2317,1262,1073741824,3698,5238,-2515,202,62,2011/03/03
15,2011/03/06,737,1703,419,711,2078,1715,1051,1073741824,2522,4159,14526,200,70,2011/03/11
15,2011/03/14,836,2014,425,819,2345,1717,849,1073741824,2869,985,-2402,200,74,2011/03/15
15,2011/03/22,1417,2644,1157,1475,2764,1958,991,1073741824,2755,2360,-1662,1545,83,2011/03/24
15,2011/03/30,666,1933,256,594,2189,1710,948,1073741824,1702,4969,16046,201,93,2011/04/03
15,2011/04/07,973,2588,443,949,2637,2153,1205,1073741824,2661,4492,-269,8206,101,2011/04/11
15,2011/04/15,787,2471,413,835,2703,2148,1215,1073741824,2144,994,39,72,106,2011/04/16
15,2011/04/23,1266,2436,1080,1325,2602,2117,1292,1073741824,1916,495,-17693,201,113,2011/04/23
15,2011/05/01,871,2553,463,909,2776,2063,1083,1073741824,2306,3512,1546,137,124,2011/05/04
15,2011/05/09,1202,2359,917,1245,2097,1747,1021,1073741824,1756,1909,-15252,8206,136,2011/05/16
15,2011/05/17,969,2039,707,1038,1882,1336,649,1073741824,1672,3135,-14538,1801,143,2011/05/23
15,2011/05/25,930,2219,492,921,2252,1655,925,1073741824,1959,478,-14479,73,145,2011/05/25
15,2011/06/02,708,2266,345,765,2028,1444,752,1073741824,1815,3107,-13906,73,159,2011/06/08
15,2011/06/10,608,1840,346,651,1697,1097,559,1073741824,2006,1836,-14065,8206,168,2011/06/17
15,2011/06/18,761,3128,370,915,2907,1826,797,1073741824,2551,3560,3323,138,172,2011/06/21
15,2011/06/26,1833,3083,1753,2040,2719,1954,1157,1073741824,2174,450,-14388,1545,177,2011/06/26
15,2011/07/04,890,2727,415,927,2672,1734,873,1073741824,2324,1004,3491,136,186,2011/07/05
15,2011/07/12,2116,3656,1965,2312,3588,2557,1671,1073741824,2033,1900,-14852,1545,200,2011/07/19
15,2011/07/20,1336,2857,1066,1460,2882,1840,935,1073741824,2579,3522,2483,1801,204,2011/07/23
15,2011/07/28,1116,1843,848,1164,1724,1492,995,1073741824,1957,1909,-15848,1801,216,2011/08/04
15,2011/08/05,814,2332,409,866,-28672,1609,855,1075576835,2238,968,2116,72,218,2011/08/06
15,2011/08/13,2085,3025,1856,2178,2803,2258,1382,1073741824,2350,2342,1223,1545,227,2011/08/15
15,2011/08/21,797,2073,411,826,1854,1399,775,1073741824,2480,3522,467,72,236,2011/08/24
15,2011/08/29,3093,3667,2497,3076,3447,2945,2089,1073741824,1928,1882,16810,1033,248,2011/09/05
15,2011/09/06,816,971,872,889,910,629,291,1073741824,1863,3107,15883,8205,255,2011/09/12
15,2011/09/14,815,1666,472,890,1447,986,497,1073741824,2729,4503,-1626,8206,261,2011/09/18
15,2011/09/22,835,1828,425,914,1675,1378,830,1073741824,2684,3560,-2399,8200,268,2011/09/25
15,2011/09/30,574,925,267,631,789,453,237,1073741824,2241,4149,13462,201,278,2011/10/05
15,2011/10/08,962,1416,795,1079,1334,856,420,1073741824,2976,3512,-3533,1801,284,2011/10/11
15,2011/10/16,879,1061,455,913,933,601,246,1073741824,3037,2333,-4092,74,291,2011/10/18
15,2011/10/24,671,1743,374,741,2180,1082,486,1075576832,3128,959,-4424,72,298,2011/10/25
15,2011/11/01,633,1564,319,637,1654,1068,467,1073741824,3239,507,12238,72,305,2011/11/01
15,2011/11/09,740,1916,387,725,2015,1549,886,1073741824,3552,985,-5251,72,314,2011/11/10
15,2011/11/17,769,1945,400,760,2282,1662,913,1073741824,3658,441,12515,72,321,2011/11/17
15,2011/11/25,1088,1988,546,1004,2193,1799,1075,1073741824,3926,1040,-5498,72,330,2011/11/26
15,2011/12/03,812,1733,407,798,1796,1504,907,1073741824,4028,1927,12251,72,344,2011/12/10
15,2011/12/11,890,2059,457,910,2300,1643,1019,1073741824,4183,949,-5323,136,346,2011/12/12
15,2011/12/19,761,2219,384,797,2342,1776,1057,1073741824,4182,541,12267,72,353,2011/12/19
15,2011/12/27,689,2709,345,770,2853,1933,1047,1073741824,4295,923,-4891,72,362,2011/12/28
16,2011/01/01,876,2198,481,793,2894,2485,1434,1073741824,4228,585,12588,72,1,2011/01/01
16,2011/01/09,914,2394,423,830,3325,2461,1478,1073741824,4270,913,-4850,73,10,2011/01/10
16,2011/01/17,773,1854,411,693,2237,1892,1243,1073741824,3947,1946,13239,72,24,2011/01/24
16,2011/01/25,826,2183,432,760,2523,2082,1285,1073741824,4083,923,-4307,72,26,2011/01/26
16,2011/02/02,715,1810,373,663,2233,1842,1188,1073741824,3861,569,13060,136,33,2011/02/02
16,2011/02/10,850,2046,427,770,2518,2145,1467,1073741824,3753,887,-3773,136,42,2011/02/11
16,2011/02/18,867,2112,419,790,2874,2539,1811,1073741824,3805,4414,-3147,205,53,2011/02/22
16,2011/02/26,889,2414,444,833,2996,2801,1950,1073741824,3692,5186,-2603,202,62,2011/03/03
16,2011/03/06,613,1206,343,571,1588,1438,971,1073741824,3007,604,14538,204,65,2011/03/06
16,2011/03/14,687,2078,321,663,2462,2035,1050,1073741824,2862,868,-2360,200,74,2011/03/15
16,2011/03/22,919,2480,463,883,2993,2297,1255,1073741824,2746,2259,-1659,137,83,2011/03/24
16,2011/03/30,634,1947,332,613,2228,2006,1297,1073741824,1912,3200,16632,206,95,2011/04/05
16,2011/04/07,727,2225,277,695,2756,2259,1223,1073741824,2649,4424,-279,200,101,2011/04/11
16,2011/04/15,795,2702,408,820,2941,2429,1447,1073741824,2133,887,135,73,106,2011/04/16
16,2011/04/23,665,2089,369,662,2311,2099,1347,1073741824,1424,4236,-16879,205,118,2011/04/28
16,2011/05/01,898,2715,417,892,2852,2191,1269,1073741824,1560,3237,-15925,8205,127,2011/05/07
16,2011/05/09,1634,3002,1414,1732,3274,2260,1215,1073741824,2150,2241,2100,1801,131,2011/05/11
16,2011/05/17,1189,2473,1001,1235,2393,1788,1002,1073741824,1657,3219,-14581,1801,143,2011/05/23
16,2011/05/25,1262,3138,621,1256,3383,2665,1867,1073741824,2233,2259,2998,205,147,2011/05/27
16,2011/06/02,734,2299,368,746,2300,1583,770,1073741824,1799,3191,-13944,73,159,2011/06/08
16,2011/06/10,1333,3495,1206,1572,3160,2326,1082,1073741824,2917,5836,2918,1801,167,2011/06/16
16,2011/06/18,1451,3175,1388,1688,2967,2249,1216,1073741824,2816,5207,3005,1033,174,2011/06/23
16,2011/06/26,1559,2889,1514,1738,2673,1830,939,1073741824,2159,559,-14462,1801,177,2011/06/26
16,2011/07/04,751,3047,373,863,6934,1981,964,1075576832,2581,3447,3143,72,188,2011/07/07
16,2011/07/12,3098,4334,3173,3305,4069,3427,2464,1073741824,1757,4227,-14427,1033,198,2011/07/17
16,2011/07/20,839,3094,765,1035,3030,1876,867,1073741824,1849,3228,-15071,1033,207,2011/07/26
16,2011/07/28,769,2456,367,808,2182,1607,826,1073741824,2120,613,-15388,78,209,2011/07/28
16,2011/08/05,744,2526,367,802,2497,1675,850,1073741824,2224,860,2194,72,218,2011/08/06
16,2011/08/13,2159,3668,1974,2328,3309,2628,1485,1073741824,2337,2241,1254,1801,227,2011/08/15
16,2011/08/21,738,2624,390,888,2478,1768,878,1073741824,2467,3437,335,72,236,2011/08/24
16,2011/08/29,855,2950,400,982,2747,1992,961,1073741824,2325,2259,-298,8202,243,2011/08/31
16,2011/09/06,940,2111,781,1103,2141,1573,960,1073741824,2213,895,-1041,1033,250,2011/09/07
16,2011/09/14,546,2257,267,723,2162,1437,601,1073741824,2722,4444,-1730,78,261,2011/09/18
16,2011/09/22,1178,2855,646,1323,2743,2473,1695,1073741824,2677,3475,-2412,8206,268,2011/09/25
16,2011/09/30,427,1413,294,523,1360,984,526,1073741824,2241,4217,13413,200,278,2011/10/05
16,2011/10/08,733,2525,452,910,2528,1873,1077,1073741824,2972,3428,-3542,8202,284,2011/10/11
16,2011/10/16,468,2322,245,620,2270,1434,630,1073741824,2715,4236,12553,202,294,2011/10/21
16,2011/10/24,650,2184,312,739,2179,1513,737,1073741824,3127,843,-4350,72,298,2011/10/25
16,2011/11/01,480,3220,267,766,2691,1819,815,1073741824,3240,621,12993,72,305,2011/11/01
16,2011/11/09,652,2588,332,764,2812,1810,968,1073741824,3554,877,-5219,72,314,2011/11/10
16,2011/11/17,654,2270,330,695,2443,1764,960,1073741824,3659,558,12401,72,321,2011/11/17
16,2011/11/25,795,2533,424,855,2773,2035,1099,1073741824,3927,922,-5472,72,330,2011/11/26
16,2011/12/03,811,2201,447,769,2802,2061,1159,1073741824,4030,2028,12211,72,344,2011/12/10
16,2011/12/11,947,2237,512,890,2915,2141,1299,1073741824,4184,832,-5271,72,346,2011/12/12
16,2011/12/19,936,2288,523,866,5412,2242,1325,1075576832,4184,659,12142,72,353,2011/12/19
16,2011/12/27,1075,2510,552,975,3344,2464,1427,1073741824,4296,807,-4803,72,362,2011/12/28
17,2011/01/01,400,2104,206,530,2031,1099,439,1073741824,4239,525,-5105,136,1,2011/01/01
17,2011/01/09,557,1616,279,648,1877,1065,542,1073741824,4288,1957,-4790,136,10,2011/01/10
17,2011/01/17,460,1488,213,546,1436,908,455,1073741824,3965,912,13059,200,24,2011/01/24
17,2011/01/25,509,1830,268,619,1784,1146,573,1073741824,4112,1966,-4272,136,26,2011/01/26
17,2011/02/02,491,1529,255,570,1445,995,506,1073741824,3642,947,13749,136,40,2011/02/09
17,2011/02/10,598,1694,308,666,1831,1268,658,1073741824,3794,1939,-3730,136,42,2011/02/11
17,2011/02/18,540,1662,276,610,3493,1160,571,1075576832,3515,517,-3257,136,49,2011/02/18
17,2011/02/26,508,1983,294,643,1867,1445,741,1073741824,3763,5672,-2439,202,62,2011/03/03
17,2011/03/06,534,1579,271,614,1470,1104,601,1073741824,2742,966,14988,200,72,2011/03/13
17,2011/03/14,589,2087,305,707,2064,1409,718,1073741824,2934,1921,-2251,200,74,2011/03/15
17,2011/03/22,555,2069,299,683,1981,1321,620,1073741824,2614,509,-1464,136,81,2011/03/22
17,2011/03/30,426,1596,104,485,1374,875,433,1073741824,1774,4441,16376,206,93,2011/04/03
17,2011/04/07,556,1927,282,670,1840,1301,683,1073741824,2245,551,-727,138,97,2011/04/07
17,2011/04/15,616,1710,322,712,1672,1265,695,1073741824,2516,4190,381,136,108,2011/04/18
17,2011/04/23,565,2333,302,691,2196,1479,730,1073741824,2021,498,962,137,113,2011/04/23
17,2011/05/01,548,2370,273,704,2152,1433,698,1073741824,2126,1903,1680,138,122,2011/05/02
17,2011/05/09,593,1840,286,699,1767,1268,609,1073741824,1984,489,2494,138,129,2011/05/09
17,2011/05/17,469,2118,195,597,1859,1244,477,1073741824,2460,4191,2610,1034,140,2011/05/20
17,2011/05/25,329,1681,153,437,1551,923,337,1073741824,1723,3491,-14031,74,150,2011/05/30
17,2011/06/02,1228,2661,1161,1399,2500,1677,979,1073741824,2568,4210,3192,1033,156,2011/06/05
17,2011/06/10,2714,3345,2682,2889,2918,1832,677,1073741824,2483,3203,3424,1033,163,2011/06/12
17,2011/06/18,622,2796,305,827,2269,1465,677,1073741824,2948,5693,3033,205,174,2011/06/23
17,2011/06/26,640,2350,476,821,2119,1263,491,1073741824,2562,3193,3354,8206,179,2011/06/28
17,2011/07/04,503,1746,260,635,1711,1044,406,1073741824,2441,1939,3437,72,186,2011/07/05
17,2011/07/12,815,2640,653,1006,2200,1348,574,1073741824,2304,507,3522,1545,193,2011/07/12
17,2011/07/20,1183,2887,1041,1373,2720,1684,832,1073741824,2696,4190,2529,1801,204,2011/07/23
17,2011/07/28,723,2201,467,864,1981,1352,733,1073741824,2252,498,2252,1033,209,2011/07/28
17,2011/08/05,602,2438,379,765,6824,1318,538,1075576832,2352,1912,2049,8205,218,2011/08/06
17,2011/08/13,3863,4737,3502,3916,-28672,4417,2902,1075576835,2460,3156,1310,1033,227,2011/08/15
17,2011/08/21,523,2097,266,667,1914,1158,556,1073741824,2584,4190,480,74,236,2011/08/24
17,2011/08/29,339,2020,130,450,1776,1034,373,1073741824,1719,3491,17093,8201,246,2011/09/03
17,2011/09/06,787,2254,610,982,2188,1257,565,1073741824,2607,4210,-840,1289,252,2011/09/09
17,2011/09/14,717,2950,558,923,2478,1489,644,1073741824,2810,5043,-1520,1033,261,2011/09/18
17,2011/09/22,378,1629,189,499,1401,748,234,1073741824,1946,4422,14229,142,269,2011/09/26
17,2011/09/30,1663,2735,1504,1797,2608,2173,1626,1073741824,2463,535,-2647,1033,273,2011/09/30
17,2011/10/08,2217,3503,1898,2323,3633,2979,2584,1073741824,2761,1921,-3607,1033,282,2011/10/09
17,2011/10/16,250,2538,123,473,2128,1163,380,1073741824,3072,3147,-3901,200,291,2011/10/18
17,2011/10/24,397,2081,187,569,-100,986,379,1075576833,3151,1894,-4367,200,298,2011/10/25
17,2011/11/01,418,2354,230,602,2163,1151,412,1073741824,3471,3156,-4613,136,307,2011/11/03
17,2011/11/09,458,2636,236,650,2373,1388,558,1073741824,3779,4200,-4757,136,316,2011/11/12
17,2011/11/17,530,2550,273,701,2314,1381,615,1073741824,3861,3212,-5060,136,323,2011/11/19
17,2011/11/25,506,1707,261,625,1778,1044,457,1073741824,3934,1976,-5307,72,330,2011/11/26
17,2011/12/03,425,2065,218,544,2069,1170,502,1073741824,4029,992,12445,136,344,2011/12/10
17,2011/12/11,486,1805,255,610,1753,1067,499,1073741824,4191,1884,-5220,72,346,2011/12/12
17,2011/12/19,511,2128,269,649,2045,1240,549,1073741824,4354,3119,-4984,136,355,2011/12/21
17,2011/12/27,475,1736,245,586,3365,999,390,1075576832,4309,1867,-4905,136,362,2011/12/28
18,2011/01/01,614,1809,319,665,1855,1325,889,1073741824,4223,46,-5242,136,1,2011/01/01
18,2011/01/09,571,1173,283,649,1338,646,236,1073741824,4270,1520,-4848,136,10,2011/01/10
18,2011/01/17,827,2020,374,816,2272,1658,1150,1073741824,4278,2840,-4486,136,19,2011/01/19
18,2011/01/25,862,1914,438,837,1988,1513,1040,1073741824,4090,1529,-4310,136,26,2011/01/26
18,2011/02/02,566,758,291,627,785,487,207,1073741824,4023,2812,-3879,136,35,2011/02/04
18,2011/02/10,607,1299,304,695,1451,890,460,1073741824,3767,1493,-3806,200,42,2011/02/11
18,2011/02/18,1742,2316,1540,1735,2122,1893,1465,1073741824,3185,1427,14389,1032,56,2011/02/25
18,2011/02/26,1360,2256,779,1315,2289,1928,1280,1073741824,3529,3873,-2791,8202,60,2011/03/01
18,2011/03/06,736,1826,353,734,1878,1399,829,1073741824,3032,26,1199,200,65,2011/03/06
18,2011/03/14,1012,2046,761,1014,2074,1647,1167,1073741824,2378,2735,15476,1032,79,2011/03/20
18,2011/03/22,3191,3645,2988,3263,3938,3546,2835,1073741824,2575,53,3709,1034,81,2011/03/22
18,2011/03/30,1085,1753,1395,1235,1676,1269,854,1073741824,1536,5999,15523,8205,91,2011/04/01
18,2011/04/07,685,1607,341,722,1394,929,505,1073741824,2199,64,-828,8204,97,2011/04/07
18,2011/04/15,908,2175,445,905,2264,1670,1047,1073741824,2195,1484,134,136,106,2011/04/16
18,2011/04/23,1909,2297,1819,2054,2108,1639,884,1073741824,1972,26,4968,1034,113,2011/04/23
18,2011/05/01,1300,2773,933,1292,2763,2142,1330,1073741824,2076,1457,1709,8204,122,2011/05/02
18,2011/05/09,1322,2413,1010,1348,2252,1792,1161,1073741824,1933,28,9090,1033,129,2011/05/09
18,2011/05/17,824,2265,374,833,2088,1576,916,1073741824,2408,3873,2610,136,140,2011/05/20
18,2011/05/25,1359,2197,1631,1473,2113,1867,1294,1073741824,1405,5423,-13433,1033,148,2011/05/28
18,2011/06/02,1712,1779,1293,1679,1614,1205,750,1073741824,1883,2699,-13885,1033,159,2011/06/08
18,2011/06/10,1226,2316,838,1247,2041,1371,744,1073741824,2156,78,5701,1290,161,2011/06/10
18,2011/06/18,1258,2067,829,1238,1755,1203,684,1073741824,2343,1530,3745,1290,170,2011/06/19
18,2011/06/26,1036,1715,471,1051,1586,1276,767,1073741824,2512,2812,3377,8204,179,2011/06/28
18,2011/07/04,867,1965,469,878,1700,1059,538,1073741824,2391,1493,3479,72,186,2011/07/05
18,2011/07/12,1377,1747,1055,1413,1569,1187,724,1073741824,2254,39,7669,1545,193,2011/07/12
18,2011/07/20,1676,1968,1372,1697,1802,1444,953,1073741824,1930,2745,-15132,1033,207,2011/07/26
18,2011/07/28,1525,2737,1161,1560,2512,1948,1225,1073741824,2201,34,-2952,8206,209,2011/07/28
18,2011/08/05,1190,2221,724,1158,-28672,1483,957,1075576835,2301,1466,2087,8200,218,2011/08/06
18,2011/08/13,1079,2200,613,1037,-28672,1456,796,1075576835,2122,49,8081,8205,225,2011/08/13
18,2011/08/21,1255,1572,747,1198,1381,810,506,1073741824,2241,1475,671,1545,234,2011/08/22
18,2011/08/29,907,1764,622,906,1677,1319,943,1073741824,1675,3823,16997,8204,246,2011/09/03
18,2011/09/06,1259,2042,947,1266,1812,1434,949,1073741824,1895,2708,16065,8204,255,2011/09/12
18,2011/09/14,1155,1588,653,1106,1311,865,446,1073741824,2183,65,-2547,8205,257,2011/09/14
18,2011/09/22,1173,1625,873,1203,1562,1116,623,1073741824,2715,3921,-2273,1033,268,2011/09/25
18,2011/09/30,1037,1679,670,1043,1427,1047,581,1073741824,2432,71,681,8206,273,2011/09/30
18,2011/10/08,2732,3225,2620,2911,2954,2053,1114,1073741824,2733,1475,-3724,1033,282,2011/10/09
18,2011/10/16,946,2010,837,1059,1876,1384,786,1073741824,3046,2766,-3987,1290,291,2011/10/18
18,2011/10/24,562,1077,247,589,1136,732,434,1073741824,3364,3864,-4253,200,300,2011/10/27
18,2011/11/01,535,1344,235,592,1333,820,306,1073741824,3450,2766,-4695,136,307,2011/11/03
18,2011/11/09,832,2036,423,856,2009,1534,997,1073741824,3549,1484,-5137,136,314,2011/11/10
18,2011/11/17,777,1653,391,764,1810,1277,834,1073741824,3745,1355,12137,136,328,2011/11/24
18,2011/11/25,591,1053,266,654,1000,499,248,1073741824,3920,1530,-5383,136,330,2011/11/26
18,2011/12/03,747,1784,412,732,1871,1309,1020,1073741824,4017,1454,12350,72,344,2011/12/10
18,2011/12/11,735,1818,358,780,1953,1292,826,1073741824,4176,1439,-5301,136,346,2011/12/12
18,2011/12/19,725,1649,362,750,1686,1102,661,1073741824,4175,44,8876,72,353,2011/12/19
18,2011/12/27,703,1461,337,736,1572,929,441,1073741824,4291,1412,-4951,138,362,2011/12/28
19,2011/01/01,500,1540,262,581,1435,853,441,1073741824,4200,390,12025,136,1,2011/01/01
19,2011/01/09,633,1506,320,649,1618,852,323,1073741824,4245,1104,-4618,136,10,2011/01/10
19,2011/01/17,647,1321,334,647,1281,803,320,1073741824,3922,1772,13184,136,24,2011/01/24
19,2011/01/25,669,1507,349,681,1589,1095,611,1073741824,4063,1122,-4510,72,26,2011/01/26
19,2011/02/02,710,1834,370,731,1939,1238,605,1073741824,3994,2461,-3993,136,35,2011/02/04
19,2011/02/10,586,1924,310,658,1910,1140,533,1073741824,3737,1085,-4026,136,42,2011/02/11
19,2011/02/18,523,1682,243,584,1603,953,396,1073741824,3457,387,14122,8204,49,2011/02/18
19,2011/02/26,746,2016,407,801,2108,1532,826,1073741824,3495,3588,-2885,200,60,2011/03/01
19,2011/03/06,544,1201,282,570,1264,947,501,1073741824,2507,4110,14642,200,70,2011/03/11
19,2011/03/14,546,1455,288,608,1613,1186,596,1073741824,2860,1067,-2528,204,74,2011/03/15
19,2011/03/22,1849,2405,1946,2062,2358,1792,1095,1073741824,2539,387,15664,1033,81,2011/03/22
19,2011/03/30,814,1844,480,862,2024,1521,1092,1073741824,2447,1094,-1093,200,90,2011/03/31
19,2011/04/07,1321,2020,1226,1395,2070,1736,1091,1073741824,2157,373,16366,8204,97,2011/04/07
19,2011/04/15,774,1554,403,774,1674,1255,660,1073741824,2154,1085,-57,72,106,2011/04/16
19,2011/04/23,1761,2164,1840,1886,2035,1752,1162,1073741824,1452,4120,-16637,1032,118,2011/04/28
19,2011/05/01,1033,1987,803,1063,2070,1532,827,1073741824,2325,3570,1697,1288,124,2011/05/04
19,2011/05/09,1421,1785,1351,1476,1670,1353,784,1073741824,1782,1836,-15042,1033,136,2011/05/16
19,2011/05/17,721,1935,399,814,1883,1304,638,1073741824,2663,5290,2472,137,142,2011/05/22
19,2011/05/25,3101,3385,3337,3392,2982,2092,1094,1073741824,1914,1809,-14215,1033,152,2011/06/01
19,2011/06/02,1584,2368,1303,1626,2189,1763,1044,1073741824,2195,1094,3538,1034,154,2011/06/03
19,2011/06/10,949,2155,544,994,1798,1235,713,1073741824,2038,1763,-13879,136,168,2011/06/17
19,2011/06/18,1218,2024,1133,1316,1867,1462,919,1073741824,1944,3041,-13830,1289,175,2011/06/24
19,2011/06/26,1640,2717,1421,1738,2519,2169,1518,1073741824,2473,2452,3526,1033,179,2011/06/28
19,2011/07/04,697,1439,349,715,1196,757,376,1073741824,1705,4938,-13618,136,189,2011/07/08
19,2011/07/12,884,2101,452,951,1771,1171,582,1073741824,2216,396,-14467,8206,193,2011/07/12
19,2011/07/20,1208,2244,1162,1355,1860,1337,721,1073741824,1889,3088,-15022,1034,207,2011/07/26
19,2011/07/28,1167,2118,1203,1302,1771,1167,602,1073741824,1704,4120,-15412,8206,214,2011/08/02
19,2011/08/05,755,2112,409,847,1995,1230,542,1073741824,2259,1058,1979,8204,218,2011/08/06
19,2011/08/13,1353,2442,1135,1455,2366,1730,1277,1073741824,2079,414,-16672,1033,225,2011/08/13
19,2011/08/21,845,1897,412,894,1709,985,472,1073741824,2198,1067,489,72,234,2011/08/22
19,2011/08/29,1269,2451,1105,1368,2145,1626,1072,1073741824,1635,4101,17000,8204,246,2011/09/03
19,2011/09/06,1074,2015,981,1179,1758,1317,861,1073741824,1857,3051,16070,1034,255,2011/09/12
19,2011/09/14,1538,2764,1272,1622,5428,2086,1483,1075576832,2435,2471,-1548,1033,259,2011/09/16
19,2011/09/22,584,1904,295,700,1663,968,367,1073741824,2677,3626,-2241,136,268,2011/09/25
19,2011/09/30,720,1852,376,787,1521,930,432,1073741824,2399,369,14593,72,273,2011/09/30
19,2011/10/08,782,1583,706,880,1328,814,484,1073741824,2552,3088,13181,8206,287,2011/10/14
19,2011/10/16,310,1531,118,369,1267,687,222,1073741824,2502,5614,12155,202,292,2011/10/19
19,2011/10/24,674,1911,424,801,1780,1105,579,1073741824,3105,1049,-4590,72,298,2011/10/25
19,2011/11/01,479,1627,245,572,1366,667,220,1073741824,3213,423,12659,72,305,2011/11/01
19,2011/11/09,474,1754,243,576,4352,853,365,1075576832,3527,1077,-4912,72,314,2011/11/10
19,2011/11/17,465,1639,246,560,1400,724,177,1073741824,3630,364,11702,72,321,2011/11/17
19,2011/11/25,589,1534,304,675,1392,729,243,1073741824,3898,1122,-5221,72,330,2011/11/26
19,2011/12/03,556,1413,289,621,1204,732,377,1073741824,3998,1854,12425,72,344,2011/12/10
19,2011/12/11,552,1933,291,654,1729,853,360,1073741824,4155,1032,-5041,72,346,2011/12/12
19,2011/12/19,617,1682,335,689,1672,858,328,1073741824,4155,450,12706,72,353,2011/12/19
19,2011/12/27,596,1487,318,632,1506,800,437,1073741824,4268,1003,-5139,72,362,2011/12/28
20,2011/01/01,660,1948,393,704,2072,1241,669,1073741824,4205,514,12495,136,1,2011/01/01
20,2011/01/09,690,2086,366,696,2328,1362,779,1073741824,4248,977,-4769,72,10,2011/01/10
20,2011/01/17,727,1866,393,678,2012,1588,1077,1073741824,3924,1891,13247,136,24,2011/01/24
20,2011/01/25,790,1863,436,752,6182,1493,1071,1075576832,4064,996,-4180,72,26,2011/01/26
20,2011/02/02,788,1794,415,749,1969,1617,1148,1073741824,3844,486,13861,136,33,2011/02/02
20,2011/02/10,840,1786,454,807,6710,1785,1354,1075576832,3736,950,-3690,136,42,2011/02/11
20,2011/02/18,843,2553,458,878,2686,1911,1038,1073741824,3793,4454,-3077,200,53,2011/02/22
20,2011/02/26,706,2571,381,731,2609,2161,1294,1073741824,3683,5217,-2543,202,62,2011/03/03
20,2011/03/06,498,1817,266,536,1975,1350,777,1073741824,2505,4188,14629,200,70,2011/03/11
20,2011/03/14,682,1921,390,719,3143,1506,1027,1075576832,2338,3172,15312,200,79,2011/03/20
20,2011/03/22,801,2443,430,832,2821,2155,1509,1073741824,2532,522,15988,206,81,2011/03/22
20,2011/03/30,697,2350,448,742,2502,1854,1199,1073741824,1909,3153,16716,201,95,2011/04/05
20,2011/04/07,2754,3943,2607,2898,3806,3248,2056,1073741824,2655,4463,-193,1033,101,2011/04/11
20,2011/04/15,855,2292,482,881,2488,1776,1132,1073741824,2140,950,267,136,106,2011/04/16
20,2011/04/23,571,1939,244,574,1998,1533,975,1073741824,1437,4197,-16749,8205,118,2011/04/28
20,2011/05/01,1217,3070,808,1237,3170,2724,1787,1073741824,2017,922,1403,8205,122,2011/05/02
20,2011/05/09,1245,2302,1610,1427,2268,1821,1107,1073741824,1181,5668,-14697,1033,132,2011/05/12
20,2011/05/17,792,2544,381,831,2509,1584,798,1073741824,2642,5217,2503,137,142,2011/05/22
20,2011/05/25,1010,2756,709,1047,2945,2135,1421,1073741824,1619,4178,-13845,8205,150,2011/05/30
20,2011/06/02,1155,2878,905,1256,2601,1927,1002,1073741824,2747,5238,2973,1801,158,2011/06/07
20,2011/06/10,857,2374,495,866,2224,1462,818,1073741824,2017,1891,-14087,137,168,2011/06/17
20,2011/06/18,2808,4249,2531,2911,3915,3330,2248,1073741824,2286,995,3488,1033,170,2011/06/19
20,2011/06/26,1419,3081,1076,1454,3223,2502,1774,1073741824,2454,2341,3450,1033,179,2011/06/28
20,2011/07/04,911,2806,511,944,2670,1719,909,1073741824,2604,3494,3215,137,188,2011/07/07
20,2011/07/12,1177,3022,920,1254,2771,2102,1299,1073741824,2196,534,-15196,1033,193,2011/07/12
20,2011/07/20,1160,3017,835,1249,2877,2142,1221,1073741824,2585,3484,2566,1801,204,2011/07/23
20,2011/07/28,1132,2437,641,1100,2500,2060,1551,1073741824,1961,1955,-15861,136,216,2011/08/04
20,2011/08/05,1035,2633,542,1018,2863,2054,1363,1073741824,2242,931,1794,72,218,2011/08/06
20,2011/08/13,1863,3382,1893,1997,3168,2605,1584,1073741824,1598,4197,-17010,1033,230,2011/08/18
20,2011/08/21,929,3069,516,972,3084,1979,1034,1073741824,2477,3485,556,73,236,2011/08/24
20,2011/08/29,1571,3186,1566,1775,3124,2368,1327,1073741824,2924,5846,-308,1033,247,2011/09/04
20,2011/09/06,2459,3544,2332,2586,3660,2765,1913,1073741824,2509,3513,-939,1033,252,2011/09/09
20,2011/09/14,1145,2095,978,1213,2106,1644,1024,1073741824,2137,486,15986,1033,257,2011/09/14
20,2011/09/22,627,2858,310,748,2568,1552,687,1073741824,2671,3532,-2324,74,268,2011/09/25
20,2011/09/30,296,1843,74,349,1724,993,386,1073741824,2219,4188,13465,8206,278,2011/10/05
20,2011/10/08,1208,3327,951,1293,3658,2681,1737,1073741824,2958,3485,-3467,1033,284,2011/10/11
20,2011/10/16,321,1741,165,324,1491,1014,548,1073741824,2509,5668,12125,202,292,2011/10/19
20,2011/10/24,776,2216,399,779,2353,1895,1242,1073741824,3107,913,-4787,72,298,2011/10/25
20,2011/11/01,777,2282,422,757,2641,1930,1372,1073741824,3217,549,12966,72,305,2011/11/01
20,2011/11/09,704,2063,360,706,2185,1589,1037,1073741824,3530,941,-5072,72,314,2011/11/10
20,2011/11/17,836,2123,448,785,2388,1979,1435,1073741824,3635,496,12216,72,321,2011/11/17
20,2011/11/25,839,1975,463,804,2217,1505,994,1073741824,3903,995,-5332,72,330,2011/11/26
20,2011/12/03,803,1751,478,757,2744,1602,1157,1075576832,4005,1973,12182,72,344,2011/12/10
20,2011/12/11,947,1973,525,895,2188,1760,1253,1073741824,4160,905,-5136,72,346,2011/12/12
20,2011/12/19,905,1979,492,841,2218,1835,1335,1073741824,4159,596,12044,72,353,2011/12/19
20,2011/12/27,759,2066,387,743,2184,1430,880,1073741824,4274,886,-5277,72,362,2011/12/28
21,2011/01/01,606,1665,269,616,1674,1248,819,1073741824,4085,1763,12725,144,8,2011/01/08
21,2011/01/09,641,1093,370,683,1319,763,418,1073741824,4229,1150,-4559,128,10,2011/01/10
21,2011/01/17,887,1811,517,867,1987,1613,1123,1073741824,4402,4592,-4145,144,21,2011/01/21
21,2011/01/25,892,1957,386,760,2173,1879,1356,1073741824,4047,1157,-4438,144,26,2011/01/26
21,2011/02/02,944,1958,446,844,2180,1883,1300,1073741824,3980,2489,-3944,144,35,2011/02/04
21,2011/02/10,576,876,310,623,1171,799,484,1073741824,3725,1131,-3898,128,42,2011/02/11
21,2011/02/18,751,1674,333,689,1937,1587,1211,1073741824,3444,351,13996,208,49,2011/02/18
21,2011/02/26,1367,1656,1465,1570,1692,1097,544,1073741824,3306,1113,-3325,1042,58,2011/02/27
21,2011/03/06,590,993,325,645,806,584,273,1073741824,2990,359,15023,192,65,2011/03/06
21,2011/03/14,680,1760,161,678,2167,1719,1136,1073741824,2854,1112,-2428,208,74,2011/03/15
21,2011/03/22,697,1995,331,727,2090,1658,1014,1073741824,2533,351,15546,194,81,2011/03/22
21,2011/03/30,1684,2111,1597,1787,2230,1845,1397,1073741824,2445,1132,-950,1025,90,2011/03/31
21,2011/04/07,3603,4124,3211,3525,4014,3643,2867,1073741824,2672,4572,-68,1026,101,2011/04/11
21,2011/04/15,1027,2456,454,926,2785,2200,1534,1073741824,2158,1121,60,145,106,2011/04/16
21,2011/04/23,855,1812,722,893,1601,1425,928,1073741824,1462,4101,-16653,8213,118,2011/04/28
21,2011/05/01,951,2245,604,973,2228,1642,933,1073741824,2045,1094,1750,8198,122,2011/05/02
21,2011/05/09,986,1910,701,1016,1693,1453,849,1073741824,1799,1800,-15007,8213,136,2011/05/16
21,2011/05/17,781,1669,386,792,1444,1241,714,1073741824,2384,3616,2649,214,140,2011/05/20
21,2011/05/25,791,1890,397,803,1659,1283,782,1073741824,2004,361,-15235,149,145,2011/05/25
21,2011/06/02,6754,6046,5899,6657,6451,5490,3684,1073741824,2213,1131,3629,1041,154,2011/06/03
21,2011/06/10,637,1571,309,640,1473,1082,685,1073741824,2138,314,-14168,86,161,2011/06/10
21,2011/06/18,1166,1888,1037,1289,1734,1257,710,1073741824,2876,5321,3154,1298,174,2011/06/23
21,2011/06/26,935,2093,614,987,1817,1374,682,1073741824,2492,2489,3589,149,179,2011/06/28
21,2011/07/04,560,1343,295,598,1221,903,583,1073741824,1726,4918,-13581,128,189,2011/07/08
21,2011/07/12,1110,2732,840,1215,2417,1698,947,1073741824,2234,360,-14547,1297,193,2011/07/12
21,2011/07/20,1650,2278,1522,1759,6056,1853,1235,1075576832,2620,3616,2688,1025,204,2011/07/23
21,2011/07/28,992,2494,593,971,4816,1873,1167,1075576832,2174,380,-16002,86,209,2011/07/28
21,2011/08/05,1036,1917,714,1157,1750,1350,1121,1073741824,2272,1094,2081,8213,218,2011/08/06
21,2011/08/13,857,2145,540,896,1963,1323,676,1073741824,2090,369,-16762,69,225,2011/08/13
21,2011/08/21,822,2508,394,874,2065,1430,821,1073741824,2500,3626,576,128,236,2011/08/24
21,2011/08/29,865,1896,681,923,1679,1256,847,1073741824,1633,4082,17072,8213,246,2011/09/03
21,2011/09/06,1084,2202,891,1144,2041,1612,1114,1073741824,1852,3023,16127,1041,255,2011/09/12
21,2011/09/14,976,2250,554,1009,2092,1544,919,1073741824,2432,2507,-1661,1281,259,2011/09/16
21,2011/09/22,830,2567,452,882,3995,1610,886,1075576832,2671,3655,-2174,8198,268,2011/09/25
21,2011/09/30,697,2266,309,723,1827,1294,747,1073741824,2389,325,14313,66,273,2011/09/30
21,2011/10/08,665,1110,750,778,931,709,390,1073741824,2324,4929,12831,8213,285,2011/10/12
21,2011/10/16,251,509,292,402,411,343,208,1073741824,2482,5604,12173,210,292,2011/10/19
21,2011/10/24,569,1983,242,568,1842,1360,859,1073741824,2998,3060,12492,128,303,2011/10/30
21,2011/11/01,517,622,345,651,628,369,160,1073741824,3196,379,12392,64,305,2011/11/01
21,2011/11/09,440,967,301,593,942,553,270,1073741824,3718,3626,-4763,144,316,2011/11/12
21,2011/11/17,641,1843,222,595,2080,1532,1012,1073741824,3612,316,13081,144,321,2011/11/17
21,2011/11/25,639,1562,308,648,374,1171,759,1075576832,3880,1158,-5114,144,330,2011/11/26
21,2011/12/03,550,1199,216,538,1276,974,609,1073741824,3979,1818,12389,128,344,2011/12/10
21,2011/12/11,1040,1525,834,1120,1672,1104,675,1073741824,4137,1076,-5419,1794,346,2011/12/12
21,2011/12/19,677,1513,253,652,1728,1179,762,1073741824,4135,414,12614,128,353,2011/12/19
21,2011/12/27,686,1491,330,692,1743,1162,766,1073741824,4252,1049,-5018,128,362,2011/12/28
22,2011/01/01,592,2756,305,675,2934,1939,1097,1073741824,4186,531,12909,136,1,2011/01/01
22,2011/01/09,659,2837,352,733,3076,2127,1175,1073741824,4231,967,-4969,72,10,2011/01/10
22,2011/01/17,522,2729,272,618,2799,1779,896,1073741824,3907,1910,13096,136,24,2011/01/24
22,2011/01/25,728,2738,384,767,2958,2180,1260,1073741824,4048,976,-4372,72,26,2011/01/26
22,2011/02/02,866,3105,442,884,3504,2484,1508,1073741824,3978,2333,-3951,72,35,2011/02/04
22,2011/02/10,776,2651,401,823,3025,2163,1300,1073741824,3722,940,-3888,136,42,2011/02/11
22,2011/02/18,697,2393,367,735,2684,1955,1100,1073741824,3441,541,13863,200,49,2011/02/18
22,2011/02/26,914,2665,459,914,2922,2368,1386,1073741824,3480,3484,-2840,200,60,2011/03/01
22,2011/03/06,621,1916,337,639,2220,1651,994,1073741824,2491,4207,14703,200,70,2011/03/11
22,2011/03/14,718,2120,435,772,2251,1696,970,1073741824,2326,3190,15423,202,79,2011/03/20
22,2011/03/22,1351,1952,1402,1495,-17,1464,894,1075576833,2522,542,15452,8205,81,2011/03/22
22,2011/03/30,972,2130,472,933,2271,1692,1076,1073741824,2431,949,-1440,136,90,2011/03/31
22,2011/04/07,858,2552,399,886,2544,2010,1082,1073741824,2654,4463,-186,200,101,2011/04/11
22,2011/04/15,897,2897,479,932,3104,2386,1438,1073741824,2138,931,103,72,106,2011/04/16
22,2011/04/23,1136,2718,844,1235,2644,2106,1291,1073741824,1730,1973,-16614,1033,120,2011/04/30
22,2011/05/01,390,1922,199,486,1729,1144,525,1073741824,1290,5030,-15681,206,125,2011/05/05
22,2011/05/09,1091,2738,945,1247,2559,1914,1059,1073741824,1773,1964,-15089,8205,136,2011/05/16
22,2011/05/17,778,3333,373,939,3009,2202,1117,1073741824,2652,5217,2511,137,142,2011/05/22
22,2011/05/25,973,2915,735,1102,2852,1991,1124,1073741824,1978,552,-15246,137,145,2011/05/25
22,2011/06/02,509,2720,175,591,2767,1798,941,1073741824,1841,3154,-13775,141,159,2011/06/08
22,2011/06/10,838,1790,770,982,1776,1120,428,1073741824,2111,504,-14389,8204,161,2011/06/10
22,2011/06/18,637,3202,330,779,2880,1993,1020,1073741824,1937,3153,-13684,201,175,2011/06/24
22,2011/06/26,1141,3414,906,1307,3290,2425,1432,1073741824,2466,2332,3401,8205,179,2011/06/28
22,2011/07/04,787,3678,406,955,3361,2372,1260,1073741824,2616,3494,3191,74,188,2011/07/07
22,2011/07/12,1272,3564,1028,1413,3363,2437,1295,1073741824,2208,540,-14758,1545,193,2011/07/12
22,2011/07/20,1035,3459,665,1167,3481,2259,1138,1073741824,2595,3484,2545,8205,204,2011/07/23
22,2011/07/28,809,2780,400,854,2852,1985,1154,1073741824,1968,1973,-15695,8204,216,2011/08/04
22,2011/08/05,841,3223,465,932,3066,2277,1260,1073741824,2248,914,2183,74,218,2011/08/06
22,2011/08/13,1009,2250,926,1102,5133,1620,990,1075576832,1600,4207,-17005,1033,230,2011/08/18
22,2011/08/21,988,2601,613,1056,2480,1637,833,1073741824,2185,931,653,1545,234,2011/08/22
22,2011/08/29,466,905,480,523,807,525,183,1073741824,1618,4198,16969,1034,246,2011/09/03
22,2011/09/06,4673,5096,4569,4780,4393,3647,2142,1073741824,1841,3163,16021,1033,255,2011/09/12
22,2011/09/14,1036,2519,777,1174,2309,1554,786,1073741824,2711,4473,-1551,1289,261,2011/09/18
22,2011/09/22,997,2156,788,1129,2091,1248,535,1073741824,2662,3532,-2332,1801,268,2011/09/25
22,2011/09/30,364,1671,216,479,1614,1094,573,1073741824,2203,4198,13538,206,278,2011/10/05
22,2011/10/08,1402,2334,1163,1415,1849,1546,1067,1073741824,2329,5020,12748,205,285,2011/10/12
22,2011/10/16,614,1688,316,624,1287,850,404,1073741824,2490,5680,12097,200,292,2011/10/19
22,2011/10/24,685,2197,373,774,2214,1576,894,1073741824,3090,896,-4419,72,298,2011/10/25
22,2011/11/01,812,1870,411,826,1903,1437,970,1073741824,3199,569,12436,72,305,2011/11/01
22,2011/11/09,823,2374,439,859,2326,1856,1086,1073741824,3513,931,-5276,72,314,2011/11/10
22,2011/11/17,803,2323,421,791,2413,1885,1103,1073741824,3617,504,12649,72,321,2011/11/17
22,2011/11/25,731,2616,380,797,2949,2087,1190,1073741824,3885,977,-5531,72,330,2011/11/26
22,2011/12/03,605,2311,340,650,2623,1786,1101,1073741824,3986,1982,12302,72,344,2011/12/10
22,2011/12/11,739,2516,363,818,2795,1874,1135,1073741824,4141,886,-5412,72,346,2011/12/12
22,2011/12/19,680,2507,369,730,2694,1966,1134,1073741824,4140,603,12408,72,353,2011/12/19
22,2011/12/27,646,2774,350,745,3038,1923,963,1073741824,4256,869,-4909,72,362,2011/12/28