site-id,lat,lon,tile-h,tile-v,pixel-col,pixel_row
1,16.157,95.668,27,7,906,1844
2,16.940821,96.645938,27,7,1177,1468
3,16.903272,97.345542,27,7,1507,1486
4,18.045487,96.621695,27,7,897,938
5,20.25627,93.137471,26,6,3541,4676
6,17.623545,95.68156,27,7,571,1140
id,Date,250m 16 days NDVI,250m 16 days EVI,250m 16 days VI Quality,250m 16 days red reflectance,250m 16 days NIR reflectance,250m 16 days blue reflectance,250m 16 days MIR reflectance,250m 16 days view zenith angle,250m 16 days sun zenith angle,250m 16 days relative azimuth angle,250m 16 days composite day of the year,250m 16 days pixel reliability,actual_date
1,2004/01/01,3092,1812,2116,1204,2282,618,2228,802,4341,2316,10,0,N\A
1,2004/01/17,2930,1818,2116,1404,2568,665,2417,679,4324,464,19,0,N\A
1,2004/02/02,2760,1608,2116,1305,2300,622,2491,730,3788,2255,42,0,N\A
1,2004/02/18,2101,1061,2185,1013,1552,658,2629,3315,3793,347,53,1,N\A
1,2004/03/05,1960,784,2116,816,1214,457,2063,2073,3012,2168,65,0,N\A
1,2004/03/21,1928,933,2185,1032,1525,601,2366,2027,2503,2078,81,1,N\A
1,2004/04/06,1821,941,2185,1226,1772,617,2409,3181,1762,1926,104,1,N\A
1,2004/04/22,1986,970,2262,1105,1653,555,2146,6183,991,1844,116,3,N\A
1,2004/05/08,1471,1522,2062,1493,2008,1668,2350,2040,1635,1649,129,3,N\A
1,2004/05/24,116,388,2066,4722,4833,4802,1321,5040,1322,1428,150,3,N\A
1,2004/06/09,-9,-13,2062,6992,6979,7042,1152,796,2089,-291,163,3,N\A
1,2004/06/25,186,424,2066,4049,4203,3924,2254,4236,1653,1456,191,3,N\A
1,2004/07/11,781,538,2062,1439,1683,1199,548,3265,1775,1527,200,3,N\A
1,2004/07/27,529,833,2062,3095,3441,2885,1451,769,2179,-163,211,3,N\A
1,2004/08/12,1570,2226,2066,3059,4199,2634,2265,5759,2910,22,240,3,N\A
1,2004/08/28,5787,3397,35998,710,2661,342,672,684,2124,1967,250,3,N\A
1,2004/09/13,6425,5215,3102,643,2955,764,1045,4274,2193,2237,271,3,N\A
1,2004/09/29,6033,5492,34841,882,3565,886,660,4275,2668,2337,287,1,N\A
1,2004/10/15,6377,3514,2185,533,2410,301,737,712,3208,2341,298,1,N\A
1,2004/10/31,5582,3323,2116,745,2628,391,988,667,3655,2338,314,0,N\A
1,2004/11/16,4695,2684,2116,879,2435,429,1037,2018,3775,2388,321,0,N\A
1,2004/12/02,3515,2138,2116,1236,2576,577,1745,842,4264,529,339,0,N\A
1,2004/12/18,2824,1737,2116,1344,2402,699,2103,805,4444,553,355,0,N\A
2,2004/01/01,6326,4393,2116,754,3351,413,1335,137,4474,2454,3,0,N\A
2,2004/01/17,7035,5085,2116,622,3575,372,1235,88,4344,2550,19,0,N\A
2,2004/02/02,6093,4059,2116,750,3090,424,1400,36,4056,1800,35,0,N\A
2,2004/02/18,4381,2696,2116,993,2542,552,1995,1436,3332,2201,58,0,N\A
2,2004/03/05,3431,1947,2116,1091,2231,552,2022,2717,3009,2191,65,0,N\A
2,2004/03/21,2932,1809,2185,1333,2439,687,2608,74,2656,247,83,1,N\A
2,2004/04/06,2790,1580,2185,1196,2122,620,2311,3718,1712,1950,104,1,N\A
2,2004/04/22,2836,1656,2258,1317,2360,603,2471,3760,1446,1776,120,3,N\A
2,2004/05/08,3051,2338,3102,1358,2551,1059,1401,5426,2572,-192,144,3,N\A
2,2004/05/24,2041,1392,3098,1419,2147,1012,860,1457,2069,-270,156,3,N\A
2,2004/06/09,2058,1445,3098,1348,2047,1073,623,41,1977,-61,163,3,N\A
2,2004/06/25,4295,2927,3102,957,2398,778,797,4731,2629,-249,183,3,N\A
2,2004/07/11,2224,2329,2062,1842,2896,1685,1250,2698,1813,1509,193,3,N\A
2,2004/07/27,4435,6507,2066,1153,2991,1713,1144,6420,1069,1586,212,3,N\A
2,2004/08/12,6509,3727,34837,464,2195,449,473,1400,1949,1845,234,1,N\A
2,2004/08/28,5484,5934,2066,1356,4650,1188,1544,6003,3024,101,249,3,N\A
2,2004/09/13,7761,5089,2120,421,3341,203,606,4687,2208,2264,271,1,N\A
2,2004/09/29,7587,4819,2257,442,3223,193,623,2735,2434,2228,273,1,N\A
2,2004/10/15,3828,2474,2116,1246,2792,620,1721,1421,3438,482,300,0,N\A
2,2004/10/31,2789,1770,2116,1453,2577,723,2192,2729,3759,507,309,0,N\A
2,2004/11/16,4003,2864,2116,1337,3122,742,2516,1540,4237,538,332,0,N\A
2,2004/12/02,5462,3993,2116,996,3394,581,1917,1486,4480,526,348,0,N\A
2,2004/12/18,5698,3997,2116,884,3226,518,1622,48,4474,650,355,0,N\A
3,2004/01/01,3514,2103,2116,1155,2407,594,2233,792,4440,2342,3,0,N\A
3,2004/01/17,3321,1951,2116,1175,2344,589,2356,738,4307,2313,19,0,N\A
3,2004/02/02,3234,1935,2116,1183,2314,640,2450,694,4014,2292,35,0,N\A
3,2004/02/18,3144,2134,2116,1500,2876,768,2967,2140,3734,376,53,0,N\A
3,2004/03/05,3064,1816,2116,1220,2298,637,2503,3237,2962,2194,65,0,N\A
3,2004/03/21,2800,1743,2185,1377,2448,714,2927,595,2599,2038,83,1,N\A
3,2004/04/06,2719,1508,2262,1170,2044,610,2479,4979,1367,1904,111,3,N\A
3,2004/04/22,2683,1722,2186,1490,2583,755,3077,585,1870,1809,115,3,N\A
3,2004/05/08,2452,1897,2066,1863,3074,1106,3354,6280,2790,-112,130,3,N\A
3,2004/05/24,1483,784,34966,1114,1502,777,367,6171,1089,1353,157,3,N\A
3,2004/06/09,1592,1125,34838,1528,2107,1122,722,2195,2203,-282,165,3,N\A
3,2004/06/25,1269,1117,2066,1444,1864,1484,1242,5009,1481,1459,191,3,N\A
3,2004/07/11,1430,1103,2066,1405,1874,1290,730,5019,1447,1565,207,3,N\A
3,2004/07/27,952,987,2062,1961,2374,1825,1090,658,2015,1662,211,3,N\A
3,2004/08/12,1254,1899,2062,2305,2966,2413,1047,3381,2475,39,238,3,N\A
3,2004/08/28,2057,2087,2066,1432,2174,1584,1066,4333,2663,105,247,3,N\A
3,2004/09/13,6171,2675,2189,419,1770,221,314,5030,2169,2277,271,1,N\A
3,2004/09/29,5890,2973,2185,557,2154,276,538,760,2953,447,284,1,N\A
3,2004/10/15,6355,3374,2185,516,2316,277,972,778,3400,498,300,1,N\A
3,2004/10/31,6157,3326,2116,562,2363,293,1058,2018,3660,2371,314,0,N\A
3,2004/11/16,4469,2627,2116,933,2441,492,1729,896,4205,552,332,0,N\A
3,2004/12/02,4479,2533,2116,886,2324,460,1627,3171,4125,2404,337,0,N\A
3,2004/12/18,3255,1962,2116,1207,2372,636,2144,623,4441,2409,355,0,N\A
4,2004/01/01,3688,2282,2116,1179,2557,605,2374,130,4576,453,3,0,N\A
4,2004/01/17,3978,2394,2116,1117,2593,518,2047,184,4443,415,19,0,N\A
4,2004/02/02,4140,2520,2116,1106,2669,507,2050,234,4150,324,35,0,N\A
4,2004/02/18,4123,2758,2185,1218,2927,633,2344,1657,3558,352,60,1,N\A
4,2004/03/05,4244,2467,2116,960,2376,505,1915,2486,3098,2200,65,0,N\A
4,2004/03/21,3301,2151,2185,1350,2681,709,2749,327,2726,286,83,1,N\A
4,2004/04/06,3263,1723,2262,1024,2016,503,2035,5186,1576,2049,102,3,N\A
4,2004/04/22,2834,1950,2185,1536,2751,853,3135,336,1966,2,115,1,N\A
4,2004/05/08,4632,3003,34842,975,2658,600,2023,6542,2857,-87,130,3,N\A
4,2004/05/24,2597,1415,3098,1180,2008,595,743,1693,2045,-241,156,3,N\A
4,2004/06/09,2930,1712,2066,883,1615,830,573,5228,1294,1432,166,3,N\A
4,2004/06/25,2523,2446,2066,1416,2372,1480,984,5225,1366,1447,182,3,N\A
4,2004/07/11,3692,6903,2066,1444,3135,2090,1597,5245,1369,1530,198,3,N\A
4,2004/07/27,2843,3958,2062,2110,3787,2114,1961,273,2077,-84,211,3,N\A
4,2004/08/12,5063,9771,3098,678,2069,1677,1191,1146,1984,1878,234,3,N\A
4,2004/08/28,5673,7628,2066,1429,5177,1529,1802,6071,3065,119,249,3,N\A
4,2004/09/13,8247,5444,2120,327,3404,165,632,4529,2305,2274,271,1,N\A
4,2004/09/29,7731,4791,2185,395,3087,188,633,2504,2527,2239,273,1,N\A
4,2004/10/15,5117,2942,2116,792,2452,413,1216,1191,3336,2354,298,0,N\A
4,2004/10/31,4475,2582,2116,922,2416,465,1457,2486,3482,2385,305,0,N\A
4,2004/11/16,3573,1982,2120,1054,2226,503,1970,4460,4132,2433,335,0,N\A
4,2004/12/02,3288,2022,2116,1290,2554,623,2521,347,4401,508,339,0,N\A
4,2004/12/18,4358,2797,2116,1133,2884,538,2203,1703,4672,515,364,0,N\A
5,2004/01/01,3179,1833,2116,1168,2257,589,1888,449,4707,2362,8,0,N\A
5,2004/01/17,2977,1873,2116,1389,2567,691,2241,995,4686,509,17,0,N\A
5,2004/02/02,2916,1846,2116,1400,2553,712,2462,369,4156,2317,40,0,N\A
5,2004/02/18,2792,1735,2116,1386,2460,707,2564,1051,3991,400,49,0,N\A
5,2004/03/05,2333,1290,2116,1125,1810,705,2710,1087,3490,353,65,0,N\A
5,2004/03/21,1786,827,2185,979,1405,587,2387,243,2630,2035,88,1,N\A
5,2004/04/06,2137,1156,35034,1260,1945,626,2487,2837,1981,2042,102,3,N\A
5,2004/04/22,2175,1251,2189,1331,2071,703,2608,4757,1389,1973,116,1,N\A
5,2004/05/08,2116,1474,34842,1397,2147,1042,2270,5999,908,1843,130,3,N\A
5,2004/05/24,2869,1172,34842,759,1370,386,594,5814,2619,-164,158,3,N\A
5,2004/06/09,1933,1087,2062,1047,1549,839,609,3545,2220,-194,163,3,N\A
5,2004/06/25,799,368,35038,1140,1338,632,328,6316,2885,-166,183,3,N\A
5,2004/07/11,359,691,2066,3294,3540,3254,1237,6316,2948,-127,199,3,N\A
5,2004/07/27,619,913,2066,2652,3002,2578,1413,6310,2994,-57,215,3,N\A
5,2004/08/12,3986,2055,36074,942,2191,354,620,4469,2663,87,236,3,N\A
5,2004/08/28,2686,2429,2066,1865,3235,1377,1419,5465,1798,2197,251,3,N\A
5,2004/09/13,6454,3366,2116,490,2274,262,476,3975,2462,2280,269,0,N\A
5,2004/09/29,5791,2759,2116,534,2004,252,472,2966,2806,2306,278,0,N\A
5,2004/10/15,6533,3446,2116,494,2356,242,503,2379,3695,508,298,0,N\A
5,2004/10/31,6271,3053,2116,473,2064,250,622,1086,3827,558,305,0,N\A
5,2004/11/16,5340,2794,2116,661,2176,345,642,1150,4257,583,321,0,N\A
5,2004/12/02,4626,2637,2116,882,2401,439,1192,1168,4592,561,337,0,N\A
5,2004/12/18,3245,1930,2116,1226,2404,601,1725,1131,4786,558,353,0,N\A
6,2004/01/01,4201,2339,2120,939,2300,452,1697,4110,4230,2362,15,0,N\A
6,2004/01/17,4288,2391,2120,867,2169,501,1755,4062,3947,2319,31,0,N\A
6,2004/02/02,3378,1986,2116,1181,2386,574,2049,432,3909,2270,42,0,N\A
6,2004/02/18,3789,1820,2189,831,1845,387,1626,4052,3003,2228,63,1,N\A
6,2004/03/05,2500,1357,2116,1251,2085,564,2472,371,2935,2194,74,0,N\A
6,2004/03/21,2296,1292,2185,1253,2000,676,3031,1113,2773,261,83,1,N\A
6,2004/04/06,2723,1577,2257,1289,2254,626,2705,2930,1827,1965,104,1,N\A
6,2004/04/22,2007,1311,2185,1748,2626,850,3292,341,1821,1735,122,1,N\A
6,2004/05/08,2050,2294,2062,2247,3406,1901,3247,3551,2208,-130,133,3,N\A
6,2004/05/24,5195,3758,34842,763,2413,802,1195,4483,2431,-229,158,3,N\A
6,2004/06/09,2449,4488,2066,2135,3520,2482,1667,4858,1389,1434,166,3,N\A
6,2004/06/25,1846,1657,34842,2751,3997,1562,1217,5249,2701,-231,183,3,N\A
6,2004/07/11,5077,4170,35038,1068,3271,863,942,6340,3028,-168,201,3,N\A
6,2004/07/27,3877,1947,2185,810,1836,470,414,1051,2166,-176,211,1,N\A
6,2004/08/12,4222,2030,34837,734,1807,400,439,369,2057,1887,234,1,N\A
6,2004/08/28,2495,1720,35878,958,1595,1078,630,6074,1378,2086,244,3,N\A
6,2004/09/13,727,289,2120,963,1114,512,96,5550,2106,2298,269,1,N\A
6,2004/09/29,5997,3520,2116,666,2662,331,749,2360,3112,416,284,0,N\A
6,2004/10/15,5580,3291,2185,729,2570,395,1454,2370,3547,482,300,1,N\A
6,2004/10/31,4377,2746,2116,940,2404,629,2415,369,3792,2335,314,0,N\A
6,2004/11/16,4249,2546,2116,1007,2495,524,2138,1726,3914,2392,321,0,N\A
6,2004/12/02,3632,2549,2116,1357,2905,782,2757,1123,4400,541,339,0,N\A
6,2004/12/18,4101,2941,2116,1251,2991,761,2955,2416,4678,510,364,0,N\A