site-id,lat,lon,tile-h,tile-v,pixel-col,pixel_row
1,16.157,95.668,27,7,906,1844
2,16.940821,96.645938,27,7,1177,1468
3,16.903272,97.345542,27,7,1507,1486
4,18.045487,96.621695,27,7,897,938
5,20.25627,93.137471,26,6,3541,4676
6,17.623545,95.68156,27,7,571,1140
id,Date,250m 16 days NDVI,250m 16 days EVI,250m 16 days VI Quality,250m 16 days red reflectance,250m 16 days NIR reflectance,250m 16 days blue reflectance,250m 16 days MIR reflectance,250m 16 days view zenith angle,250m 16 days sun zenith angle,250m 16 days relative azimuth angle,250m 16 days composite day of the year,250m 16 days pixel reliability,actual_date
1,2003/01/01,2997,1804,2116,1252,2324,665,2096,585,4363,2320,7,0,N\A
1,2003/01/17,2758,1833,2116,1487,2620,812,2650,2158,4314,461,25,0,N\A
1,2003/02/02,2625,1573,2116,1334,2284,693,2435,694,3851,2259,39,0,N\A
1,2003/02/18,2693,1686,2116,1374,2387,749,2659,640,3413,2164,55,0,N\A
1,2003/03/06,2374,1472,2185,1469,2384,755,2685,623,2917,2159,71,1,N\A
1,2003/03/22,2098,1045,2189,1103,1689,572,2076,4246,1913,2049,92,1,N\A
1,2003/04/07,1802,1093,2185,1435,2066,834,3103,657,2038,1899,103,1,N\A
1,2003/04/23,1785,1044,2185,1456,2089,757,2499,2007,1638,1683,126,1,N\A
1,2003/05/09,1951,1306,2258,1709,2538,923,3036,3371,2215,-145,130,3,N\A
1,2003/05/25,202,295,2062,2907,3027,2711,1361,3294,1574,1487,149,3,N\A
1,2003/06/10,155,399,2066,4125,4255,4116,2599,5094,2637,-266,164,3,N\A
1,2003/06/26,346,355,2066,2355,2524,1970,1125,4226,1655,1445,188,3,N\A
1,2003/07/12,1758,743,36074,923,1317,482,310,4409,2635,-205,203,3,N\A
1,2003/07/28,3455,3555,2066,1389,2856,1450,711,5636,1301,1643,218,3,N\A
1,2003/08/13,5271,3534,35878,850,2745,592,658,4385,2608,-4,235,3,N\A
1,2003/08/29,3424,4052,2066,1882,3842,1739,1086,5807,2974,121,253,3,N\A
1,2003/09/14,6740,6956,36002,602,3092,1034,848,4197,2114,2220,268,3,N\A
1,2003/09/30,7112,4669,34897,527,3123,318,804,4217,2574,2329,284,1,N\A
1,2003/10/16,7487,6480,2189,693,4824,406,1079,5135,3480,400,292,1,N\A
1,2003/11/01,5731,3978,2116,864,3184,505,1203,2141,3755,520,313,0,N\A
1,2003/11/17,4158,2574,2116,1067,2586,565,1336,803,3958,2408,327,0,N\A
1,2003/12/03,3182,1928,2116,1281,2477,621,1787,838,4242,2361,343,0,N\A
1,2003/12/19,3281,1972,2116,1213,2398,621,2007,847,4376,2354,359,0,N\A
2,2003/01/01,2772,1619,2116,1241,2193,659,2205,1317,4391,2340,7,0,N\A
2,2003/01/17,4222,2541,2185,1022,2516,527,1972,1400,4202,2315,23,1,N\A
2,2003/02/02,5194,3558,2116,993,3140,535,1757,2729,4243,425,34,0,N\A
2,2003/02/18,5774,3712,2116,788,2942,422,1444,1372,3414,2201,55,0,N\A
2,2003/03/06,5318,3213,2116,801,2621,436,1490,1355,2904,2162,71,0,N\A
2,2003/03/22,5094,4111,2185,1249,3843,742,2698,2757,2913,225,82,1,N\A
2,2003/04/07,3614,2293,2116,1270,2708,620,2366,1390,1982,1930,103,0,N\A
2,2003/04/23,3630,2875,35034,1301,2784,1026,2796,2652,1548,1697,126,3,N\A
2,2003/05/09,3330,2567,2186,1748,3494,931,3274,2775,2120,-126,130,3,N\A
2,2003/05/25,1928,1321,2062,1201,1775,1083,813,53,1951,2114,160,3,N\A
2,2003/06/10,979,615,34966,1284,1563,1059,689,5391,1311,1389,163,3,N\A
2,2003/06/26,4018,2707,2062,949,2224,819,650,1466,2217,-289,185,3,N\A
2,2003/07/12,3181,4250,2066,1493,2886,1820,1447,4588,1534,1552,204,3,N\A
2,2003/07/28,3025,2979,2062,1815,3390,1475,1166,1309,1942,1671,215,3,N\A
2,2003/08/13,8097,3755,34837,229,2178,77,454,1310,1943,1826,231,1,N\A
2,2003/08/29,4968,5968,2062,1471,4376,1471,1179,2840,2418,73,242,3,N\A
2,2003/09/14,8263,6964,36074,499,5249,159,903,5458,3110,262,269,3,N\A
2,2003/09/30,7527,4734,2116,444,3147,205,585,3746,2461,2284,277,0,N\A
2,2003/10/16,4091,2291,2116,966,2304,467,1241,2652,3285,2371,302,0,N\A
2,2003/11/01,3271,1998,2116,1260,2485,629,2031,1439,3782,534,313,0,N\A
2,2003/11/17,2784,1867,2116,1499,2656,821,2785,1330,4158,558,329,0,N\A
2,2003/12/03,4021,2815,2116,1281,3004,719,2311,1292,4425,561,345,0,N\A
2,2003/12/19,6326,4393,2116,754,3351,413,1335,137,4474,2454,3,0,N\A
3,2003/01/01,3549,2099,2116,1116,2344,589,1947,887,4482,491,9,0,N\A
3,2003/01/17,3481,2193,2116,1243,2571,652,2287,2200,4471,477,18,0,N\A
3,2003/02/02,3419,2077,2116,1190,2427,624,2384,2036,3822,2268,39,0,N\A
3,2003/02/18,3206,2149,2116,1424,2768,757,2961,850,3504,378,57,0,N\A
3,2003/03/06,3262,2279,2116,1521,2994,795,2917,3390,3184,263,75,0,N\A
3,2003/03/22,4179,2826,2261,1194,2909,654,2674,6269,3196,104,95,1,N\A
3,2003/04/07,3763,2483,2185,1232,2719,686,2717,2009,1919,1930,103,1,N\A
3,2003/04/23,3478,1652,34837,840,1736,429,1158,3181,1481,1703,126,1,N\A
3,2003/05/09,3579,2575,2186,1494,3160,794,2888,2214,2055,-120,130,3,N\A
3,2003/05/25,847,971,2066,1626,1927,1858,883,5737,2668,-210,150,3,N\A
3,2003/06/10,541,1462,2066,4140,4614,4180,1761,5104,2656,-256,173,3,N\A
3,2003/06/26,1058,861,2062,1572,1944,1411,620,3381,2439,-256,187,3,N\A
3,2003/07/12,1247,702,2066,993,1276,955,439,4938,1471,1545,204,3,N\A
3,2003/07/28,879,1623,2066,3302,3939,3192,2190,4405,2609,-148,212,3,N\A
3,2003/08/13,2191,3830,2066,2477,3867,2621,1724,5792,2896,-32,230,3,N\A
3,2003/08/29,5891,1830,36074,304,1176,145,260,5604,1428,2019,243,3,N\A
3,2003/09/14,6363,2507,2120,350,1575,195,352,4969,2084,2259,268,1,N\A
3,2003/09/30,6495,2626,2120,351,1652,183,361,4178,2423,2294,277,0,N\A
3,2003/10/16,6706,3428,2116,437,2217,248,749,3181,3255,2376,302,0,N\A
3,2003/11/01,5624,3006,2116,636,2271,332,1110,796,3748,558,313,0,N\A
3,2003/11/17,5601,3822,2120,918,3256,463,1484,4273,4225,515,324,0,N\A
3,2003/12/03,4074,2550,2116,1092,2594,590,1940,2031,4357,540,338,0,N\A
3,2003/12/19,3479,2090,2116,1171,2421,600,2237,644,4511,508,361,0,N\A
4,2003/01/01,4317,2268,2116,841,2119,411,1523,1064,4493,2340,7,0,N\A
4,2003/01/17,4113,2672,2116,1180,2829,598,2427,1693,4424,480,25,0,N\A
4,2003/02/02,4531,3001,2116,1080,2870,592,2298,291,3804,455,48,0,N\A
4,2003/02/18,4263,2629,2116,1065,2648,532,2106,1118,3505,2205,55,0,N\A
4,2003/03/06,3715,2299,2116,1158,2527,612,2332,1092,2987,2175,71,0,N\A
4,2003/03/22,3497,2505,2116,1595,3311,768,2972,2951,2979,242,82,0,N\A
4,2003/04/07,3008,2371,2116,1910,3554,1024,3608,2942,2549,142,98,0,N\A
4,2003/04/23,3893,2424,35033,1180,2685,566,2175,3538,1505,1845,117,1,N\A
4,2003/05/09,5312,3429,35874,871,2845,491,1456,2486,1545,1599,142,3,N\A
4,2003/05/25,5158,3533,35038,1072,3356,484,1636,4817,2422,-188,148,3,N\A
4,2003/06/10,4164,2459,2262,1020,2476,506,1102,5256,1267,1436,163,3,N\A
4,2003/06/26,3574,1898,3098,922,1948,529,850,1703,2192,-260,185,3,N\A
4,2003/07/12,5610,2164,36074,453,1611,127,403,5204,1380,1512,195,3,N\A
4,2003/07/28,4221,2793,2062,898,2210,781,711,1046,1945,1706,215,3,N\A
4,2003/08/13,2807,9456,2066,1797,3200,2703,1491,5194,1388,1834,227,3,N\A
4,2003/08/29,3714,4839,2062,1852,4041,1846,1573,3026,2459,96,242,3,N\A
4,2003/09/14,7651,4071,2116,336,2526,146,475,2404,2447,2229,270,0,N\A
4,2003/09/30,7613,4610,2116,406,2996,185,643,3547,2560,2293,277,0,N\A
4,2003/10/16,5115,2866,2116,771,2386,390,1096,2421,3390,2374,302,0,N\A
4,2003/11/01,4730,2577,2116,812,2270,400,1403,1146,3705,2383,311,0,N\A
4,2003/11/17,4078,2484,2116,1038,2468,574,2222,130,4334,490,336,0,N\A
4,2003/12/03,3919,2300,2116,1033,2365,545,2201,1308,4385,2385,343,0,N\A
4,2003/12/19,3688,2282,2116,1179,2557,605,2374,130,4576,453,3,0,N\A
5,2003/01/01,3028,1538,2116,1023,1912,481,1614,2883,4618,2378,3,0,N\A
5,2003/01/17,2798,1593,2116,1274,2264,583,2069,1699,4354,2329,28,0,N\A
5,2003/02/02,2605,1635,2116,1487,2535,725,2509,1096,4065,416,46,0,N\A
5,2003/02/18,2828,1722,2116,1358,2429,671,2499,1644,3457,2224,60,0,N\A
5,2003/03/06,2548,1587,2116,1446,2435,738,2820,1131,3047,324,78,0,N\A
5,2003/03/22,1749,961,2185,1361,1938,681,2416,2920,2562,2165,83,1,N\A
5,2003/04/07,1733,847,2257,1149,1631,575,2331,2920,2044,2070,99,1,N\A
5,2003/04/23,1734,1164,2257,1966,2791,917,3061,3570,2190,-24,128,1,N\A
5,2003/05/09,2010,1283,2262,1755,2638,795,2762,5223,2464,-44,130,3,N\A
5,2003/05/25,750,323,2257,1103,1282,545,673,363,1725,1726,149,1,N\A
5,2003/06/10,526,957,34842,2025,2250,2470,1123,6010,1033,1481,175,3,N\A
5,2003/06/26,594,212,34838,577,650,739,635,3937,1490,1571,186,3,N\A
5,2003/07/12,894,986,2062,2274,2721,2005,1547,1572,1830,1683,204,3,N\A
5,2003/07/28,3918,1769,3226,721,1650,380,413,4523,2580,-46,217,3,N\A
5,2003/08/13,5414,2286,2185,484,1627,271,457,1203,2276,126,238,1,N\A
5,2003/08/29,5097,4017,35874,1046,3221,795,912,3636,2769,255,256,3,N\A
5,2003/09/14,6597,2875,2116,371,1810,203,367,1626,2599,2234,268,0,N\A
5,2003/09/30,7327,4837,2116,503,3261,270,635,3570,3488,458,288,0,N\A
5,2003/10/16,7767,5021,2116,401,3192,227,557,3918,3387,2401,298,0,N\A
5,2003/11/01,7647,4651,2116,396,2971,201,615,2883,3711,2402,307,0,N\A
5,2003/11/17,6433,3891,2116,621,2861,293,758,2999,4140,2427,323,0,N\A
5,2003/12/03,5220,3000,2116,801,2551,370,1045,3050,4455,2430,339,0,N\A
5,2003/12/19,3393,1846,2116,1024,2076,530,1671,1844,4684,2371,364,0,N\A
6,2003/01/01,3713,2195,2116,1098,2395,562,2202,1727,4366,2342,14,0,N\A
6,2003/01/17,3711,2125,2116,1059,2309,528,2054,2994,4200,2332,21,0,N\A
6,2003/02/02,3318,1923,2116,1226,2444,529,2377,387,3975,2269,39,0,N\A
6,2003/02/18,3175,1971,2116,1298,2506,663,2705,342,3528,2158,55,0,N\A
6,2003/03/06,3262,1837,2116,1140,2244,542,2198,2948,2882,2178,69,0,N\A
6,2003/03/22,3957,2390,2189,1048,2421,580,2355,4033,2008,2080,92,1,N\A
6,2003/04/07,3266,1966,2189,1202,2368,634,2562,4014,1588,1939,108,1,N\A
6,2003/04/23,2963,1786,2185,1350,2487,624,2304,2957,1578,1819,117,1,N\A
6,2003/05/09,3950,2796,35878,1369,3157,718,1624,5836,2639,-159,141,3,N\A
6,2003/05/25,4151,3928,2062,1465,3545,1213,1998,3522,2223,-203,146,3,N\A
6,2003/06/10,2532,3158,2066,1990,3340,1946,1067,4052,1550,1456,172,3,N\A
6,2003/06/26,3022,2074,2066,1241,2316,908,788,4014,1605,1491,188,3,N\A
6,2003/07/12,4280,3299,35874,839,2095,1015,670,3947,1611,1584,204,3,N\A
6,2003/07/28,4738,2746,34837,939,2630,383,451,2489,2324,-110,217,1,N\A
6,2003/08/13,5842,5220,2066,619,2359,1032,619,4807,1464,1811,227,3,N\A
6,2003/08/29,2115,3513,2066,2638,4054,2641,2412,6382,3118,88,246,3,N\A
6,2003/09/14,6623,3816,34838,477,2348,394,404,3636,2691,219,258,3,N\A
6,2003/09/30,4741,3226,34837,1153,3232,539,1010,1736,2908,2306,286,1,N\A
6,2003/10/16,6663,3916,2185,538,2687,293,805,1131,3577,507,304,1,N\A
6,2003/11/01,7081,4385,2116,500,2927,279,844,2985,3534,2390,309,0,N\A
6,2003/11/17,5303,3628,2116,1028,3350,469,1481,3485,4178,532,322,0,N\A
6,2003/12/03,3798,2176,2116,1070,2381,499,1787,1927,4400,2380,350,0,N\A
6,2003/12/19,3579,2040,2116,1114,2356,510,2001,540,4512,2351,359,0,N\A