site-id,lat,lon,tile-h,tile-v,pixel-col,pixel_row
1,33.9641666667,120.4077778,27,5,2367,1448
2,33.8177777778,120.4769444,28,5,22,1483
3,33.2672222222,120.7738889,28,5,235,1615
4,32.9522222222,120.8955556,28,5,347,1691
5,32.8741666667,120.9105556,28,5,371,1710
6,32.4116666667,121.3525,28,5,587,1821
7,32.2844444444,121.4027778,28,5,632,1851
8,32.0138888889,121.7438889,28,5,774,1916
9,31.8497222222,121.8708333,28,5,845,1956
10,31.6416666667,121.6897222,28,5,864,2005
11,31.5113888889,121.9572222,28,5,953,2037
12,30.3358333333,121.1775,28,5,1100,2319
13,30.3308333333,121.1625,28,5,1098,2320
14,29.1430555556,121.7791667,28,6,1527,205
15,29.1358333333,121.7836111,28,6,1529,207
16,28.6169444444,121.5261111,28,6,1603,331
17,28.6052777778,121.5291667,28,6,1606,334
18,28.6975,121.4438889,28,6,1566,312
19,28.6936111111,121.4594444,28,6,1570,313
20,28.0902777778,121.0058333,28,6,1620,458
21,28.0363888889,121.0025,28,6,1632,471
22,27.9561111111,121.9469444,28,6,1851,490
23,27.8933333333,120.87,28,6,1638,505
24,26.9730555556,120.1933333,28,6,1708,726
25,26.8902777778,120.0713889,28,6,1701,746
26,26.8494444444,119.8483333,28,6,1662,756
27,26.765,119.5841667,28,6,1625,776
28,26.5894444444,119.6138889,28,6,1671,818
29,26.0194444444,119.6725,28,6,1810,955
30,24.8722222222,118.6363889,28,6,1831,1230
31,24.8583333333,118.655,28,6,1838,1234
32,24.4655555556,118.0333333,28,6,1784,1328
33,24.4705555556,117.9386111,28,6,1762,1327
id,Date,500m 16 days NDVI,500m 16 days EVI,500m 16 days VI Quality,500m 16 days red reflectance,500m 16 days NIR reflectance,500m 16 days blue reflectance,500m 16 days MIR reflectance,500m 16 days view zenith angle,500m 16 days sun zenith angle,500m 16 days relative azimuth angle,500m 16 days composite day of the year,500m 16 days pixel reliability,actual_date
1,2010/01/01,2421,1001,1550,2975,5732,4164,0,13,1079,1475,754,643,N\A
1,2010/01/17,581,1336,948,536,5672,4164,0,24,1336,1616,555,938,N\A
1,2010/02/02,2383,759,757,757,4996,36885,1,47,1367,1591,449,978,N\A
1,2010/02/18,521,777,1263,1704,5047,4164,0,49,1158,1493,597,591,N\A
1,2010/03/06,2333,947,870,1945,4104,2116,0,70,1164,1386,457,833,N\A
1,2010/03/22,2288,898,608,747,3198,4164,0,95,1358,1534,393,1135,N\A
1,2010/04/07,333,686,1656,6213,3620,4309,1,103,1267,1770,853,619,N\A
1,2010/04/23,384,702,2993,1748,2743,4164,0,113,1002,1858,1835,828,N\A
1,2010/05/09,2153,940,1450,758,1901,4164,0,143,1167,1563,838,901,N\A
1,2010/05/25,258,899,1793,1713,2079,4164,0,145,1027,1476,912,712,N\A
1,2010/06/10,2004,1000,667,764,1795,5202,3,175,1650,1886,571,1529,N\A
1,2010/06/26,145,482,984,3752,2274,2116,0,179,1246,1518,656,1151,N\A
1,2010/07/12,181,667,1991,501,2140,2116,0,200,1327,1987,1797,1436,N\A
1,2010/07/28,2188,335,4182,2965,2226,4164,0,221,667,1626,2009,493,N\A
1,2010/08/13,309,647,3347,521,2728,2116,0,232,1241,2490,2694,1113,N\A
1,2010/08/29,2347,321,3264,766,3291,4164,0,255,1048,2064,2429,1053,N\A
1,2010/09/14,486,247,5035,483,3639,4164,0,264,743,2250,2698,366,N\A
1,2010/09/30,2400,417,4746,1953,4019,2116,0,278,602,1690,2078,295,N\A
1,2010/10/16,599,959,2083,1695,4527,4164,0,289,1227,1873,1373,997,N\A
1,2010/11/01,628,769,3439,481,5211,4164,0,312,1054,2159,1949,575,N\A
1,2010/11/17,2461,458,3379,1953,5508,4164,0,326,713,1441,1388,348,N\A
1,2010/12/03,603,765,2479,491,5881,4164,0,344,1104,1832,1356,672,N\A
1,2010/12/19,2434,1025,2121,2975,5856,4164,0,365,1168,1797,1189,745,N\A
2,2010/01/01,562,906,260,428,5897,2116,0,8,1440,1517,154,1022,N\A
2,2010/01/17,525,1152,547,447,5656,2116,0,24,1311,1463,316,975,N\A
2,2010/02/02,538,868,332,1650,5502,35874,3,33,1411,1508,204,1083,N\A
2,2010/02/18,505,618,-103,1623,5031,2116,0,49,1273,1247,-46,664,N\A
2,2010/03/06,508,859,-203,400,4132,2116,0,72,1432,1375,-115,1023,N\A
2,2010/03/22,405,915,825,5159,4028,2120,1,85,1306,1541,468,912,N\A
2,2010/04/07,437,597,8,1640,3257,2116,0,97,1170,1172,3,595,N\A
2,2010/04/23,374,527,542,1659,2729,2116,0,113,1273,1419,307,956,N\A
2,2010/05/09,2239,1014,1610,3946,1831,2116,0,132,1284,1777,1098,1102,N\A
2,2010/05/25,240,951,1497,1632,2065,2116,0,145,1286,1739,893,904,N\A
2,2010/06/10,2067,1042,749,3078,1564,2062,3,173,2050,2382,930,2101,N\A
2,2010/06/26,149,480,439,3695,2262,2116,0,179,1532,1673,275,1079,N\A
2,2010/07/12,168,1024,2281,3705,2403,2116,0,195,1394,2218,1705,1134,N\A
2,2010/07/28,2168,272,37,3946,1939,2257,1,212,1316,1326,17,660,N\A
2,2010/08/13,349,761,3180,2762,2938,2185,1,234,964,1863,1598,478,N\A
2,2010/08/29,2313,499,2730,845,3275,2257,1,255,948,1660,1296,482,N\A
2,2010/09/14,2380,495,1578,864,3802,2116,0,271,1294,1779,822,641,N\A
2,2010/09/30,2414,590,1405,2045,4002,2116,0,278,1015,1347,617,533,N\A
2,2010/10/16,2477,880,1514,847,4889,2116,0,303,1165,1581,819,785,N\A
2,2010/11/01,560,617,896,395,5195,2116,0,312,1148,1374,409,597,N\A
2,2010/11/17,2453,696,416,854,5700,2116,0,335,1518,1650,255,1048,N\A
2,2010/12/03,2463,1090,750,2036,5774,4164,0,342,1441,1675,450,977,N\A
2,2010/12/19,587,922,310,2759,6050,4168,0,362,1375,1463,161,815,N\A
3,2010/01/01,-4000,-1000,-3000,-10000,-10000,51199,-1,-1,-1000,-1000,-3000,-1000,N\A
3,2010/01/17,-4000,-1000,-3000,-10000,-10000,51199,-1,-1,-1000,-1000,-3000,-1000,N\A
3,2010/02/02,-4000,-1000,-3000,-10000,-10000,51199,-1,-1,-1000,-1000,-3000,-1000,N\A
3,2010/02/18,-4000,-1000,-3000,-10000,-10000,51199,-1,-1,-1000,-1000,-3000,-1000,N\A
3,2010/03/06,-4000,-1000,-3000,-10000,-10000,51199,-1,-1,-1000,-1000,-3000,-1000,N\A
3,2010/03/22,-4000,-1000,-3000,-10000,-10000,51199,-1,-1,-1000,-1000,-3000,-1000,N\A
3,2010/04/07,-4000,-1000,-3000,-10000,-10000,51199,-1,-1,-1000,-1000,-3000,-1000,N\A
3,2010/04/23,-4000,-1000,-3000,-10000,-10000,51199,-1,-1,-1000,-1000,-3000,-1000,N\A
3,2010/05/09,-4000,-1000,-3000,-10000,-10000,51199,-1,-1,-1000,-1000,-3000,-1000,N\A
3,2010/05/25,-4000,-1000,-3000,-10000,-10000,51199,-1,-1,-1000,-1000,-3000,-1000,N\A
3,2010/06/10,-4000,-1000,-3000,-10000,-10000,51199,-1,-1,-1000,-1000,-3000,-1000,N\A
3,2010/06/26,-4000,-1000,-3000,-10000,-10000,51199,-1,-1,-1000,-1000,-3000,-1000,N\A
3,2010/07/12,-4000,-1000,-3000,-10000,-10000,51199,-1,-1,-1000,-1000,-3000,-1000,N\A
3,2010/07/28,-4000,-1000,-3000,-10000,-10000,51199,-1,-1,-1000,-1000,-3000,-1000,N\A
3,2010/08/13,-4000,-1000,-3000,-10000,-10000,51199,-1,-1,-1000,-1000,-3000,-1000,N\A
3,2010/08/29,-4000,-1000,-3000,-10000,-10000,51199,-1,-1,-1000,-1000,-3000,-1000,N\A
3,2010/09/14,-4000,-1000,-3000,-10000,-10000,51199,-1,-1,-1000,-1000,-3000,-1000,N\A
3,2010/09/30,-4000,-1000,-3000,-10000,-10000,51199,-1,-1,-1000,-1000,-3000,-1000,N\A
3,2010/10/16,-4000,-1000,-3000,-10000,-10000,51199,-1,-1,-1000,-1000,-3000,-1000,N\A
3,2010/11/01,-4000,-1000,-3000,-10000,-10000,51199,-1,-1,-1000,-1000,-3000,-1000,N\A
3,2010/11/17,-4000,-1000,-3000,-10000,-10000,51199,-1,-1,-1000,-1000,-3000,-1000,N\A
3,2010/12/03,-4000,-1000,-3000,-10000,-10000,51199,-1,-1,-1000,-1000,-3000,-1000,N\A
3,2010/12/19,-4000,-1000,-3000,-10000,-10000,51199,-1,-1,-1000,-1000,-3000,-1000,N\A
4,2010/01/01,2414,918,2107,3480,5621,2116,0,13,899,1379,933,523,N\A
4,2010/01/17,2397,901,924,3481,5310,2116,0,29,1380,1661,626,1163,N\A
4,2010/02/02,2361,1031,848,1381,4884,2062,3,47,1651,1957,678,1411,N\A
4,2010/02/18,494,1336,1406,3331,5002,2116,0,51,1216,1614,763,783,N\A
4,2010/03/06,2366,1309,1098,133,4038,2116,0,72,1203,1500,606,863,N\A
4,2010/03/22,2273,1351,1197,1371,3088,2116,0,95,1319,1678,792,1102,N\A
4,2010/04/07,427,1566,1887,1141,3165,2116,0,97,984,1442,843,502,N\A
4,2010/04/23,327,1548,1713,3364,2767,2116,0,115,1192,1685,954,789,N\A
4,2010/05/09,2239,1031,2197,4999,1524,2120,1,139,1069,1671,1350,926,N\A
4,2010/05/25,2094,1097,2721,2519,1627,2116,0,150,892,1559,1338,594,N\A
4,2010/06/10,2254,1058,717,6433,1070,3102,3,176,1696,1958,1500,2369,N\A
4,2010/06/26,125,1028,4747,3331,2193,2185,1,179,810,2274,2607,413,N\A
4,2010/07/12,184,793,5539,2316,2297,3294,3,202,693,2414,3135,380,N\A
4,2010/07/28,204,683,5474,3355,2533,2257,1,211,705,2411,3095,382,N\A
4,2010/08/13,2356,573,5375,111,2622,2185,1,232,551,1832,2442,270,N\A
4,2010/08/29,2507,456,6423,146,3037,2116,0,248,470,2158,3207,243,N\A
4,2010/09/14,2396,371,5847,142,3528,2116,0,264,538,2053,2852,267,N\A
4,2010/09/30,2403,383,5636,2531,3908,2116,0,278,602,2157,3086,423,N\A
4,2010/10/16,570,602,5435,1115,4416,2257,1,289,600,2029,2680,307,N\A
4,2010/11/01,2398,632,4449,142,5101,2116,0,312,774,2015,2257,389,N\A
4,2010/11/17,2482,512,2941,4333,5306,2120,0,324,1010,1852,1841,864,N\A
4,2010/12/03,641,751,2244,1124,5711,2116,0,337,862,1361,932,420,N\A
4,2010/12/19,583,992,2432,2326,5955,2116,0,362,1086,1784,1328,689,N\A
5,2010/01/01,606,1233,1587,1114,5887,2116,0,1,1227,1690,936,892,N\A
5,2010/01/17,2319,1089,1223,114,5554,2116,0,24,1320,1688,733,942,N\A
5,2010/02/02,2420,1603,864,6445,4560,2066,3,48,2271,2701,1478,2541,N\A
5,2010/02/18,2372,1164,1622,4343,4559,2120,0,52,1102,1529,963,942,N\A
5,2010/03/06,442,1527,2103,4914,4518,2120,1,69,1156,1772,1179,754,N\A
5,2010/03/22,401,1453,2602,4914,3931,2120,1,85,1215,2070,1720,925,N\A
5,2010/04/07,417,1373,1798,1114,3158,2116,0,97,1067,1535,825,502,N\A
5,2010/04/23,337,1427,2062,3354,2762,2116,0,115,1118,1699,1075,654,N\A
5,2010/05/09,267,1537,2501,3336,2393,2116,0,131,1193,1989,1597,892,N\A
5,2010/05/25,2082,1281,3333,2540,1621,2116,0,150,929,1858,1729,534,N\A
5,2010/06/10,2094,1352,775,4343,1361,2066,3,164,2943,3438,1885,3271,N\A
5,2010/06/26,135,1486,2546,2280,2122,2116,0,186,1458,2454,2443,1468,N\A
5,2010/07/12,2047,598,5597,2531,1803,36070,3,198,466,1651,2293,204,N\A
5,2010/07/28,2161,675,5526,4323,1842,2261,1,212,512,1777,2498,292,N\A
5,2010/08/13,2390,984,5010,143,2616,2116,0,232,690,2076,2557,356,N\A
5,2010/08/29,2183,844,4550,152,3030,2116,0,248,760,2029,2318,387,N\A
5,2010/09/14,2415,755,4410,171,3520,2116,0,264,780,2011,2225,382,N\A
5,2010/09/30,2405,808,4371,2549,3900,2185,1,278,721,1841,2073,355,N\A
5,2010/10/16,2465,781,5679,3528,4664,2257,1,301,483,1753,2459,232,N\A
5,2010/11/01,2435,942,3206,168,5093,2116,0,312,839,1631,1496,458,N\A
5,2010/11/17,615,1088,2956,2271,5615,2185,1,330,1121,2062,1595,539,N\A
5,2010/12/03,632,1187,2881,1096,5703,2116,0,337,940,1701,1380,475,N\A
5,2010/12/19,2438,1265,2740,3499,5739,2185,1,365,894,1569,1251,460,N\A
6,2010/01/01,559,1272,2161,3923,5902,2185,1,12,963,1494,976,491,N\A
6,2010/01/17,2423,1119,1032,586,5495,2116,0,24,1107,1362,587,953,N\A
6,2010/02/02,498,964,1103,3909,5225,2185,1,44,1189,1484,670,1016,N\A
6,2010/02/18,493,1302,2165,2963,4934,2185,1,51,968,1503,976,482,N\A
6,2010/03/06,436,1290,2021,3905,4116,2116,0,76,1097,1653,1121,779,N\A
6,2010/03/22,388,1112,1892,3904,3529,2116,0,92,1197,1756,1160,919,N\A
6,2010/04/07,443,996,3051,662,3097,2116,0,97,772,1450,1304,412,N\A
6,2010/04/23,328,925,3212,3009,2702,2116,0,115,881,1715,1677,610,N\A
6,2010/05/09,2234,1142,2809,4608,1671,2120,1,132,984,1753,1801,931,N\A
6,2010/05/25,201,988,4527,654,1921,2116,0,145,785,2084,2520,521,N\A
6,2010/06/10,76,1231,2196,6296,2742,35878,3,176,1304,2038,2105,1486,N\A
6,2010/06/26,2108,1116,3874,5256,1318,3298,3,187,895,2027,2190,942,N\A
6,2010/07/12,2226,901,4656,6212,1348,3298,3,201,622,1706,2554,644,N\A
6,2010/07/28,2183,603,6638,3831,2051,2185,1,221,395,1955,2981,166,N\A
6,2010/08/13,2195,953,5378,602,2555,2185,1,232,653,2173,2741,297,N\A
6,2010/08/29,2366,927,6069,5776,2439,2261,1,242,508,2077,3034,293,N\A
6,2010/09/14,2328,611,6038,638,3461,2116,0,264,447,1810,2650,218,N\A
6,2010/09/30,499,760,5982,628,3814,2185,1,273,502,1997,2852,254,N\A
6,2010/10/16,2442,799,4805,1844,4732,2116,0,303,540,1539,1965,276,N\A
6,2010/11/01,2456,1037,3547,639,5037,2116,0,312,765,1606,1587,394,N\A
6,2010/11/17,625,1219,2722,1859,5558,2116,0,330,894,1563,1245,467,N\A
6,2010/12/03,585,1026,2299,637,5646,2116,0,337,827,1321,989,507,N\A
6,2010/12/19,586,1595,1793,1896,5890,2185,1,362,1158,1664,894,595,N\A
7,2010/01/01,588,1101,1333,2925,5904,2116,0,3,1092,1428,691,778,N\A
7,2010/01/17,526,871,963,610,5658,2116,0,17,919,1115,418,657,N\A
7,2010/02/02,495,1341,1085,3866,5212,2061,1,44,1154,1435,557,768,N\A
7,2010/02/18,504,1021,981,572,4855,2116,0,49,864,1052,382,527,N\A
7,2010/03/06,2327,1006,739,2994,3913,2116,0,70,883,1024,320,709,N\A
7,2010/03/22,399,1328,1128,4644,3857,2120,1,85,1046,1312,590,844,N\A
7,2010/04/07,382,1152,1173,582,3083,2116,0,97,850,1076,456,505,N\A
7,2010/04/23,2164,1193,2105,1889,2010,2116,0,127,746,1144,814,454,N\A
7,2010/05/09,258,1284,1831,2934,2323,2185,1,131,845,1224,722,425,N\A
7,2010/05/25,221,1068,2338,581,1910,2116,0,145,788,1269,924,398,N\A
7,2010/06/10,1993,938,384,1927,1631,2062,3,175,2915,3148,748,3048,N\A
7,2010/06/26,102,1143,3015,5293,2583,34841,1,190,1405,2618,2877,1401,N\A
7,2010/07/12,136,691,5640,2916,2263,4305,1,195,641,2300,3037,332,N\A
7,2010/07/28,238,649,6197,3894,2713,2185,1,220,654,2786,3754,335,N\A
7,2010/08/13,253,491,4917,620,2486,2257,1,225,663,1946,2435,367,N\A
7,2010/08/29,436,656,6020,1813,3166,2116,0,250,665,2677,3607,363,N\A
7,2010/09/14,2322,609,6111,710,3447,2116,0,264,572,2370,3293,287,N\A
7,2010/09/30,511,443,5618,555,3800,2116,0,273,567,2021,2740,288,N\A
7,2010/10/16,595,523,4420,563,4337,2257,1,289,727,1879,2116,351,N\A
7,2010/11/01,2467,526,4630,3003,4904,2257,1,310,657,1790,2147,339,N\A
7,2010/11/17,634,858,3606,1795,5544,2116,0,330,896,1907,1813,446,N\A
7,2010/12/03,597,906,3224,564,5633,2116,0,337,872,1702,1524,443,N\A
7,2010/12/19,2416,925,746,683,5789,2116,0,360,1431,1662,552,1306,N\A
8,2010/01/01,2419,588,269,4119,5510,4168,0,13,1010,1066,125,796,N\A
8,2010/01/17,560,391,515,1532,5510,4164,0,26,579,642,142,409,N\A
8,2010/02/02,2342,3547,220,2219,4768,4110,3,47,5454,5700,673,5239,N\A
8,2010/02/18,490,930,1651,2639,4882,4164,0,51,1006,1404,805,679,N\A
8,2010/03/06,439,1001,1608,4456,4403,4168,0,69,1098,1519,869,800,N\A
8,2010/03/22,2279,972,1131,1036,3301,4164,0,88,1195,1500,585,753,N\A
8,2010/04/07,408,1129,1976,246,3044,4164,0,97,1039,1551,957,589,N\A
8,2010/04/23,281,953,1842,4486,2801,4168,0,117,1235,1793,1095,863,N\A
8,2010/05/09,248,722,750,2666,2283,4164,0,131,1036,1204,348,716,N\A
8,2010/05/25,2081,754,1228,3265,1509,4164,0,150,957,1225,573,705,N\A
8,2010/06/10,126,1933,305,1486,1923,4110,3,170,2823,3001,419,2577,N\A
8,2010/06/26,113,869,3000,3638,2282,4305,1,188,903,1677,1375,404,N\A
8,2010/07/12,2155,620,4148,5443,1481,2261,1,203,586,1417,1661,324,N\A
8,2010/07/28,230,662,3079,3666,2673,4164,0,220,882,1667,1531,553,N\A
8,2010/08/13,351,591,2362,1522,2730,36885,1,234,829,1342,1115,643,N\A
8,2010/08/29,421,64,-708,1495,3126,4233,1,250,899,780,-214,309,N\A
8,2010/09/14,2350,378,1598,1045,3410,4164,0,264,828,1143,647,527,N\A
8,2010/09/30,2416,356,1740,3274,3795,4164,0,278,676,961,679,605,N\A
8,2010/10/16,461,417,1871,226,4301,4305,1,289,593,866,565,315,N\A
8,2010/11/01,2472,603,651,4138,5047,4168,0,317,1219,1389,433,1187,N\A
8,2010/11/17,615,510,1449,1477,5510,4164,0,330,817,1094,559,481,N\A
8,2010/12/03,2451,558,834,1045,5659,4164,0,344,961,1136,381,724,N\A
8,2010/12/19,2435,577,861,4119,5637,4168,0,365,960,1141,385,687,N\A
9,2010/01/01,573,596,87,2537,5848,2116,0,3,1076,1095,42,858,N\A
9,2010/01/17,355,1034,662,140,5602,2116,0,17,1000,1142,291,660,N\A
9,2010/02/02,2394,2334,127,4922,4952,2066,3,36,6728,6902,1088,7103,N\A
9,2010/02/18,500,1200,718,2526,4861,2116,0,51,1047,1209,328,686,N\A
9,2010/03/06,430,1022,793,3534,4042,2116,0,76,1120,1313,400,799,N\A
9,2010/03/22,2295,1033,680,1182,3281,2116,0,88,1212,1389,347,791,N\A
9,2010/04/07,194,1136,1169,111,3023,2116,0,97,1019,1289,501,525,N\A
9,2010/04/23,2166,1077,2426,2328,1949,2116,0,127,832,1365,1006,416,N\A
9,2010/05/09,258,722,320,2546,2264,2185,1,131,982,1047,121,482,N\A
9,2010/05/25,2080,884,1765,3372,1489,2116,0,150,1038,1483,906,725,N\A
9,2010/06/10,107,842,2781,1350,1906,2257,1,170,916,1622,1419,625,N\A
9,2010/06/26,106,805,3127,3534,2264,2257,1,188,989,1889,1808,718,N\A
9,2010/07/12,2153,372,2233,5507,1461,2189,1,203,857,1350,926,425,N\A
9,2010/07/28,232,403,2443,3567,2654,2116,0,220,991,1632,1156,496,N\A
9,2010/08/13,99,489,4587,148,2426,2257,1,225,679,1830,2204,380,N\A
9,2010/08/29,2269,311,3078,1172,2897,2116,0,248,705,1332,1227,372,N\A
9,2010/09/14,2322,408,1741,1190,3390,2116,0,264,844,1200,674,408,N\A
9,2010/09/30,359,455,4647,79,3743,2116,0,273,539,1475,1861,285,N\A
9,2010/10/16,606,604,2656,75,4281,2257,1,289,774,1334,1073,392,N\A
9,2010/11/01,610,735,1407,1350,5103,2116,0,314,1059,1406,720,762,N\A
9,2010/11/17,610,645,1711,1343,5490,2116,0,330,840,1187,671,442,N\A
9,2010/12/03,613,550,1108,2518,5693,2116,0,339,975,1218,481,594,N\A
9,2010/12/19,597,788,955,1386,5820,2116,0,362,985,1193,427,660,N\A
10,2010/01/01,582,932,3306,2629,5834,4233,1,3,1076,2139,1854,569,N\A
10,2010/01/17,557,939,3501,229,5588,4233,1,17,967,2009,1735,373,N\A
10,2010/02/02,495,1109,2012,3619,5142,4305,1,44,1175,1767,1010,556,N\A
10,2010/02/18,490,1414,2750,2611,4852,4233,1,51,1112,1956,1387,456,N\A
10,2010/03/06,433,1113,1961,3609,4035,4233,1,76,1115,1659,944,527,N\A
10,2010/03/22,2271,984,2625,1081,3271,4305,1,88,715,1224,915,216,N\A
10,2010/04/07,426,957,1615,201,3016,4164,0,97,1209,1675,821,633,N\A
10,2010/04/23,2159,1163,2776,2246,1944,4164,0,127,1025,1813,1415,540,N\A
10,2010/05/09,130,697,5085,6178,2697,4309,1,144,816,2505,3166,542,N\A
10,2010/05/25,70,739,6149,208,1852,4164,0,145,591,2479,3568,373,N\A
10,2010/06/10,119,543,5559,1449,1911,4305,1,170,799,2800,3572,479,N\A
10,2010/06/26,105,768,4876,3619,2272,4305,1,188,1211,3516,4100,897,N\A
10,2010/07/12,146,759,4398,3628,2434,4164,0,204,978,2514,2601,483,N\A
10,2010/07/28,2173,500,7627,4148,1971,4237,1,221,450,3344,4987,205,N\A
10,2010/08/13,2193,718,6655,1055,2477,4164,0,232,730,3635,4908,429,N\A
10,2010/08/29,400,772,4689,3619,3320,4233,1,252,1125,3112,3351,672,N\A
10,2010/09/14,2342,601,4948,1090,3378,4164,0,264,806,2385,2808,422,N\A
10,2010/09/30,502,645,4700,4437,4115,4168,0,277,835,2316,2591,405,N\A
10,2010/10/16,454,588,6015,180,4267,4305,1,289,582,2339,3190,275,N\A
10,2010/11/01,627,696,5075,1450,5088,4233,1,314,812,2486,2954,426,N\A
10,2010/11/17,617,431,2870,1441,5475,4164,0,330,940,1697,1352,446,N\A
10,2010/12/03,666,395,2535,184,5564,4164,0,337,886,1488,1110,433,N\A
10,2010/12/19,579,974,3866,1478,5806,4233,1,362,1012,2288,2176,494,N\A
11,2010/01/01,2958,1063,2267,74,5726,4164,0,1,953,1512,1105,612,N\A
11,2010/01/17,-4000,-1000,-3000,-10000,-10000,51199,-1,-1,-1000,-1000,-3000,-1000,N\A
11,2010/02/02,2341,787,1785,1308,4987,4164,0,40,821,1178,801,663,N\A
11,2010/02/18,493,1164,2020,2408,4828,4164,0,51,1003,1511,984,618,N\A
11,2010/03/06,429,1189,1917,3435,4010,4164,0,76,1016,1498,938,633,N\A
11,2010/03/22,-4000,-1000,-3000,-10000,-10000,51199,-1,-1,-1000,-1000,-3000,-1000,N\A
11,2010/04/07,-4000,-1000,-3000,-10000,-10000,51199,-1,-1,-1000,-1000,-3000,-1000,N\A
11,2010/04/23,-4000,-1000,-3000,-10000,-10000,51199,-1,-1,-1000,-1000,-3000,-1000,N\A
11,2010/05/09,-4000,-1000,-3000,-10000,-10000,51199,-1,-1,-1000,-1000,-3000,-1000,N\A
11,2010/05/25,-4000,-1000,-3000,-10000,-10000,51199,-1,-1,-1000,-1000,-3000,-1000,N\A
11,2010/06/10,118,798,3754,1214,1885,4164,0,170,993,2187,2753,974,N\A
11,2010/06/26,-4000,-1000,-3000,-10000,-10000,51199,-1,-1,-1000,-1000,-3000,-1000,N\A
11,2010/07/12,2014,891,5485,1317,1890,4164,0,200,761,2610,3646,600,N\A
11,2010/07/28,-4000,-1000,-3000,-10000,-10000,51199,-1,-1,-1000,-1000,-3000,-1000,N\A
11,2010/08/13,2189,592,6474,1299,2451,4164,0,232,537,2509,3693,318,N\A
11,2010/08/29,403,701,6751,3439,3295,4164,0,252,634,3269,4547,345,N\A
11,2010/09/14,-4000,-1000,-3000,-10000,-10000,51199,-1,-1,-1000,-1000,-3000,-1000,N\A
11,2010/09/30,2192,680,6416,72,3709,4164,0,273,523,2396,3472,273,N\A
11,2010/10/16,-4000,-1000,-3000,-10000,-10000,51199,-1,-1,-1000,-1000,-3000,-1000,N\A
11,2010/11/01,-4000,-1000,-3000,-10000,-10000,51199,-1,-1,-1000,-1000,-3000,-1000,N\A
11,2010/11/17,621,1036,3909,1214,5455,4164,0,330,839,1916,1901,372,N\A
11,2010/12/03,-4000,-1000,-3000,-10000,-10000,51199,-1,-1,-1000,-1000,-3000,-1000,N\A
11,2010/12/19,-4000,-1000,-3000,-10000,-10000,51199,-1,-1,-1000,-1000,-3000,-1000,N\A
12,2010/01/01,556,1013,694,3780,5719,4164,0,12,1239,1424,411,1017,N\A
12,2010/01/17,-4000,-1000,-3000,-10000,-10000,51199,-1,-1,-1000,-1000,-3000,-1000,N\A
12,2010/02/02,493,703,-402,3761,5053,4164,0,44,1138,1050,-195,882,N\A
12,2010/02/18,479,818,-92,2768,4763,4164,0,51,981,963,-39,716,N\A
12,2010/03/06,423,896,-237,4574,4301,4168,1,69,1249,1191,-126,967,N\A
12,2010/03/22,-4000,-1000,-3000,-10000,-10000,51199,-1,-1,-1000,-1000,-3000,-1000,N\A
12,2010/04/07,-4000,-1000,-3000,-10000,-10000,51199,-1,-1,-1000,-1000,-3000,-1000,N\A
12,2010/04/23,-4000,-1000,-3000,-10000,-10000,51199,-1,-1,-1000,-1000,-3000,-1000,N\A
12,2010/05/09,-4000,-1000,-3000,-10000,-10000,51199,-1,-1,-1000,-1000,-3000,-1000,N\A
12,2010/05/25,-4000,-1000,-3000,-10000,-10000,51199,-1,-1,-1000,-1000,-3000,-1000,N\A
12,2010/06/10,-4000,-1000,-3000,-10000,-10000,51199,-1,-1,-1000,-1000,-3000,-1000,N\A
12,2010/06/26,-4000,-1000,-3000,-10000,-10000,51199,-1,-1,-1000,-1000,-3000,-1000,N\A
12,2010/07/12,-4000,-1000,-3000,-10000,-10000,51199,-1,-1,-1000,-1000,-3000,-1000,N\A
12,2010/07/28,215,835,1440,364,2118,4164,0,209,1295,1731,1093,1271,N\A
12,2010/08/13,293,773,3114,3776,2895,4233,1,236,840,1600,1387,393,N\A
12,2010/08/29,402,596,1954,1622,3020,4164,0,250,955,1419,966,687,N\A
12,2010/09/14,2329,852,3234,973,3279,4164,0,264,799,1563,1495,478,N\A
12,2010/09/30,-4000,-1000,-3000,-10000,-10000,51199,-1,-1,-1000,-1000,-3000,-1000,N\A
12,2010/10/16,-4000,-1000,-3000,-10000,-10000,51199,-1,-1,-1000,-1000,-3000,-1000,N\A
12,2010/11/01,-4000,-1000,-3000,-10000,-10000,51199,-1,-1,-1000,-1000,-3000,-1000,N\A
12,2010/11/17,-4000,-1000,-3000,-10000,-10000,51199,-1,-1,-1000,-1000,-3000,-1000,N\A
12,2010/12/03,662,730,997,337,5450,4164,0,337,975,1191,434,614,N\A
12,2010/12/19,-4000,-1000,-3000,-10000,-10000,51199,-1,-1,-1000,-1000,-3000,-1000,N\A
13,2010/01/01,515,746,956,368,5636,4164,0,1,974,1180,466,799,N\A
13,2010/01/17,572,652,15,391,5482,4164,0,17,975,978,6,788,N\A
13,2010/02/02,2359,698,637,934,4906,4233,1,40,888,1009,239,491,N\A
13,2010/02/18,481,610,-365,2777,4763,4233,1,51,908,844,-124,465,N\A
13,2010/03/06,-4000,-1000,-3000,-10000,-10000,51199,-1,-1,-1000,-1000,-3000,-1000,N\A
13,2010/03/22,2250,972,1173,945,3184,4164,0,88,1079,1366,583,740,N\A
13,2010/04/07,419,763,745,364,2938,4164,0,97,987,1146,314,591,N\A
13,2010/04/23,294,726,1456,2813,2573,4164,0,115,953,1278,656,615,N\A
13,2010/05/09,210,790,2524,2805,2229,4305,1,131,878,1471,1098,433,N\A
13,2010/05/25,68,709,2488,5251,2395,4168,1,158,1055,1754,1508,867,N\A
13,2010/06/10,80,579,1696,1622,1906,5342,3,170,920,1296,725,515,N\A
13,2010/06/26,72,376,1097,3761,2271,37081,1,188,1034,1289,554,799,N\A
13,2010/07/12,1977,975,2638,937,1889,4164,0,200,1073,1842,1545,779,N\A
13,2010/07/28,89,589,1120,378,2118,4164,0,209,1208,1513,745,1138,N\A
13,2010/08/13,-4000,-1000,-3000,-10000,-10000,51199,-1,-1,-1000,-1000,-3000,-1000,N\A
13,2010/08/29,-4000,-1000,-3000,-10000,-10000,51199,-1,-1,-1000,-1000,-3000,-1000,N\A
13,2010/09/14,494,625,4136,355,3134,4164,0,257,733,1767,2053,477,N\A
13,2010/09/30,539,606,2889,1613,3983,4164,0,282,833,1510,1539,735,N\A
13,2010/10/16,-4000,-1000,-3000,-10000,-10000,51199,-1,-1,-1000,-1000,-3000,-1000,N\A
13,2010/11/01,2429,649,1444,954,4839,4164,0,312,1010,1351,831,954,N\A
13,2010/11/17,2465,759,2094,3245,5134,4305,1,326,851,1302,820,356,N\A
13,2010/12/03,-4000,-1000,-3000,-10000,-10000,51199,-1,-1,-1000,-1000,-3000,-1000,N\A
13,2010/12/19,-4000,-1000,-3000,-10000,-10000,51199,-1,-1,-1000,-1000,-3000,-1000,N\A
14,2010/01/01,-4000,-1000,-3000,-10000,-10000,51199,-1,-1,-1000,-1000,-3000,-1000,N\A
14,2010/01/17,-4000,-1000,-3000,-10000,-10000,51199,-1,-1,-1000,-1000,-3000,-1000,N\A
14,2010/02/02,-4000,-1000,-3000,-10000,-10000,51199,-1,-1,-1000,-1000,-3000,-1000,N\A
14,2010/02/18,-4000,-1000,-3000,-10000,-10000,51199,-1,-1,-1000,-1000,-3000,-1000,N\A
14,2010/03/06,-4000,-1000,-3000,-10000,-10000,51199,-1,-1,-1000,-1000,-3000,-1000,N\A
14,2010/03/22,-4000,-1000,-3000,-10000,-10000,51199,-1,-1,-1000,-1000,-3000,-1000,N\A
14,2010/04/07,-4000,-1000,-3000,-10000,-10000,51199,-1,-1,-1000,-1000,-3000,-1000,N\A
14,2010/04/23,-4000,-1000,-3000,-10000,-10000,51199,-1,-1,-1000,-1000,-3000,-1000,N\A
14,2010/05/09,-4000,-1000,-3000,-10000,-10000,51199,-1,-1,-1000,-1000,-3000,-1000,N\A
14,2010/05/25,-4000,-1000,-3000,-10000,-10000,51199,-1,-1,-1000,-1000,-3000,-1000,N\A
14,2010/06/10,-4000,-1000,-3000,-10000,-10000,51199,-1,-1,-1000,-1000,-3000,-1000,N\A
14,2010/06/26,-4000,-1000,-3000,-10000,-10000,51199,-1,-1,-1000,-1000,-3000,-1000,N\A
14,2010/07/12,-4000,-1000,-3000,-10000,-10000,51199,-1,-1,-1000,-1000,-3000,-1000,N\A
14,2010/07/28,-4000,-1000,-3000,-10000,-10000,51199,-1,-1,-1000,-1000,-3000,-1000,N\A
14,2010/08/13,-4000,-1000,-3000,-10000,-10000,51199,-1,-1,-1000,-1000,-3000,-1000,N\A
14,2010/08/29,-4000,-1000,-3000,-10000,-10000,51199,-1,-1,-1000,-1000,-3000,-1000,N\A
14,2010/09/14,-4000,-1000,-3000,-10000,-10000,51199,-1,-1,-1000,-1000,-3000,-1000,N\A
14,2010/09/30,-4000,-1000,-3000,-10000,-10000,51199,-1,-1,-1000,-1000,-3000,-1000,N\A
14,2010/10/16,-4000,-1000,-3000,-10000,-10000,51199,-1,-1,-1000,-1000,-3000,-1000,N\A
14,2010/11/01,-4000,-1000,-3000,-10000,-10000,51199,-1,-1,-1000,-1000,-3000,-1000,N\A
14,2010/11/17,-4000,-1000,-3000,-10000,-10000,51199,-1,-1,-1000,-1000,-3000,-1000,N\A
14,2010/12/03,-4000,-1000,-3000,-10000,-10000,51199,-1,-1,-1000,-1000,-3000,-1000,N\A
14,2010/12/19,-4000,-1000,-3000,-10000,-10000,51199,-1,-1,-1000,-1000,-3000,-1000,N\A
15,2010/01/01,-4000,-1000,-3000,-10000,-10000,51199,-1,-1,-1000,-1000,-3000,-1000,N\A
15,2010/01/17,-4000,-1000,-3000,-10000,-10000,51199,-1,-1,-1000,-1000,-3000,-1000,N\A
15,2010/02/02,-4000,-1000,-3000,-10000,-10000,51199,-1,-1,-1000,-1000,-3000,-1000,N\A
15,2010/02/18,-4000,-1000,-3000,-10000,-10000,51199,-1,-1,-1000,-1000,-3000,-1000,N\A
15,2010/03/06,-4000,-1000,-3000,-10000,-10000,51199,-1,-1,-1000,-1000,-3000,-1000,N\A
15,2010/03/22,-4000,-1000,-3000,-10000,-10000,51199,-1,-1,-1000,-1000,-3000,-1000,N\A
15,2010/04/07,-4000,-1000,-3000,-10000,-10000,51199,-1,-1,-1000,-1000,-3000,-1000,N\A
15,2010/04/23,-4000,-1000,-3000,-10000,-10000,51199,-1,-1,-1000,-1000,-3000,-1000,N\A
15,2010/05/09,-4000,-1000,-3000,-10000,-10000,51199,-1,-1,-1000,-1000,-3000,-1000,N\A
15,2010/05/25,-4000,-1000,-3000,-10000,-10000,51199,-1,-1,-1000,-1000,-3000,-1000,N\A
15,2010/06/10,-4000,-1000,-3000,-10000,-10000,51199,-1,-1,-1000,-1000,-3000,-1000,N\A
15,2010/06/26,-4000,-1000,-3000,-10000,-10000,51199,-1,-1,-1000,-1000,-3000,-1000,N\A
15,2010/07/12,-4000,-1000,-3000,-10000,-10000,51199,-1,-1,-1000,-1000,-3000,-1000,N\A
15,2010/07/28,-4000,-1000,-3000,-10000,-10000,51199,-1,-1,-1000,-1000,-3000,-1000,N\A
15,2010/08/13,-4000,-1000,-3000,-10000,-10000,51199,-1,-1,-1000,-1000,-3000,-1000,N\A
15,2010/08/29,-4000,-1000,-3000,-10000,-10000,51199,-1,-1,-1000,-1000,-3000,-1000,N\A
15,2010/09/14,-4000,-1000,-3000,-10000,-10000,51199,-1,-1,-1000,-1000,-3000,-1000,N\A
15,2010/09/30,-4000,-1000,-3000,-10000,-10000,51199,-1,-1,-1000,-1000,-3000,-1000,N\A
15,2010/10/16,-4000,-1000,-3000,-10000,-10000,51199,-1,-1,-1000,-1000,-3000,-1000,N\A
15,2010/11/01,-4000,-1000,-3000,-10000,-10000,51199,-1,-1,-1000,-1000,-3000,-1000,N\A
15,2010/11/17,-4000,-1000,-3000,-10000,-10000,51199,-1,-1,-1000,-1000,-3000,-1000,N\A
15,2010/12/03,-4000,-1000,-3000,-10000,-10000,51199,-1,-1,-1000,-1000,-3000,-1000,N\A
15,2010/12/19,-4000,-1000,-3000,-10000,-10000,51199,-1,-1,-1000,-1000,-3000,-1000,N\A
16,2010/01/01,-4000,-1000,-3000,-10000,-10000,51199,-1,-1,-1000,-1000,-3000,-1000,N\A
16,2010/01/17,2362,861,3316,304,5308,4305,1,17,790,1574,1316,190,N\A
16,2010/02/02,-4000,-1000,-3000,-10000,-10000,51199,-1,-1,-1000,-1000,-3000,-1000,N\A
16,2010/02/18,-4000,-1000,-3000,-10000,-10000,51199,-1,-1,-1000,-1000,-3000,-1000,N\A
16,2010/03/06,-4000,-1000,-3000,-10000,-10000,51199,-1,-1,-1000,-1000,-3000,-1000,N\A
16,2010/03/22,-4000,-1000,-3000,-10000,-10000,51199,-1,-1,-1000,-1000,-3000,-1000,N\A
16,2010/04/07,-4000,-1000,-3000,-10000,-10000,51199,-1,-1,-1000,-1000,-3000,-1000,N\A
16,2010/04/23,2112,972,2042,1589,1995,4305,1,120,1165,1763,1047,598,N\A
16,2010/05/09,-4000,-1000,-3000,-10000,-10000,51199,-1,-1,-1000,-1000,-3000,-1000,N\A
16,2010/05/25,1973,519,5118,3774,1316,4305,1,150,709,2196,2549,249,N\A
16,2010/06/10,-4000,-1000,-3000,-10000,-10000,51199,-1,-1,-1000,-1000,-3000,-1000,N\A
16,2010/06/26,38,845,5738,987,1916,36886,3,186,1088,4018,4849,970,N\A
16,2010/07/12,-4000,-1000,-3000,-10000,-10000,51199,-1,-1,-1000,-1000,-3000,-1000,N\A
16,2010/07/28,-4000,-1000,-3000,-10000,-10000,51199,-1,-1,-1000,-1000,-3000,-1000,N\A
16,2010/08/13,-4000,-1000,-3000,-10000,-10000,51199,-1,-1,-1000,-1000,-3000,-1000,N\A
16,2010/08/29,-4000,-1000,-3000,-10000,-10000,51199,-1,-1,-1000,-1000,-3000,-1000,N\A
16,2010/09/14,-4000,-1000,-3000,-10000,-10000,51199,-1,-1,-1000,-1000,-3000,-1000,N\A
16,2010/09/30,-4000,-1000,-3000,-10000,-10000,51199,-1,-1,-1000,-1000,-3000,-1000,N\A
16,2010/10/16,-4000,-1000,-3000,-10000,-10000,51199,-1,-1,-1000,-1000,-3000,-1000,N\A
16,2010/11/01,-4000,-1000,-3000,-10000,-10000,51199,-1,-1,-1000,-1000,-3000,-1000,N\A
16,2010/11/17,-4000,-1000,-3000,-10000,-10000,51199,-1,-1,-1000,-1000,-3000,-1000,N\A
16,2010/12/03,-4000,-1000,-3000,-10000,-10000,51199,-1,-1,-1000,-1000,-3000,-1000,N\A
16,2010/12/19,-4000,-1000,-3000,-10000,-10000,51199,-1,-1,-1000,-1000,-3000,-1000,N\A
17,2010/01/01,-4000,-1000,-3000,-10000,-10000,51199,-1,-1,-1000,-1000,-3000,-1000,N\A
17,2010/01/17,-4000,-1000,-3000,-10000,-10000,51199,-1,-1,-1000,-1000,-3000,-1000,N\A
17,2010/02/02,2348,729,3662,1623,4732,4233,1,40,610,1315,1326,225,N\A
17,2010/02/18,480,1107,1220,2224,4596,4305,1,51,1090,1393,525,469,N\A
17,2010/03/06,409,1274,2419,4222,4144,4309,1,69,1009,1653,1103,415,N\A
17,2010/03/22,-4000,-1000,-3000,-10000,-10000,51199,-1,-1,-1000,-1000,-3000,-1000,N\A
17,2010/04/07,-4000,-1000,-3000,-10000,-10000,51199,-1,-1,-1000,-1000,-3000,-1000,N\A
17,2010/04/23,-4000,-1000,-3000,-10000,-10000,51199,-1,-1,-1000,-1000,-3000,-1000,N\A
17,2010/05/09,2165,880,4051,5239,1342,4309,1,132,740,1748,1794,286,N\A
17,2010/05/25,-4000,-1000,-3000,-10000,-10000,51199,-1,-1,-1000,-1000,-3000,-1000,N\A
17,2010/06/10,39,967,5229,2224,1932,5342,3,163,1005,3208,3988,724,N\A
17,2010/06/26,-4000,-1000,-3000,-10000,-10000,51199,-1,-1,-1000,-1000,-3000,-1000,N\A
17,2010/07/12,1928,1104,5239,342,1841,36885,1,193,1116,3573,4291,794,N\A
17,2010/07/28,-4000,-1000,-3000,-10000,-10000,51199,-1,-1,-1000,-1000,-3000,-1000,N\A
17,2010/08/13,2131,1014,6252,1608,2262,4233,1,232,743,3222,3853,213,N\A
17,2010/08/29,2258,802,5339,3774,2430,36885,1,246,872,2870,4008,752,N\A
17,2010/09/14,2219,752,6047,350,2969,36885,1,257,709,2879,3634,294,N\A
17,2010/09/30,2403,990,5093,3784,3471,4305,1,278,681,2095,2630,366,N\A
17,2010/10/16,-4000,-1000,-3000,-10000,-10000,51199,-1,-1,-1000,-1000,-3000,-1000,N\A
17,2010/11/01,-4000,-1000,-3000,-10000,-10000,51199,-1,-1,-1000,-1000,-3000,-1000,N\A
17,2010/11/17,621,964,4253,969,5187,4233,1,330,806,1999,2076,330,N\A
17,2010/12/03,2458,1004,4819,3783,5240,4305,1,342,668,1911,2290,314,N\A
17,2010/12/19,571,1304,3024,4235,5677,4309,1,357,1075,2007,1594,512,N\A
18,2010/01/01,2390,1058,1128,2688,5249,6353,1,15,1042,1307,496,562,N\A
18,2010/01/17,528,807,-4,1114,5216,4233,1,26,1177,1176,-1,514,N\A
18,2010/02/02,2353,1107,1746,1535,4745,6281,1,40,846,1204,721,517,N\A
18,2010/02/18,482,886,942,2307,4608,6281,1,51,1259,1521,449,600,N\A
18,2010/03/06,2316,1153,2287,3717,3580,6353,1,70,826,1316,961,470,N\A
18,2010/03/22,2230,1260,1245,1544,3032,4233,1,88,1160,1490,595,612,N\A
18,2010/04/07,348,1857,748,2316,2914,5146,3,99,2100,2440,763,1854,N\A
18,2010/04/23,278,1936,2021,2343,2449,4305,1,115,1393,2099,1176,728,N\A
18,2010/05/09,127,127,-1708,1088,1908,6353,1,138,1199,849,-612,500,N\A
18,2010/05/25,1959,1232,3121,4529,1182,4237,1,157,811,1547,1434,478,N\A
18,2010/06/10,23,1062,6,2298,1941,6157,1,163,1493,1495,4,1211,N\A
18,2010/06/26,26,1797,2071,2297,2010,5342,3,179,1401,2133,1352,761,N\A
18,2010/07/12,45,844,2285,6549,2973,38938,3,201,1227,1954,1747,1189,N\A
18,2010/07/28,157,1392,4434,5035,2797,6357,1,222,945,2451,2674,539,N\A
18,2010/08/13,2200,926,4509,5193,1821,6285,1,228,588,1554,1931,344,N\A
18,2010/08/29,284,1193,4185,6549,3577,6161,1,249,1066,2601,3118,892,N\A
18,2010/09/14,2365,1092,1440,264,2980,6281,1,257,1141,1525,683,577,N\A
18,2010/09/30,547,313,-621,1059,3821,6281,1,282,1145,1011,-228,432,N\A
18,2010/10/16,2469,1227,3069,4539,4241,39133,1,301,919,1733,1676,681,N\A
18,2010/11/01,590,1073,1398,1060,4812,4233,1,314,1159,1536,675,604,N\A
18,2010/11/17,626,1259,2113,1059,5198,6281,1,330,1004,1542,1030,601,N\A
18,2010/12/03,2521,1094,1273,262,5284,6281,1,337,1155,1492,599,584,N\A
18,2010/12/19,2421,1088,1684,1525,5441,6281,1,360,987,1387,745,519,N\A
19,2010/01/01,2390,955,2426,2697,5248,6353,1,15,855,1403,1060,482,N\A
19,2010/01/17,528,1011,1893,1096,5215,6281,1,26,946,1388,839,520,N\A
19,2010/02/02,2350,516,-1528,1544,4743,6281,1,40,920,676,-476,452,N\A
19,2010/02/18,483,998,2108,2288,4607,4233,1,51,1057,1622,1019,547,N\A
19,2010/03/06,2315,780,119,3717,3579,6353,1,70,1072,1098,48,532,N\A
19,2010/03/22,359,1374,4400,4270,3587,4309,1,85,824,2119,2328,421,N\A
19,2010/04/07,2243,3055,541,4528,2058,4114,3,109,3731,4158,1693,4032,N\A
19,2010/04/23,262,1151,3132,2334,2448,4305,1,115,1004,1920,1598,482,N\A
19,2010/05/09,126,423,-596,1070,1906,6353,1,138,1163,1032,-232,523,N\A
19,2010/05/25,1970,585,369,3717,1325,4305,1,150,1289,1388,173,647,N\A
19,2010/06/10,43,1601,3929,2288,1940,6157,1,163,1157,2655,3276,1089,N\A
19,2010/06/26,26,1560,4700,2288,2009,5146,3,179,979,2716,3170,586,N\A
19,2010/07/12,77,871,1191,6130,2902,6162,3,208,1730,2198,1152,1657,N\A
19,2010/07/28,121,789,2571,4289,2562,4309,1,213,1066,1804,1303,539,N\A
19,2010/08/13,2198,280,1643,5193,1820,39061,1,228,1068,1488,722,449,N\A
19,2010/08/29,2291,625,1604,2725,2775,38933,1,255,1321,1826,833,614,N\A
19,2010/09/14,2362,1020,3614,273,2980,6281,1,257,818,1744,1751,458,N\A
19,2010/09/30,547,751,2068,1041,3820,6281,1,282,991,1508,947,508,N\A
19,2010/10/16,2469,958,5241,4539,4241,39133,1,301,512,1640,2252,292,N\A
19,2010/11/01,590,1078,3402,1042,4811,6281,1,314,856,1739,1756,574,N\A
19,2010/11/17,631,690,1923,1041,5196,6281,1,330,1134,1674,927,522,N\A
19,2010/12/03,601,1156,3578,2288,5405,4233,1,339,819,1732,1771,501,N\A
19,2010/12/19,2421,900,3290,1543,5440,4233,1,360,735,1456,1424,428,N\A
20,2010/01/01,546,701,1566,3599,5521,2257,1,12,1225,1680,790,618,N\A
20,2010/01/17,537,1021,2040,1359,5178,2257,1,26,1034,1564,929,469,N\A
20,2010/02/02,2335,1039,1838,1308,4706,4305,1,40,1043,1513,881,593,N\A
20,2010/02/18,461,1032,1311,2528,4577,4233,1,51,1173,1527,634,616,N\A
20,2010/03/06,2303,1083,1866,3556,3543,4233,1,70,996,1453,876,585,N\A
20,2010/03/22,2246,1121,1528,1318,3004,2185,1,88,1106,1505,728,594,N\A
20,2010/04/07,2221,1010,586,4391,2029,2066,3,109,1797,2021,657,1904,N\A
20,2010/04/23,2308,712,4034,6147,1663,2261,1,114,596,1402,1647,366,N\A
20,2010/05/09,53,746,3907,6223,2652,4309,1,144,849,1938,2024,478,N\A
20,2010/05/25,1931,726,3600,4411,1185,2261,1,157,776,1649,1642,402,N\A
20,2010/06/10,-8,1183,624,5147,2409,2066,3,174,2536,2874,1261,2852,N\A
20,2010/06/26,1877,725,3295,2522,1593,3098,3,191,1017,2017,1918,648,N\A
20,2010/07/12,837,554,4073,12,1869,4305,1,193,833,1978,2103,449,N\A
20,2010/07/28,2096,498,3291,4391,1743,2189,1,221,861,1706,1473,338,N\A
20,2010/08/13,248,601,2895,3590,2768,4305,1,236,957,1737,1325,369,N\A
20,2010/08/29,944,560,3988,23,2549,37081,1,241,792,1843,1824,292,N\A
20,2010/09/14,398,1117,3709,4446,3409,34841,1,261,1065,2321,2149,547,N\A
20,2010/09/30,471,995,3177,4436,3844,4237,1,277,1110,2144,1796,589,N\A
20,2010/10/16,2434,658,2976,2525,4316,4305,1,303,840,1552,1343,446,N\A
20,2010/11/01,602,783,2906,1304,4766,2185,1,314,926,1685,1423,521,N\A
20,2010/11/17,592,611,1947,1296,5152,4233,1,330,990,1469,891,531,N\A
20,2010/12/03,2431,569,1526,2522,5320,4164,0,351,1155,1571,891,911,N\A
20,2010/12/19,2431,1125,2189,4391,5267,4237,1,365,933,1456,1025,574,N\A
21,2010/01/01,540,610,911,3590,5516,4305,1,12,1172,1407,442,690,N\A
21,2010/01/17,521,658,824,1350,5173,4305,1,26,913,1077,306,422,N\A
21,2010/02/02,-4000,-1000,-3000,-10000,-10000,51199,-1,-1,-1000,-1000,-3000,-1000,N\A
21,2010/02/18,473,785,190,2527,4573,4233,1,51,951,988,71,499,N\A
21,2010/03/06,2307,841,1165,3566,3538,4305,1,70,898,1135,443,422,N\A
21,2010/03/22,2222,726,18,1326,3000,4233,1,88,1076,1080,7,636,N\A
21,2010/04/07,330,643,1262,2536,2896,4305,1,99,765,986,386,170,N\A
21,2010/04/23,212,661,543,1350,2166,4305,1,122,1209,1348,254,661,N\A
21,2010/05/09,2138,720,3846,5100,1329,4309,1,132,587,1321,1464,308,N\A
21,2010/05/25,2700,875,2300,34,1729,4233,1,145,1098,1754,1207,635,N\A
21,2010/06/10,1839,1741,1313,1335,1581,4110,3,168,2646,3446,1691,2333,N\A
21,2010/06/26,1843,1658,2948,1335,1667,2258,3,184,1454,2670,2152,755,N\A
21,2010/07/12,68,786,4137,1322,2077,4305,1,202,887,2139,2090,332,N\A
21,2010/07/28,114,582,3205,2545,2297,4233,1,211,868,1687,1449,369,N\A
21,2010/08/13,253,496,2758,3589,2766,4305,1,236,773,1362,1018,206,N\A
21,2010/08/29,385,446,3735,1313,2850,4305,1,250,566,1241,1161,14,N\A
21,2010/09/14,2999,362,1018,63,2948,4233,1,257,710,871,304,257,N\A
21,2010/09/30,-4000,-1000,-3000,-10000,-10000,51199,-1,-1,-1000,-1000,-3000,-1000,N\A
21,2010/10/16,2463,321,590,4421,4182,4168,0,301,1203,1354,350,1039,N\A
21,2010/11/01,585,580,1585,1296,4761,4233,1,314,897,1235,659,508,N\A
21,2010/11/17,616,497,-114,1295,5147,4233,1,330,884,864,-38,431,N\A
21,2010/12/03,2433,346,-71,2531,5315,4164,0,351,1194,1177,-39,1012,N\A
21,2010/12/19,576,731,2237,1331,5485,4164,0,362,829,1307,905,412,N\A
22,2010/01/01,-4000,-1000,-3000,-10000,-10000,51199,-1,-1,-1000,-1000,-3000,-1000,N\A
22,2010/01/17,-4000,-1000,-3000,-10000,-10000,51199,-1,-1,-1000,-1000,-3000,-1000,N\A
22,2010/02/02,-4000,-1000,-3000,-10000,-10000,51199,-1,-1,-1000,-1000,-3000,-1000,N\A
22,2010/02/18,-4000,-1000,-3000,-10000,-10000,51199,-1,-1,-1000,-1000,-3000,-1000,N\A
22,2010/03/06,-4000,-1000,-3000,-10000,-10000,51199,-1,-1,-1000,-1000,-3000,-1000,N\A
22,2010/03/22,-4000,-1000,-3000,-10000,-10000,51199,-1,-1,-1000,-1000,-3000,-1000,N\A
22,2010/04/07,-4000,-1000,-3000,-10000,-10000,51199,-1,-1,-1000,-1000,-3000,-1000,N\A
22,2010/04/23,-4000,-1000,-3000,-10000,-10000,51199,-1,-1,-1000,-1000,-3000,-1000,N\A
22,2010/05/09,-4000,-1000,-3000,-10000,-10000,51199,-1,-1,-1000,-1000,-3000,-1000,N\A
22,2010/05/25,-4000,-1000,-3000,-10000,-10000,51199,-1,-1,-1000,-1000,-3000,-1000,N\A
22,2010/06/10,-4000,-1000,-3000,-10000,-10000,51199,-1,-1,-1000,-1000,-3000,-1000,N\A
22,2010/06/26,-4000,-1000,-3000,-10000,-10000,51199,-1,-1,-1000,-1000,-3000,-1000,N\A
22,2010/07/12,-4000,-1000,-3000,-10000,-10000,51199,-1,-1,-1000,-1000,-3000,-1000,N\A
22,2010/07/28,-4000,-1000,-3000,-10000,-10000,51199,-1,-1,-1000,-1000,-3000,-1000,N\A
22,2010/08/13,-4000,-1000,-3000,-10000,-10000,51199,-1,-1,-1000,-1000,-3000,-1000,N\A
22,2010/08/29,-4000,-1000,-3000,-10000,-10000,51199,-1,-1,-1000,-1000,-3000,-1000,N\A
22,2010/09/14,-4000,-1000,-3000,-10000,-10000,51199,-1,-1,-1000,-1000,-3000,-1000,N\A
22,2010/09/30,-4000,-1000,-3000,-10000,-10000,51199,-1,-1,-1000,-1000,-3000,-1000,N\A
22,2010/10/16,-4000,-1000,-3000,-10000,-10000,51199,-1,-1,-1000,-1000,-3000,-1000,N\A
22,2010/11/01,-4000,-1000,-3000,-10000,-10000,51199,-1,-1,-1000,-1000,-3000,-1000,N\A
22,2010/11/17,-4000,-1000,-3000,-10000,-10000,51199,-1,-1,-1000,-1000,-3000,-1000,N\A
22,2010/12/03,-4000,-1000,-3000,-10000,-10000,51199,-1,-1,-1000,-1000,-3000,-1000,N\A
22,2010/12/19,-4000,-1000,-3000,-10000,-10000,51199,-1,-1,-1000,-1000,-3000,-1000,N\A
23,2010/01/01,2389,474,411,2439,5189,4164,0,15,1119,1215,227,982,N\A
23,2010/01/17,510,624,253,1423,5165,2116,0,26,1135,1194,126,851,N\A
23,2010/02/02,2321,1084,493,1235,4694,36885,1,40,1504,1660,315,1108,N\A
23,2010/02/18,466,499,-318,2592,4567,4164,0,51,1054,989,-136,723,N\A
23,2010/03/06,398,639,762,4485,4127,4309,1,69,939,1094,289,447,N\A
23,2010/03/22,2227,510,289,1253,2995,2116,0,88,1107,1173,133,731,N\A
23,2010/04/07,323,808,688,2610,2895,2116,0,99,1217,1397,371,878,N\A
23,2010/04/23,2226,608,2454,5646,1451,2261,1,123,807,1332,1000,408,N\A
23,2010/05/09,2128,520,2552,5069,1326,2261,1,132,728,1227,917,266,N\A
23,2010/05/25,-240,935,1167,91,1734,2116,0,145,1399,1769,739,1020,N\A
23,2010/06/10,-237,2967,411,74,1701,2062,3,161,3527,3830,812,3423,N\A
23,2010/06/26,5,656,2961,6259,2805,2066,3,192,1185,2182,1864,1077,N\A
23,2010/07/12,54,744,3591,1404,2084,2061,1,202,1108,2350,2298,732,N\A
23,2010/07/28,248,548,2770,95,2027,4164,0,209,1259,2224,1895,940,N\A
23,2010/08/13,199,500,1059,2629,2507,2116,0,227,1325,1639,661,1029,N\A
23,2010/08/29,370,323,2496,1394,2848,4164,0,250,1222,2035,1540,823,N\A
23,2010/09/14,2309,820,2624,1263,3073,4164,0,264,1204,2061,1602,789,N\A
23,2010/09/30,471,640,2490,4485,3834,2189,1,277,944,1570,1134,458,N\A
23,2010/10/16,2439,610,2514,2467,4300,4305,1,303,951,1590,1169,485,N\A
23,2010/11/01,612,415,722,1377,4752,2116,0,314,893,1032,302,654,N\A
23,2010/11/17,2433,315,421,1262,5011,2185,1,328,762,829,132,372,N\A
23,2010/12/03,2436,538,1695,2466,5305,4164,0,351,1156,1628,982,873,N\A
23,2010/12/19,698,767,1892,76,5402,4164,0,353,1028,1508,942,659,N\A
24,2010/01/01,534,541,2037,3946,5454,2257,1,12,940,1421,969,621,N\A
24,2010/01/17,507,814,2660,1805,5111,2185,1,26,905,1561,1266,539,N\A
24,2010/02/02,2408,452,2796,6457,4255,4309,1,41,483,858,839,346,N\A
24,2010/02/18,2322,821,2785,3255,4064,4233,1,54,795,1409,1231,495,N\A
24,2010/03/06,2295,620,871,3256,3477,4233,1,70,1074,1279,391,619,N\A
24,2010/03/22,2207,799,1801,882,2958,2185,1,88,999,1438,825,551,N\A
24,2010/04/07,302,2508,978,2943,2878,34837,1,99,2361,2873,775,1404,N\A
24,2010/04/23,2057,1039,1887,837,1979,34961,1,120,1195,1751,1007,684,N\A
24,2010/05/09,97,969,3762,1776,1937,2185,1,138,939,2072,2116,576,N\A
24,2010/05/25,1868,672,3858,4171,1203,2189,1,157,776,1751,1860,441,N\A
24,2010/06/10,1823,1650,623,3256,1349,2062,3,166,3382,3832,1744,3690,N\A
24,2010/06/26,1813,1058,4330,892,1709,2185,1,184,949,2399,2647,587,N\A
24,2010/07/12,1878,1055,4182,874,1831,2185,1,200,909,2216,2187,364,N\A
24,2010/07/28,2059,527,3153,4148,1721,2120,0,221,776,1491,1428,484,N\A
24,2010/08/13,193,755,4531,508,2243,2185,1,225,820,2179,2470,446,N\A
24,2010/08/29,2179,833,3947,882,2583,4164,0,248,903,2081,2104,467,N\A
24,2010/09/14,376,673,4245,4732,3375,4237,1,261,847,2097,2233,425,N\A
24,2010/09/30,456,517,2049,4722,3793,2189,1,277,1036,1570,976,548,N\A
24,2010/10/16,2430,728,3267,2155,4228,2185,1,303,847,1669,1498,405,N\A
24,2010/11/01,535,736,4029,457,4378,2185,1,305,715,1680,1848,389,N\A
24,2010/11/17,602,641,2649,1749,5069,2185,1,330,924,1590,1271,538,N\A
24,2010/12/03,642,609,3493,454,5152,2185,1,337,757,1570,1553,404,N\A
24,2010/12/19,2428,526,3306,874,5311,2116,0,360,754,1499,1464,441,N\A
25,2010/01/01,-4000,-1000,-3000,-10000,-10000,51199,-1,-1,-1000,-1000,-3000,-1000,N\A
25,2010/01/17,510,640,1748,1886,5108,2257,1,26,1038,1478,814,561,N\A
25,2010/02/02,-4000,-1000,-3000,-10000,-10000,51199,-1,-1,-1000,-1000,-3000,-1000,N\A
25,2010/02/18,-4000,-1000,-3000,-10000,-10000,51199,-1,-1,-1000,-1000,-3000,-1000,N\A
25,2010/03/06,-4000,-1000,-3000,-10000,-10000,51199,-1,-1,-1000,-1000,-3000,-1000,N\A
25,2010/03/22,2198,638,1047,801,2957,4164,0,88,1175,1450,501,638,N\A
25,2010/04/07,2189,724,1719,4100,1979,4114,3,109,1348,1908,1355,1289,N\A
25,2010/04/23,195,500,131,1891,2173,2257,1,122,1278,1312,59,617,N\A
25,2010/05/09,97,162,-1876,1867,1945,4233,1,138,978,669,-614,530,N\A
25,2010/05/25,26,779,2582,554,1764,4164,0,145,1021,1732,1321,588,N\A
25,2010/06/10,-34,1270,2346,3980,2194,36886,3,172,1812,2923,3182,2009,N\A
25,2010/06/26,-16,1030,4295,1849,2002,4233,1,186,949,2378,2589,570,N\A
25,2010/07/12,5,812,5132,5982,2773,36889,1,199,802,2493,3083,479,N\A
25,2010/07/28,77,891,5006,3027,2334,4233,1,211,820,2464,3007,496,N\A
25,2010/08/13,200,226,-628,598,2248,4164,0,225,1057,932,-236,542,N\A
25,2010/08/29,-4000,-1000,-3000,-10000,-10000,51199,-1,-1,-1000,-1000,-3000,-1000,N\A
25,2010/09/14,-4000,-1000,-3000,-10000,-10000,51199,-1,-1,-1000,-1000,-3000,-1000,N\A
25,2010/09/30,511,683,3525,1831,3714,4233,1,282,833,1740,1750,505,N\A
25,2010/10/16,-4000,-1000,-3000,-10000,-10000,51199,-1,-1,-1000,-1000,-3000,-1000,N\A
25,2010/11/01,553,817,1784,546,4374,4233,1,305,1068,1532,862,598,N\A
25,2010/11/17,601,777,2576,1831,5066,4233,1,330,1030,1745,1314,577,N\A
25,2010/12/03,2426,895,4013,2072,5228,4164,0,351,798,1868,2034,468,N\A
25,2010/12/19,-4000,-1000,-3000,-10000,-10000,51199,-1,-1,-1000,-1000,-3000,-1000,N\A
26,2010/01/01,2379,189,-553,1871,5123,2185,1,15,505,452,-119,321,N\A
26,2010/01/17,528,677,2824,2059,5115,2257,1,26,808,1444,1184,383,N\A
26,2010/02/02,491,384,2410,2032,4724,35033,1,42,669,1094,894,431,N\A
26,2010/02/18,2319,739,2484,3050,4067,2257,1,54,782,1299,1015,435,N\A
26,2010/03/06,2281,487,2484,4004,3144,2189,1,77,673,1118,891,357,N\A
26,2010/03/22,2211,287,-366,611,2968,2185,1,88,707,657,-104,385,N\A
26,2010/04/07,296,1040,3405,3167,2894,2061,1,99,1008,2049,1844,532,N\A
26,2010/04/23,2060,590,348,566,1997,2257,1,120,1053,1129,144,567,N\A
26,2010/05/09,89,747,3136,2032,1961,2185,1,138,943,1805,1574,503,N\A
26,2010/05/25,19,501,2612,736,1781,2185,1,145,864,1475,1144,441,N\A
26,2010/06/10,-36,976,2908,4105,2214,34842,3,172,1325,2412,2730,1388,N\A
26,2010/06/26,-23,1088,4791,2023,2021,2257,1,186,974,2766,3023,506,N\A
26,2010/07/12,1891,834,3183,604,1857,2116,0,200,1013,1959,1718,570,N\A
26,2010/07/28,72,793,5239,3176,2352,2185,1,211,741,2372,2878,354,N\A
26,2010/08/13,183,553,2760,779,2263,2116,0,225,872,1537,1254,469,N\A
26,2010/08/29,2156,436,2515,602,2595,2116,0,248,705,1179,934,363,N\A
26,2010/09/14,416,620,2993,734,2913,2116,0,257,831,1541,1341,440,N\A
26,2010/09/30,504,391,2155,2005,3720,2185,1,282,777,1204,825,392,N\A
26,2010/10/16,510,903,6965,6487,4803,2261,1,304,526,2941,4320,283,N\A
26,2010/11/01,597,701,3241,2013,4685,2185,1,314,807,1581,1466,430,N\A
26,2010/11/17,595,698,2562,2005,5069,2257,1,330,862,1456,1122,453,N\A
26,2010/12/03,2427,444,1807,1899,5230,2116,0,351,596,859,543,313,N\A
26,2010/12/19,608,429,3038,743,5333,2116,0,353,519,972,937,267,N\A
27,2010/01/01,2404,374,3169,3850,5054,2257,1,13,416,802,824,212,N\A
27,2010/01/17,557,508,2834,978,5208,2257,1,17,613,1098,980,321,N\A
27,2010/02/02,493,626,2395,2224,4730,35033,1,42,838,1366,1151,658,N\A
27,2010/02/18,2249,572,3653,404,4140,2257,1,56,562,1209,1289,272,N\A
27,2010/03/06,2280,612,3125,2882,3486,2185,1,70,606,1157,1124,339,N\A
27,2010/03/22,2176,346,-109,404,2976,2185,1,88,601,588,-29,415,N\A
27,2010/04/07,296,821,5303,3326,2906,2185,1,99,591,1926,2490,276,N\A
27,2010/04/23,182,574,1541,2251,2206,2257,1,122,1023,1396,706,579,N\A
27,2010/05/09,93,590,3345,2223,1981,2257,1,138,749,1502,1441,392,N\A
27,2010/05/25,42,316,515,951,1802,2185,1,145,791,877,176,463,N\A
27,2010/06/10,-38,357,2647,4241,2236,2261,1,172,815,1402,1114,416,N\A
27,2010/06/26,-18,1309,6254,2205,2042,2185,1,186,768,3333,4311,409,N\A
27,2010/07/12,1855,835,3102,394,1877,2116,0,200,897,1704,1491,475,N\A
27,2010/07/28,2040,456,7248,3841,1752,2185,1,221,319,2000,3297,156,N\A
27,2010/08/13,197,686,5821,987,2279,2116,0,225,641,2427,3278,354,N\A
27,2010/08/29,2231,723,3975,406,2603,2116,0,248,807,1872,1968,425,N\A
27,2010/09/14,372,835,4915,935,2921,2116,0,257,764,2241,2672,401,N\A
27,2010/09/30,509,702,5605,2196,3724,2185,1,282,611,2170,2958,355,N\A
27,2010/10/16,2413,627,4046,1717,4223,2185,1,303,609,1437,1627,316,N\A
27,2010/11/01,590,708,4597,2196,4686,2185,1,314,695,1878,2238,378,N\A
27,2010/11/17,601,491,1203,2196,5069,2257,1,330,884,1126,471,479,N\A
27,2010/12/03,2414,427,4284,1707,5228,2116,0,351,479,1197,1469,248,N\A
27,2010/12/19,564,827,3924,2233,5417,2116,0,362,709,1625,1714,336,N\A
28,2010/01/01,2405,344,1557,3898,5036,4233,1,13,504,690,443,432,N\A
28,2010/01/17,506,490,3281,2188,5101,2257,1,26,518,1024,1119,378,N\A
28,2010/02/02,2402,298,4007,6348,4230,37085,1,41,335,783,1084,329,N\A
28,2010/02/18,-4000,-1000,-3000,-10000,-10000,51199,-1,-1,-1000,-1000,-3000,-1000,N\A
28,2010/03/06,-4000,-1000,-3000,-10000,-10000,51199,-1,-1,-1000,-1000,-3000,-1000,N\A
28,2010/03/22,2188,584,1701,467,2960,4164,0,88,678,956,610,486,N\A
28,2010/04/07,292,558,3854,3288,2893,37081,1,99,590,1330,1490,328,N\A
28,2010/04/23,2032,728,3153,421,1998,2185,1,120,798,1533,1466,505,N\A
28,2010/05/09,-4000,-1000,-3000,-10000,-10000,51199,-1,-1,-1000,-1000,-3000,-1000,N\A
28,2010/05/25,30,643,2969,888,1794,4164,0,145,864,1594,1445,554,N\A
28,2010/06/10,-44,797,6109,4202,2231,2261,1,172,588,2435,3391,313,N\A
28,2010/06/26,1801,752,4298,476,1752,2185,1,184,709,1778,2062,410,N\A
28,2010/07/12,-23,801,6496,879,1948,4164,0,193,539,2538,3805,352,N\A
28,2010/07/28,2037,478,6196,3888,1738,4164,0,221,376,1601,2655,310,N\A
28,2010/08/13,183,773,6572,923,2267,2185,1,225,517,2500,3665,277,N\A
28,2010/08/29,-4000,-1000,-3000,-10000,-10000,51199,-1,-1,-1000,-1000,-3000,-1000,N\A
28,2010/09/14,421,651,6955,878,2905,4164,0,257,421,2345,3665,233,N\A
28,2010/09/30,-4000,-1000,-3000,-10000,-10000,51199,-1,-1,-1000,-1000,-3000,-1000,N\A
28,2010/10/16,2419,555,4747,1780,4206,4164,0,303,489,1373,1900,357,N\A
28,2010/11/01,596,566,5007,2141,4668,4233,1,314,495,1488,2003,276,N\A
28,2010/11/17,598,511,927,2141,5051,4305,1,330,959,1155,438,766,N\A
28,2010/12/03,-4000,-1000,-3000,-10000,-10000,51199,-1,-1,-1000,-1000,-3000,-1000,N\A
28,2010/12/19,590,429,3076,887,5316,4164,0,353,476,899,946,344,N\A
29,2010/01/01,2398,734,2307,4023,4980,4309,1,13,725,1160,860,382,N\A
29,2010/01/17,515,1253,3197,3186,5237,4233,1,19,882,1711,1568,505,N\A
29,2010/02/02,490,1176,1419,2023,4661,36885,1,42,1339,1782,995,1159,N\A
29,2010/02/18,2308,1046,2890,3087,3998,4305,1,54,749,1358,1150,349,N\A
29,2010/03/06,2278,937,2591,3087,3416,4233,1,70,862,1465,1143,460,N\A
29,2010/03/22,2175,885,1044,648,2912,4164,0,88,1068,1317,506,726,N\A
29,2010/04/07,2165,786,2079,4023,1932,5150,3,109,1202,1833,1533,1168,N\A
29,2010/04/23,2012,1164,2353,602,1960,4233,1,120,1061,1714,1169,549,N\A
29,2010/05/09,6,938,6033,6504,2729,4309,1,144,654,2644,3618,376,N\A
29,2010/05/25,14,1017,3219,716,1772,4164,0,145,1014,1977,1734,557,N\A
29,2010/06/10,-57,931,5318,4105,2220,4113,1,172,970,3174,3919,658,N\A
29,2010/06/26,-38,1423,4648,2013,2024,4233,1,186,1101,3014,3023,507,N\A
29,2010/07/12,1839,1189,3576,638,1848,4164,0,200,1084,2291,2050,544,N\A
29,2010/07/28,1956,1316,3324,612,1998,4164,0,216,1062,2120,2003,705,N\A
29,2010/08/13,157,1169,4328,3185,2509,4164,0,227,1068,2698,2698,534,N\A
29,2010/08/29,2208,1175,3510,649,2541,4164,0,248,954,1986,1911,562,N\A
29,2010/09/14,353,1101,3537,709,2856,4164,0,257,1034,2166,1928,493,N\A
29,2010/09/30,2373,787,3303,3096,3278,36885,1,278,1115,2215,2562,1090,N\A
29,2010/10/16,2415,1050,3116,1945,4149,2116,0,303,880,1677,1608,609,N\A
29,2010/11/01,585,925,3059,1995,4612,4233,1,314,954,1795,1460,417,N\A
29,2010/11/17,599,1022,2192,1995,4996,4305,1,330,1029,1607,1046,529,N\A
29,2010/12/03,2417,848,3394,1944,5153,4164,0,351,679,1377,1350,337,N\A
29,2010/12/19,2417,932,3089,629,5236,2116,0,360,717,1358,1268,404,N\A
30,2010/01/01,2352,1513,1343,1308,4979,2257,1,15,1292,1693,713,719,N\A
30,2010/01/17,2359,1138,1633,3603,4609,34838,3,29,950,1321,717,545,N\A
30,2010/02/02,2390,658,1286,6241,4088,34841,1,41,579,750,429,568,N\A
30,2010/02/18,2306,487,-714,2578,3940,2257,1,54,1042,903,-276,610,N\A
30,2010/03/06,2256,1293,1416,3632,3027,2257,1,77,1088,1447,652,564,N\A
30,2010/03/22,266,1938,3491,6317,3687,3298,3,87,1150,2384,2095,608,N\A
30,2010/04/07,258,1775,1262,3684,2857,3098,3,99,1748,2253,1093,1493,N\A
30,2010/04/23,368,1163,100,69,1978,2257,1,120,1332,1359,46,661,N\A
30,2010/05/09,35,2000,2101,2628,2005,3294,3,138,1453,2226,1288,793,N\A
30,2010/05/25,1764,1521,1979,3632,1279,2257,1,157,1177,1758,1029,629,N\A
30,2010/06/10,1739,2208,1322,1345,1627,2062,3,175,2227,2906,1333,1805,N\A
30,2010/06/26,-71,2203,1858,2609,2103,2062,3,186,1750,2549,1396,1471,N\A
30,2010/07/12,-115,1947,2257,30,1912,2257,1,200,1410,2232,1379,773,N\A
30,2010/07/28,-137,494,-1500,61,2039,2257,1,216,1295,957,-588,581,N\A
30,2010/08/13,41,1117,202,50,2231,34837,1,232,1231,1282,111,970,N\A
30,2010/08/29,2332,962,2560,6241,1982,35038,3,249,812,1371,1158,557,N\A
30,2010/09/14,372,1194,1622,5826,3636,35038,3,270,1350,1873,857,630,N\A
30,2010/09/30,443,1831,697,3665,3481,2062,3,275,2115,2432,600,1591,N\A
30,2010/10/16,2466,1002,2944,5777,3456,3102,3,290,719,1319,1391,647,N\A
30,2010/11/01,3325,1423,1820,59,4381,2185,1,312,1164,1682,925,623,N\A
30,2010/11/17,2498,1098,1830,6252,4582,35878,3,329,1082,1567,1121,966,N\A
30,2010/12/03,578,1114,57,1359,4999,2185,1,337,1133,1146,24,609,N\A
30,2010/12/19,2408,764,-381,3603,5012,2257,1,365,789,731,-125,454,N\A
31,2010/01/01,2390,1829,1437,3622,4898,2185,1,13,1626,2172,836,749,N\A
31,2010/01/17,520,2757,1160,1394,5071,3098,3,17,2250,2841,854,1207,N\A
31,2010/02/02,459,2238,1196,2610,4612,2257,1,42,1814,2307,770,960,N\A
31,2010/02/18,2270,1589,1535,1363,3698,35033,1,63,1464,1995,866,727,N\A
31,2010/03/06,2251,1705,1255,2587,3365,2185,1,70,1375,1770,656,665,N\A
31,2010/03/22,2214,2127,1610,2587,2771,4305,1,86,1487,2058,929,750,N\A
31,2010/04/07,2059,1814,924,1317,2065,2062,3,111,2082,2506,790,1545,N\A
31,2010/04/23,-329,2246,1145,76,1976,3294,3,120,1928,2427,730,923,N\A
31,2010/05/09,36,2035,1829,2609,2003,2257,1,138,1737,2515,1167,837,N\A
31,2010/05/25,-5,2157,1503,1367,1834,2185,1,145,1723,2333,913,798,N\A
31,2010/06/10,1730,2530,1313,1363,1625,36886,3,175,2284,2975,1140,1537,N\A
31,2010/06/26,-68,2105,2122,2600,2103,36885,1,186,1655,2547,1322,748,N\A
31,2010/07/12,469,1995,1362,17,1911,2257,1,200,1727,2272,816,792,N\A
31,2010/07/28,7,2116,1894,39,2037,4305,1,216,1656,2430,1198,829,N\A
31,2010/08/13,2108,1830,2366,5766,1457,37926,3,226,1405,2276,1399,686,N\A
31,2010/08/29,3091,1369,2379,24,2521,2185,1,248,1435,2331,1356,590,N\A
31,2010/09/14,358,1549,1648,1350,2827,37922,3,257,1710,2385,1077,932,N\A
31,2010/09/30,451,2126,1077,1341,3256,2062,3,273,2119,2631,956,1595,N\A
31,2010/10/16,2428,1731,1673,1363,4067,2185,1,303,1448,2030,954,729,N\A
31,2010/11/01,3094,1156,576,44,4379,2185,1,312,1413,1586,294,716,N\A
31,2010/11/17,2466,1738,1602,4509,4536,2261,1,324,1302,1799,851,670,N\A
31,2010/12/03,2434,1398,1842,1354,5071,2185,1,351,1441,2092,1040,679,N\A
31,2010/12/19,696,1892,1838,21,5158,2185,1,360,1516,2199,1040,652,N\A
32,2010/01/01,2372,821,1640,874,4963,2185,1,15,930,1295,700,514,N\A
32,2010/01/17,519,1436,2631,1840,5061,2257,1,17,1127,1932,1416,598,N\A
32,2010/02/02,2385,892,1586,6102,4065,35878,3,41,1156,1592,1401,1433,N\A
32,2010/02/18,2318,1050,2056,4236,3865,2261,1,52,954,1448,862,380,N\A
32,2010/03/06,2250,913,1862,3321,3021,2257,1,77,981,1430,847,543,N\A
32,2010/03/22,2193,1197,3274,2192,2775,4305,1,86,806,1591,1474,415,N\A
32,2010/04/07,2081,1350,2802,875,2086,35874,3,111,1242,2209,1616,627,N\A
32,2010/04/23,118,1339,2012,3027,2228,4305,1,122,1270,1910,1085,639,N\A
32,2010/05/09,19,1212,2577,2998,2048,2257,1,138,1123,1903,1377,598,N\A
32,2010/05/25,1749,860,2750,3321,1326,4305,1,157,920,1618,1291,484,N\A
32,2010/06/10,-90,779,1543,6005,2648,36890,3,174,1175,1604,1207,1303,N\A
32,2010/06/26,1711,864,3897,2193,1576,35874,3,182,848,1931,2118,628,N\A
32,2010/07/12,-95,1828,2598,484,1959,5342,3,200,1434,2441,1781,922,N\A
32,2010/07/28,1960,1091,3556,3283,1740,3294,3,221,839,1765,1757,484,N\A
32,2010/08/13,2101,1227,3262,893,2250,36886,3,239,1040,2047,1785,558,N\A
32,2010/08/29,313,844,3199,471,2535,2185,1,248,811,1574,1430,414,N\A
32,2010/09/14,2337,982,4094,5608,2308,4310,3,258,675,1611,1820,374,N\A
32,2010/09/30,2386,1041,3725,3321,3370,35874,3,285,879,1923,2369,824,N\A
32,2010/10/16,2416,1190,3193,910,4049,2185,1,303,973,1886,1651,520,N\A
32,2010/11/01,566,397,-307,454,4362,2185,1,312,921,866,-107,484,N\A
32,2010/11/17,2457,1100,2312,4245,4510,2261,1,324,931,1491,1027,461,N\A
32,2010/12/03,586,1377,2962,1794,4981,2185,1,337,1089,2006,1616,581,N\A
32,2010/12/19,607,1103,3372,490,5143,2185,1,360,898,1812,1672,472,N\A
33,2010/01/01,-4000,-1000,-3000,-10000,-10000,51199,-1,-1,-1000,-1000,-3000,-1000,N\A
33,2010/01/17,-4000,-1000,-3000,-10000,-10000,51199,-1,-1,-1000,-1000,-3000,-1000,N\A
33,2010/02/02,-4000,-1000,-3000,-10000,-10000,51199,-1,-1,-1000,-1000,-3000,-1000,N\A
33,2010/02/18,-4000,-1000,-3000,-10000,-10000,51199,-1,-1,-1000,-1000,-3000,-1000,N\A
33,2010/03/06,-4000,-1000,-3000,-10000,-10000,51199,-1,-1,-1000,-1000,-3000,-1000,N\A
33,2010/03/22,-4000,-1000,-3000,-10000,-10000,51199,-1,-1,-1000,-1000,-3000,-1000,N\A
33,2010/04/07,-4000,-1000,-3000,-10000,-10000,51199,-1,-1,-1000,-1000,-3000,-1000,N\A
33,2010/04/23,-4000,-1000,-3000,-10000,-10000,51199,-1,-1,-1000,-1000,-3000,-1000,N\A
33,2010/05/09,-4000,-1000,-3000,-10000,-10000,51199,-1,-1,-1000,-1000,-3000,-1000,N\A
33,2010/05/25,-4000,-1000,-3000,-10000,-10000,51199,-1,-1,-1000,-1000,-3000,-1000,N\A
33,2010/06/10,-93,272,-1643,4842,2368,36889,1,172,914,656,-621,768,N\A
33,2010/06/26,-4000,-1000,-3000,-10000,-10000,51199,-1,-1,-1000,-1000,-3000,-1000,N\A
33,2010/07/12,-4000,-1000,-3000,-10000,-10000,51199,-1,-1,-1000,-1000,-3000,-1000,N\A
33,2010/07/28,-4000,-1000,-3000,-10000,-10000,51199,-1,-1,-1000,-1000,-3000,-1000,N\A
33,2010/08/13,-4000,-1000,-3000,-10000,-10000,51199,-1,-1,-1000,-1000,-3000,-1000,N\A
33,2010/08/29,-4000,-1000,-3000,-10000,-10000,51199,-1,-1,-1000,-1000,-3000,-1000,N\A
33,2010/09/14,-4000,-1000,-3000,-10000,-10000,51199,-1,-1,-1000,-1000,-3000,-1000,N\A
33,2010/09/30,-4000,-1000,-3000,-10000,-10000,51199,-1,-1,-1000,-1000,-3000,-1000,N\A
33,2010/10/16,-4000,-1000,-3000,-10000,-10000,51199,-1,-1,-1000,-1000,-3000,-1000,N\A
33,2010/11/01,-4000,-1000,-3000,-10000,-10000,51199,-1,-1,-1000,-1000,-3000,-1000,N\A
33,2010/11/17,-4000,-1000,-3000,-10000,-10000,51199,-1,-1,-1000,-1000,-3000,-1000,N\A
33,2010/12/03,-4000,-1000,-3000,-10000,-10000,51199,-1,-1,-1000,-1000,-3000,-1000,N\A
33,2010/12/19,-4000,-1000,-3000,-10000,-10000,51199,-1,-1,-1000,-1000,-3000,-1000,N\A