site-id,lat,lon,tile-h,tile-v,pixel-col,pixel_row
1,45.8059,-90.0799,11,4,864,503
2,42.5378,-72.1715,12,4,818,895
id,Date,Fpar_1km,Lai_1km,FparLai_QC,FparExtra_QC,FparStdDev_1km,LaiStdDev_1km,actual_date
1,2000/02/18,2,0,105,32,248,248,N\A
1,2000/02/26,29,4,16,8,10,2,N\A
1,2000/03/05,32,6,0,0,8,2,N\A
1,2000/03/13,8,2,105,8,248,248,N\A
1,2000/03/21,22,4,0,48,10,2,N\A
1,2000/03/29,33,6,0,0,8,2,N\A
1,2000/04/06,33,6,0,64,9,2,N\A
1,2000/04/14,11,2,113,8,248,248,N\A
1,2000/04/22,34,8,0,0,9,3,N\A
1,2000/04/30,50,13,16,32,8,3,N\A
1,2000/05/08,35,8,105,48,248,248,N\A
1,2000/05/16,92,59,32,0,2,7,N\A
1,2000/05/24,84,44,32,0,9,15,N\A
1,2000/06/01,93,55,97,0,248,248,N\A
1,2000/06/09,92,54,97,0,248,248,N\A
1,2000/06/17,93,57,97,0,248,248,N\A
1,2000/06/25,95,59,97,64,248,248,N\A
1,2000/07/03,94,57,97,8,248,248,N\A
1,2000/07/11,93,56,97,0,248,248,N\A
1,2000/07/19,93,55,97,0,248,248,N\A
1,2000/07/27,94,57,97,64,248,248,N\A
1,2000/08/12,92,54,97,8,248,248,N\A
1,2000/08/20,93,55,32,0,2,9,N\A
1,2000/08/28,93,59,32,0,1,4,N\A
1,2000/09/05,92,52,32,0,3,11,N\A
1,2000/09/13,92,52,32,0,3,11,N\A
1,2000/09/21,77,27,0,64,10,8,N\A
1,2000/09/29,57,14,0,32,8,3,N\A
1,2000/10/07,49,8,0,0,7,2,N\A
1,2000/10/15,35,5,16,48,7,1,N\A
1,2000/10/23,33,5,0,0,7,1,N\A
1,2000/10/31,32,5,0,0,7,1,N\A
1,2000/11/08,5,1,105,32,248,248,N\A
1,2000/11/16,4,1,113,72,248,248,N\A
1,2000/11/24,37,5,16,8,6,1,N\A
1,2000/12/02,20,3,0,72,8,1,N\A
1,2000/12/10,21,3,16,72,8,1,N\A
1,2000/12/18,16,2,16,0,9,1,N\A
1,2000/12/26,42,6,16,72,0,0,N\Aid,Date,Fpar_1km,Lai_1km,FparLai_QC,FparExtra_QC,FparStdDev_1km,LaiStdDev_1km,actual_date
1,2001/01/01,27,3,16,72,0,0,N\A
1,2001/01/09,29,7,73,72,248,248,N\A
1,2001/01/17,21,3,16,72,9,1,N\A
1,2001/01/25,5,1,105,64,248,248,N\A
1,2001/02/02,4,1,105,48,248,248,N\A
1,2001/02/10,27,4,8,8,0,0,N\A
1,2001/02/18,34,5,8,72,7,1,N\A
1,2001/02/26,23,3,8,8,7,1,N\A
1,2001/03/06,26,5,8,8,6,1,N\A
1,2001/03/14,2,0,105,64,248,248,N\A
1,2001/03/22,2,0,97,4,248,248,N\A
1,2001/03/30,16,3,16,8,7,1,N\A
1,2001/04/07,33,6,0,0,8,2,N\A
1,2001/04/15,28,6,0,64,7,2,N\A
1,2001/04/23,37,9,0,8,7,2,N\A
1,2001/05/01,46,11,0,0,9,3,N\A
1,2001/05/09,72,25,0,8,7,5,N\A
1,2001/05/17,86,46,32,0,7,14,N\A
1,2001/05/25,91,57,32,8,2,8,N\A
1,2001/06/02,88,46,97,64,248,248,N\A
1,2001/06/10,82,35,97,8,248,248,N\A
1,2001/07/04,88,49,32,0,5,12,N\A
1,2001/07/12,87,47,32,64,6,13,N\A
1,2001/07/20,90,55,32,32,4,11,N\A
1,2001/07/28,86,46,32,64,7,14,N\A
1,2001/08/05,92,59,32,8,1,6,N\A
1,2001/08/13,93,62,32,0,1,5,N\A
1,2001/08/21,94,64,32,64,0,3,N\A
1,2001/08/29,92,52,32,64,3,11,N\A
1,2001/09/06,81,30,0,0,7,7,N\A
1,2001/09/14,35,8,97,64,248,248,N\A
1,2001/09/22,87,44,32,0,8,15,N\A
1,2001/09/30,64,16,0,0,8,4,N\A
1,2001/10/08,44,7,0,0,8,2,N\A
1,2001/10/16,34,5,0,0,7,1,N\A
1,2001/10/24,19,2,0,8,9,1,N\A
1,2001/11/01,32,5,0,8,7,1,N\A
1,2001/11/09,31,4,0,8,7,1,N\A
1,2001/11/17,26,3,0,0,0,0,N\A
1,2001/11/25,0,0,105,32,248,248,N\A
1,2001/12/03,34,5,16,0,7,1,N\A
1,2001/12/11,2,0,73,48,248,248,N\A
1,2001/12/19,23,5,65,0,248,248,N\A
1,2001/12/27,21,3,16,8,8,1,N\Aid,Date,Fpar_1km,Lai_1km,FparLai_QC,FparExtra_QC,FparStdDev_1km,LaiStdDev_1km,actual_date
1,2002/01/01,21,3,16,8,8,1,N\A
1,2002/01/09,24,3,0,8,6,1,N\A
1,2002/01/17,22,3,16,72,8,1,N\A
1,2002/01/25,3,1,105,48,248,248,N\A
1,2002/02/02,20,3,8,8,9,1,N\A
1,2002/02/10,19,2,0,72,9,1,N\A
1,2002/02/18,4,1,105,72,248,248,N\A
1,2002/02/26,3,1,105,64,248,248,N\A
1,2002/03/06,4,1,105,32,248,248,N\A
1,2002/03/14,2,0,97,4,248,248,N\A
1,2002/03/30,2,0,97,68,248,248,N\A
1,2002/04/07,13,3,0,8,6,1,N\A
1,2002/04/15,33,6,0,0,8,2,N\A
1,2002/04/23,36,8,8,64,8,2,N\A
1,2002/05/01,37,9,0,64,7,2,N\A
1,2002/05/09,34,8,0,64,9,3,N\A
1,2002/05/17,37,9,0,0,7,2,N\A
1,2002/05/25,71,25,0,64,8,6,N\A
1,2002/06/02,89,47,97,72,248,248,N\A
1,2002/06/10,94,58,97,8,248,248,N\A
1,2002/06/18,87,48,32,48,6,13,N\A
1,2002/06/26,95,61,97,64,248,248,N\A
1,2002/07/04,95,59,97,8,248,248,N\A
1,2002/07/12,91,55,32,64,2,9,N\A
1,2002/07/20,94,58,97,0,248,248,N\A
1,2002/07/28,92,57,32,64,2,7,N\A
1,2002/08/05,93,56,97,8,248,248,N\A
1,2002/08/13,90,54,32,32,4,11,N\A
1,2002/08/21,84,43,32,64,10,15,N\A
1,2002/08/29,93,55,97,8,248,248,N\A
1,2002/09/06,93,54,32,0,2,9,N\A
1,2002/09/14,91,51,97,0,248,248,N\A
1,2002/09/22,91,50,32,0,3,12,N\A
1,2002/09/30,66,18,0,0,8,4,N\A
1,2002/10/08,52,9,0,0,8,2,N\A
1,2002/10/16,52,9,0,0,8,2,N\A
1,2002/10/24,40,6,0,0,9,2,N\A
1,2002/11/01,35,5,0,8,7,1,N\A
1,2002/11/09,4,1,105,48,248,248,N\A
1,2002/11/17,41,6,0,0,9,2,N\A
1,2002/11/25,4,1,81,48,248,248,N\A
1,2002/12/03,40,6,0,8,10,2,N\A
1,2002/12/11,1,0,73,32,248,248,N\A
1,2002/12/19,26,6,65,8,248,248,N\A
1,2002/12/27,32,5,0,8,7,1,N\Aid,Date,Fpar_1km,Lai_1km,FparLai_QC,FparExtra_QC,FparStdDev_1km,LaiStdDev_1km,actual_date
1,2003/01/01,22,5,81,32,248,248,N\A
1,2003/01/09,27,3,16,64,0,0,N\A
1,2003/01/17,23,3,16,8,8,1,N\A
1,2003/01/25,19,3,16,8,9,1,N\A
1,2003/02/02,15,3,105,64,248,248,N\A
1,2003/02/10,23,3,16,8,7,1,N\A
1,2003/02/18,22,3,16,8,8,1,N\A
1,2003/02/26,24,3,8,8,6,1,N\A
1,2003/03/14,25,4,0,8,5,1,N\A
1,2003/03/22,34,7,0,0,8,2,N\A
1,2003/03/30,3,1,105,32,248,248,N\A
1,2003/04/07,39,8,0,0,9,2,N\A
1,2003/04/15,34,6,0,8,8,2,N\A
1,2003/04/23,37,9,0,0,6,2,N\A
1,2003/05/01,37,9,0,0,7,2,N\A
1,2003/05/09,41,10,0,0,8,3,N\A
1,2003/05/17,68,23,0,0,8,5,N\A
1,2003/05/25,86,46,32,8,7,14,N\A
1,2003/06/02,81,34,105,32,248,248,N\A
1,2003/06/10,92,53,97,64,248,248,N\A
1,2003/06/18,94,57,97,0,248,248,N\A
1,2003/06/26,41,11,0,64,0,0,N\A
1,2003/07/04,95,59,97,0,248,248,N\A
1,2003/07/12,95,59,97,64,248,248,N\A
1,2003/07/20,92,57,32,64,2,7,N\A
1,2003/07/28,65,21,8,32,9,5,N\A
1,2003/08/05,85,44,32,64,9,15,N\A
1,2003/08/13,96,62,97,64,248,248,N\A
1,2003/08/21,95,59,97,64,248,248,N\A
1,2003/08/29,89,47,32,64,5,13,N\A
1,2003/09/06,93,57,32,8,1,7,N\A
1,2003/09/14,92,53,32,0,2,10,N\A
1,2003/09/22,87,42,32,0,8,14,N\A
1,2003/09/30,92,46,32,0,4,14,N\A
1,2003/10/08,60,14,0,0,6,3,N\A
1,2003/10/16,44,7,0,0,9,2,N\A
1,2003/10/24,35,5,0,0,7,1,N\A
1,2003/11/01,32,4,16,8,7,1,N\A
1,2003/11/09,32,4,16,8,7,1,N\A
1,2003/11/17,26,6,97,0,248,248,N\A
1,2003/11/25,34,5,0,8,7,1,N\A
1,2003/12/03,17,4,81,8,248,248,N\A
1,2003/12/11,1,0,73,64,248,248,N\A
1,2003/12/19,34,5,16,72,7,1,N\A
1,2003/12/27,20,3,0,4,9,1,N\Aid,Date,Fpar_1km,Lai_1km,FparLai_QC,FparExtra_QC,FparStdDev_1km,LaiStdDev_1km,actual_date
1,2004/01/01,20,3,0,4,9,1,N\A
1,2004/01/09,1,0,73,32,248,248,N\A
1,2004/01/17,19,3,16,72,9,1,N\A
1,2004/01/25,21,3,8,8,8,1,N\A
1,2004/02/02,10,2,105,32,248,248,N\A
1,2004/02/10,24,3,16,8,7,1,N\A
1,2004/02/18,1,0,105,32,248,248,N\A
1,2004/02/26,3,1,105,64,248,248,N\A
1,2004/03/05,2,0,97,4,248,248,N\A
1,2004/03/13,2,0,105,32,248,248,N\A
1,2004/03/21,3,1,105,64,248,248,N\A
1,2004/03/29,21,3,0,8,0,0,N\A
1,2004/04/06,22,5,0,0,5,1,N\A
1,2004/04/14,34,6,0,8,8,2,N\A
1,2004/04/22,35,8,0,0,9,2,N\A
1,2004/04/30,33,7,0,0,9,3,N\A
1,2004/05/08,32,7,0,64,4,1,N\A
1,2004/05/16,48,12,0,0,7,3,N\A
1,2004/05/24,86,47,32,64,7,14,N\A
1,2004/06/01,86,47,32,32,7,14,N\A
1,2004/06/09,47,12,0,64,6,2,N\A
1,2004/06/17,90,49,97,64,248,248,N\A
1,2004/06/25,92,53,97,0,248,248,N\A
1,2004/07/03,80,33,105,32,248,248,N\A
1,2004/07/11,89,48,113,32,248,248,N\A
1,2004/07/19,85,45,40,32,8,14,N\A
1,2004/07/27,92,60,32,64,1,6,N\A
1,2004/08/04,94,57,97,0,248,248,N\A
1,2004/08/12,93,56,97,0,248,248,N\A
1,2004/08/20,87,48,32,64,6,13,N\A
1,2004/08/28,96,62,97,32,248,248,N\A
1,2004/09/05,93,56,32,0,2,8,N\A
1,2004/09/13,93,54,32,8,2,9,N\A
1,2004/09/21,90,49,32,0,5,13,N\A
1,2004/09/29,87,43,32,0,8,15,N\A
1,2004/10/07,54,9,0,0,7,2,N\A
1,2004/10/15,26,4,0,8,0,0,N\A
1,2004/10/23,36,5,0,8,7,1,N\A
1,2004/10/31,25,3,0,0,0,0,N\A
1,2004/11/08,33,5,0,0,7,1,N\A
1,2004/11/16,25,3,0,0,0,0,N\A
1,2004/11/24,32,5,0,8,7,1,N\A
1,2004/12/02,2,0,73,32,248,248,N\A
1,2004/12/10,14,3,73,32,248,248,N\A
1,2004/12/18,8,2,81,64,248,248,N\A
1,2004/12/26,5,1,81,32,248,248,N\Aid,Date,Fpar_1km,Lai_1km,FparLai_QC,FparExtra_QC,FparStdDev_1km,LaiStdDev_1km,actual_date
1,2005/01/01,5,1,81,64,248,248,N\A
1,2005/01/09,21,3,16,8,8,1,N\A
1,2005/01/17,22,3,16,8,8,1,N\A
1,2005/01/25,8,1,0,68,0,0,N\A
1,2005/02/02,35,5,8,72,7,1,N\A
1,2005/02/10,27,4,16,8,0,0,N\A
1,2005/02/18,27,3,16,8,0,0,N\A
1,2005/02/26,4,1,105,32,248,248,N\A
1,2005/03/06,7,1,105,32,248,248,N\A
1,2005/03/14,6,1,8,48,0,0,N\A
1,2005/03/22,3,1,105,64,248,248,N\A
1,2005/03/30,31,6,0,8,8,2,N\A
1,2005/04/07,34,7,0,0,8,2,N\A
1,2005/04/15,38,8,0,0,10,3,N\A
1,2005/04/23,34,8,0,0,8,2,N\A
1,2005/05/01,38,9,0,0,7,2,N\A
1,2005/05/09,3,1,105,32,248,248,N\A
1,2005/05/17,52,14,0,0,7,3,N\A
1,2005/05/25,72,25,0,64,7,5,N\A
1,2005/06/10,94,58,97,0,248,248,N\A
1,2005/06/18,94,58,97,0,248,248,N\A
1,2005/06/26,93,56,97,0,248,248,N\A
1,2005/07/04,95,59,97,0,248,248,N\A
1,2005/07/12,84,44,32,64,9,15,N\A
1,2005/07/20,89,51,32,64,4,11,N\A
1,2005/07/28,84,44,32,0,9,15,N\A
1,2005/08/05,93,55,97,0,248,248,N\A
1,2005/08/13,87,47,32,0,7,14,N\A
1,2005/08/21,92,53,97,8,248,248,N\A
1,2005/08/29,93,55,32,32,2,9,N\A
1,2005/09/06,88,45,32,8,6,14,N\A
1,2005/09/14,90,49,32,0,5,13,N\A
1,2005/09/22,77,26,0,0,8,6,N\A
1,2005/09/30,54,12,0,0,8,3,N\A
1,2005/10/08,55,9,0,0,9,2,N\A
1,2005/10/16,42,6,0,0,10,2,N\A
1,2005/10/24,34,5,0,0,7,1,N\A
1,2005/11/01,9,1,8,32,0,0,N\A
1,2005/11/09,26,4,0,0,0,0,N\A
1,2005/11/17,2,0,105,48,248,248,N\A
1,2005/11/25,23,3,0,8,8,1,N\A
1,2005/12/03,21,3,16,64,9,1,N\A
1,2005/12/11,26,4,8,8,0,0,N\A
1,2005/12/19,25,3,16,8,6,1,N\A
1,2005/12/27,1,0,73,32,248,248,N\Aid,Date,Fpar_1km,Lai_1km,FparLai_QC,FparExtra_QC,FparStdDev_1km,LaiStdDev_1km,actual_date
1,2006/01/01,0,0,73,32,248,248,N\A
1,2006/01/09,5,1,81,64,248,248,N\A
1,2006/01/17,16,3,113,72,248,248,N\A
1,2006/01/25,9,1,16,8,0,0,N\A
1,2006/02/02,3,1,105,64,248,248,N\A
1,2006/02/10,4,1,105,64,248,248,N\A
1,2006/02/18,21,3,16,72,8,1,N\A
1,2006/02/26,27,3,16,72,0,0,N\A
1,2006/03/06,16,3,8,72,7,1,N\A
1,2006/03/14,5,1,105,8,248,248,N\A
1,2006/03/22,5,1,105,8,248,248,N\A
1,2006/03/30,28,5,0,8,6,1,N\A
1,2006/04/07,32,6,0,0,8,2,N\A
1,2006/04/15,35,7,0,0,9,2,N\A
1,2006/04/23,40,9,0,0,8,3,N\A
1,2006/05/01,44,11,0,64,6,2,N\A
1,2006/05/09,24,5,16,32,5,1,N\A
1,2006/05/17,81,37,0,0,10,12,N\A
1,2006/05/25,85,45,32,8,8,14,N\A
1,2006/06/02,92,53,97,64,248,248,N\A
1,2006/06/18,91,55,32,8,2,9,N\A
1,2006/06/26,58,16,0,64,6,3,N\A
1,2006/07/04,90,49,97,8,248,248,N\A
1,2006/07/12,94,59,97,64,248,248,N\A
1,2006/07/20,45,12,0,64,3,1,N\A
1,2006/07/28,92,54,97,8,248,248,N\A
1,2006/08/05,88,49,32,0,5,12,N\A
1,2006/08/13,94,67,32,0,0,2,N\A
1,2006/08/21,88,50,32,64,6,12,N\A
1,2006/08/29,92,53,32,0,2,10,N\A
1,2006/09/06,94,59,32,0,1,7,N\A
1,2006/09/14,88,45,32,0,6,14,N\A
1,2006/09/22,54,12,0,0,7,3,N\A
1,2006/09/30,47,10,0,0,4,1,N\A
1,2006/10/08,26,4,0,48,0,0,N\A
1,2006/10/16,34,5,0,0,7,1,N\A
1,2006/10/24,34,5,0,0,7,1,N\A
1,2006/11/01,34,5,0,0,7,1,N\A
1,2006/11/09,9,1,16,32,0,0,N\A
1,2006/11/17,34,5,16,8,7,1,N\A
1,2006/11/25,26,4,0,0,0,0,N\A
1,2006/12/03,8,2,81,64,248,248,N\A
1,2006/12/11,8,1,0,0,0,0,N\A
1,2006/12/19,16,2,16,48,9,1,N\A
1,2006/12/27,20,3,16,8,9,1,N\A
2,2000/02/18,1,0,105,32,248,248,N\A
2,2000/02/26,52,9,0,8,8,2,N\A
2,2000/03/05,50,11,0,0,6,2,N\A
2,2000/03/13,53,12,0,8,7,3,N\A
2,2000/03/21,54,13,0,64,7,3,N\A
2,2000/03/29,52,11,0,0,7,2,N\A
2,2000/04/06,47,10,0,48,7,2,N\A
2,2000/04/14,42,10,0,48,8,3,N\A
2,2000/04/22,3,1,105,48,248,248,N\A
2,2000/04/30,48,12,0,0,7,3,N\A
2,2000/05/08,46,12,0,0,7,3,N\A
2,2000/05/16,70,23,0,0,5,4,N\A
2,2000/05/24,90,54,32,0,3,10,N\A
2,2000/06/01,91,59,32,0,2,7,N\A
2,2000/06/09,92,54,97,8,248,248,N\A
2,2000/06/17,66,21,0,64,6,3,N\A
2,2000/07/03,82,41,0,64,9,12,N\A
2,2000/07/11,94,58,97,0,248,248,N\A
2,2000/07/19,89,50,32,64,4,11,N\A
2,2000/07/27,36,9,105,32,248,248,N\A
2,2000/08/12,82,35,105,32,248,248,N\A
2,2000/08/20,90,48,32,0,5,13,N\A
2,2000/08/28,61,17,0,64,2,1,N\A
2,2000/09/05,91,50,32,0,3,12,N\A
2,2000/09/13,92,52,32,32,2,10,N\A
2,2000/09/21,90,47,32,0,5,13,N\A
2,2000/09/29,88,45,32,0,6,14,N\A
2,2000/10/07,71,21,0,0,7,5,N\A
2,2000/10/15,64,12,0,0,7,3,N\A
2,2000/10/23,63,12,0,0,7,3,N\A
2,2000/10/31,51,9,0,0,7,2,N\A
2,2000/11/08,56,10,0,72,7,2,N\A
2,2000/11/16,50,9,0,0,7,2,N\A
2,2000/11/24,51,9,0,64,7,2,N\A
2,2000/12/02,51,8,0,72,8,2,N\A
2,2000/12/10,55,10,0,12,8,2,N\A
2,2000/12/18,59,11,0,8,7,2,N\A
2,2000/12/26,60,11,0,8,7,2,N\A
2,2001/01/01,57,10,0,64,9,3,N\A
2,2001/01/09,58,10,16,72,8,2,N\A
2,2001/01/17,52,9,0,8,7,2,N\A
2,2001/01/25,47,7,0,64,6,1,N\A
2,2001/02/02,46,7,0,72,5,1,N\A
2,2001/02/10,36,5,0,8,6,1,N\A
2,2001/02/18,47,7,16,72,6,1,N\A
2,2001/02/26,30,4,16,64,12,2,N\A
2,2001/03/06,39,10,113,72,248,248,N\A
2,2001/03/14,37,7,0,12,5,1,N\A
2,2001/03/22,21,4,105,32,248,248,N\A
2,2001/03/30,19,4,105,64,248,248,N\A
2,2001/04/07,48,12,0,8,7,3,N\A
2,2001/04/15,48,12,0,8,7,3,N\A
2,2001/04/23,50,13,0,0,8,3,N\A
2,2001/05/01,65,20,0,0,8,4,N\A
2,2001/05/09,72,27,0,8,8,6,N\A
2,2001/05/17,86,47,32,0,7,13,N\A
2,2001/05/25,90,53,32,0,3,10,N\A
2,2001/06/02,89,55,32,0,3,8,N\A
2,2001/06/10,92,53,97,8,248,248,N\A
2,2001/07/04,93,56,97,8,248,248,N\A
2,2001/07/12,66,21,0,64,7,4,N\A
2,2001/07/20,94,67,32,0,0,2,N\A
2,2001/07/28,95,60,97,64,248,248,N\A
2,2001/08/05,92,54,97,72,248,248,N\A
2,2001/08/13,61,19,0,64,7,4,N\A
2,2001/08/21,93,54,32,0,2,9,N\A
2,2001/08/29,93,56,32,0,1,8,N\A
2,2001/09/06,93,56,32,0,2,8,N\A
2,2001/09/14,91,49,32,0,4,12,N\A
2,2001/09/22,91,49,32,0,4,12,N\A
2,2001/09/30,90,48,32,0,5,13,N\A
2,2001/10/08,89,46,32,0,6,14,N\A
2,2001/10/16,67,14,0,0,8,3,N\A
2,2001/10/24,60,11,0,0,6,2,N\A
2,2001/11/01,59,11,0,0,6,2,N\A
2,2001/11/09,47,8,0,0,6,2,N\A
2,2001/11/17,59,11,0,0,6,2,N\A
2,2001/11/25,61,11,0,64,6,2,N\A
2,2001/12/03,53,9,0,0,7,2,N\A
2,2001/12/11,37,6,0,72,5,1,N\A
2,2001/12/19,55,10,0,72,8,2,N\A
2,2001/12/27,57,10,0,0,8,2,N\A
2,2002/01/01,54,9,0,8,7,2,N\A
2,2002/01/09,36,5,0,64,7,1,N\A
2,2002/01/17,24,5,97,64,248,248,N\A
2,2002/01/25,39,6,0,48,10,2,N\A
2,2002/02/02,58,10,0,12,9,2,N\A
2,2002/02/10,55,10,0,8,9,3,N\A
2,2002/02/18,59,11,0,0,8,2,N\A
2,2002/02/26,44,7,0,0,5,1,N\A
2,2002/03/06,54,12,0,0,8,3,N\A
2,2002/03/14,41,9,0,0,7,2,N\A
2,2002/03/30,62,16,0,64,7,3,N\A
2,2002/04/07,53,12,0,8,7,3,N\A
2,2002/04/15,55,15,16,8,8,3,N\A
2,2002/04/23,52,14,8,64,8,3,N\A
2,2002/05/01,57,16,0,8,7,3,N\A
2,2002/05/09,57,16,0,0,7,3,N\A
2,2002/05/17,68,23,0,64,8,5,N\A
2,2002/05/25,75,27,0,0,5,4,N\A
2,2002/06/02,90,52,32,8,4,10,N\A
2,2002/06/10,87,51,32,8,5,11,N\A
2,2002/06/18,94,57,97,8,248,248,N\A
2,2002/06/26,94,68,32,0,0,0,N\A
2,2002/07/04,94,57,97,64,248,248,N\A
2,2002/07/12,91,55,32,72,2,9,N\A
2,2002/07/20,96,61,97,8,248,248,N\A
2,2002/07/28,97,64,97,32,248,248,N\A
2,2002/08/05,92,58,32,64,1,7,N\A
2,2002/08/13,52,13,8,48,0,0,N\A
2,2002/08/21,92,54,97,0,248,248,N\A
2,2002/08/29,65,21,113,32,248,248,N\A
2,2002/09/06,93,56,32,0,2,8,N\A
2,2002/09/14,92,54,32,8,2,9,N\A
2,2002/09/22,90,48,32,72,4,13,N\A
2,2002/09/30,90,47,32,64,5,13,N\A
2,2002/10/08,91,45,32,0,5,15,N\A
2,2002/10/16,79,22,0,0,10,7,N\A
2,2002/10/24,67,14,0,0,8,3,N\A
2,2002/11/01,69,14,16,0,8,4,N\A
2,2002/11/09,61,11,0,0,6,2,N\A
2,2002/11/17,42,6,0,64,10,2,N\A
2,2002/11/25,50,8,0,8,7,2,N\A
2,2002/12/03,58,10,0,72,8,2,N\A
2,2002/12/11,44,7,0,32,8,2,N\A
2,2002/12/19,51,9,0,72,7,2,N\A
2,2002/12/27,53,9,16,72,7,2,N\A
2,2003/01/01,0,0,73,32,248,248,N\A
2,2003/01/09,53,8,16,72,0,0,N\A
2,2003/01/17,42,6,0,72,0,0,N\A
2,2003/01/25,20,4,113,64,248,248,N\A
2,2003/02/02,53,9,0,8,8,2,N\A
2,2003/02/10,36,5,0,64,7,1,N\A
2,2003/02/18,43,9,16,8,7,2,N\A
2,2003/02/26,33,6,16,64,8,2,N\A
2,2003/03/06,43,11,113,64,248,248,N\A
2,2003/03/14,25,4,16,48,9,2,N\A
2,2003/03/22,47,10,0,8,8,3,N\A
2,2003/03/30,53,12,0,72,7,3,N\A
2,2003/04/07,52,14,0,0,8,3,N\A
2,2003/04/15,54,14,0,8,8,3,N\A
2,2003/04/23,47,12,0,8,7,3,N\A
2,2003/05/01,52,14,0,0,8,3,N\A
2,2003/05/09,55,15,0,0,7,3,N\A
2,2003/05/17,63,20,0,8,9,5,N\A
2,2003/05/25,4,1,105,32,248,248,N\A
2,2003/06/02,91,57,32,8,2,8,N\A
2,2003/06/10,87,49,0,64,2,4,N\A
2,2003/06/18,87,51,32,64,5,12,N\A
2,2003/06/26,66,25,0,32,7,5,N\A
2,2003/07/04,93,55,97,8,248,248,N\A
2,2003/07/12,94,57,97,8,248,248,N\A
2,2003/07/20,55,15,0,64,6,2,N\A
2,2003/07/28,95,59,97,72,248,248,N\A
2,2003/08/05,5,1,105,32,248,248,N\A
2,2003/08/13,86,46,32,64,7,14,N\A
2,2003/08/21,88,49,32,0,5,12,N\A
2,2003/08/29,92,54,97,0,248,248,N\A
2,2003/09/06,90,47,32,0,5,13,N\A
2,2003/09/14,93,56,32,8,1,8,N\A
2,2003/09/22,90,48,32,0,4,12,N\A
2,2003/09/30,89,46,32,0,6,14,N\A
2,2003/10/08,89,45,32,0,6,14,N\A
2,2003/10/16,68,14,0,0,8,3,N\A
2,2003/10/24,50,8,0,0,7,2,N\A
2,2003/11/01,56,10,0,64,8,2,N\A
2,2003/11/09,52,9,0,0,7,2,N\A
2,2003/11/17,53,9,0,0,7,2,N\A
2,2003/11/25,51,8,0,48,8,2,N\A
2,2003/12/03,58,10,0,72,8,2,N\A
2,2003/12/11,53,9,0,8,8,2,N\A
2,2003/12/19,0,0,105,32,248,248,N\A
2,2003/12/27,52,9,0,0,7,2,N\A
2,2004/01/01,51,9,16,72,8,2,N\A
2,2004/01/09,53,9,16,8,7,2,N\A
2,2004/01/17,47,7,0,64,6,1,N\A
2,2004/01/25,47,7,0,64,6,1,N\A
2,2004/02/02,47,7,16,64,6,1,N\A
2,2004/02/10,48,7,16,64,5,1,N\A
2,2004/02/18,50,8,0,8,7,2,N\A
2,2004/02/26,42,6,0,8,0,0,N\A
2,2004/03/05,47,10,0,8,4,1,N\A
2,2004/03/13,34,7,0,8,4,1,N\A
2,2004/03/21,43,8,0,8,0,0,N\A
2,2004/03/29,43,9,0,8,7,2,N\A
2,2004/04/06,56,13,0,64,8,3,N\A
2,2004/04/14,52,14,0,8,8,3,N\A
2,2004/04/22,57,16,0,64,7,3,N\A
2,2004/04/30,41,10,8,48,8,3,N\A
2,2004/05/08,87,47,32,8,7,14,N\A
2,2004/05/16,88,50,32,0,5,12,N\A
2,2004/05/24,87,50,32,64,5,11,N\A
2,2004/06/01,89,48,97,0,248,248,N\A
2,2004/06/09,91,55,32,8,2,8,N\A
2,2004/06/17,93,56,97,0,248,248,N\A
2,2004/06/25,93,56,97,0,248,248,N\A
2,2004/07/03,94,57,97,0,248,248,N\A
2,2004/07/11,93,55,97,64,248,248,N\A
2,2004/07/19,94,57,97,8,248,248,N\A
2,2004/07/27,94,57,97,8,248,248,N\A
2,2004/08/04,89,51,32,72,4,11,N\A
2,2004/08/12,92,59,32,64,1,6,N\A
2,2004/08/20,93,66,32,0,0,2,N\A
2,2004/08/28,92,54,32,0,2,9,N\A
2,2004/09/05,91,50,32,32,4,12,N\A
2,2004/09/13,87,44,32,32,8,15,N\A
2,2004/09/21,91,50,32,0,3,11,N\A
2,2004/09/29,89,46,32,0,6,14,N\A
2,2004/10/07,88,40,32,8,9,17,N\A
2,2004/10/15,56,10,0,64,6,2,N\A
2,2004/10/23,61,11,0,0,6,2,N\A
2,2004/10/31,56,10,0,0,7,2,N\A
2,2004/11/08,52,9,0,8,8,2,N\A
2,2004/11/16,50,8,0,0,7,2,N\A
2,2004/11/24,66,13,16,0,8,3,N\A
2,2004/12/02,54,10,0,0,6,2,N\A
2,2004/12/10,52,9,0,0,7,2,N\A
2,2004/12/18,54,9,0,64,7,2,N\A
2,2004/12/26,43,7,0,0,5,1,N\A
2,2005/01/01,50,8,0,68,7,2,N\A
2,2005/01/09,47,7,16,72,6,1,N\A
2,2005/01/17,51,8,0,0,8,2,N\A
2,2005/01/25,45,7,0,8,5,1,N\A
2,2005/02/02,41,6,0,64,9,2,N\A
2,2005/02/10,47,7,0,72,5,1,N\A
2,2005/02/18,47,7,0,8,6,1,N\A
2,2005/02/26,23,5,113,64,248,248,N\A
2,2005/03/06,33,6,16,72,7,2,N\A
2,2005/03/14,36,7,16,8,5,1,N\A
2,2005/03/22,46,10,0,8,9,3,N\A
2,2005/03/30,35,9,0,8,6,2,N\A
2,2005/04/07,57,14,0,0,9,3,N\A
2,2005/04/15,54,15,0,0,9,4,N\A
2,2005/04/23,57,16,0,0,7,3,N\A
2,2005/05/01,35,9,0,0,6,2,N\A
2,2005/05/09,60,17,0,0,7,4,N\A
2,2005/05/17,33,7,0,64,5,1,N\A
2,2005/05/25,62,18,0,0,4,2,N\A
2,2005/06/02,85,48,32,8,7,13,N\A
2,2005/06/10,40,10,97,64,248,248,N\A
2,2005/06/18,84,46,32,48,8,14,N\A
2,2005/06/26,96,62,97,8,248,248,N\A
2,2005/07/04,94,57,97,8,248,248,N\A
2,2005/07/12,88,50,32,64,5,11,N\A
2,2005/07/20,84,44,32,48,9,15,N\A
2,2005/07/28,87,48,32,64,6,13,N\A
2,2005/08/05,93,56,97,0,248,248,N\A
2,2005/08/13,92,53,97,0,248,248,N\A
2,2005/08/21,91,54,32,64,3,10,N\A
2,2005/08/29,92,54,32,0,2,9,N\A
2,2005/09/06,93,54,32,8,2,9,N\A
2,2005/09/14,92,54,97,8,248,248,N\A
2,2005/09/22,90,48,32,0,4,12,N\A
2,2005/09/30,90,47,32,0,5,13,N\A
2,2005/10/08,2,0,105,32,248,248,N\A
2,2005/10/16,39,6,0,64,0,0,N\A
2,2005/10/24,68,14,0,64,8,3,N\A
2,2005/11/01,64,12,0,64,8,3,N\A
2,2005/11/09,59,11,0,0,6,2,N\A
2,2005/11/17,54,9,0,0,6,2,N\A
2,2005/11/25,55,9,0,8,7,2,N\A
2,2005/12/03,50,8,0,72,8,2,N\A
2,2005/12/11,68,13,16,72,0,0,N\A
2,2005/12/19,57,10,0,72,9,3,N\A
2,2005/12/27,65,13,0,8,7,3,N\A
2,2006/01/01,37,6,0,72,5,1,N\A
2,2006/01/09,45,7,0,8,5,1,N\A
2,2006/01/17,58,10,0,8,8,2,N\A
2,2006/01/25,42,6,0,64,10,2,N\A
2,2006/02/02,55,10,0,0,8,2,N\A
2,2006/02/10,60,11,0,0,6,2,N\A
2,2006/02/18,54,9,0,0,8,2,N\A
2,2006/02/26,54,12,0,8,7,3,N\A
2,2006/03/06,54,12,0,8,8,3,N\A
2,2006/03/14,55,13,0,0,7,3,N\A
2,2006/03/22,56,13,0,0,9,3,N\A
2,2006/03/30,57,13,0,8,8,3,N\A
2,2006/04/07,54,12,0,0,7,3,N\A
2,2006/04/15,53,12,0,0,7,3,N\A
2,2006/04/23,55,15,0,0,7,3,N\A
2,2006/05/01,59,17,0,0,8,4,N\A
2,2006/05/09,2,0,105,32,248,248,N\A
2,2006/05/17,69,24,0,32,8,6,N\A
2,2006/05/25,89,51,32,0,4,11,N\A
2,2006/06/02,7,1,105,32,248,248,N\A
2,2006/06/10,92,59,32,8,1,6,N\A
2,2006/06/18,93,56,97,8,248,248,N\A
2,2006/06/26,27,7,0,64,4,1,N\A
2,2006/07/04,92,60,32,8,1,5,N\A
2,2006/07/12,94,67,32,8,0,2,N\A
2,2006/07/20,93,66,32,8,0,2,N\A
2,2006/07/28,89,52,32,72,4,10,N\A
2,2006/08/05,90,54,32,64,3,9,N\A
2,2006/08/13,91,57,32,0,2,8,N\A
2,2006/08/21,93,66,32,0,0,3,N\A
2,2006/08/29,36,8,105,48,248,248,N\A
2,2006/09/06,91,50,32,72,4,12,N\A
2,2006/09/14,90,47,32,8,5,13,N\A
2,2006/09/22,88,45,32,0,7,15,N\A
2,2006/09/30,87,43,32,64,8,15,N\A
2,2006/10/08,74,23,0,0,8,5,N\A
2,2006/10/16,67,14,0,0,8,3,N\A
2,2006/10/24,58,10,0,0,9,2,N\A
2,2006/11/01,53,9,0,0,7,2,N\A
2,2006/11/09,55,10,0,0,7,2,N\A
2,2006/11/17,52,9,0,0,7,2,N\A
2,2006/11/25,41,6,0,48,9,2,N\A
2,2006/12/03,53,9,0,0,7,2,N\A
2,2006/12/11,47,7,16,48,6,1,N\A
2,2006/12/19,52,9,0,0,7,2,N\A
2,2006/12/27,50,9,0,0,7,2,N\A