1,38.4316,-120.966,8,5,628,188
2,38.4133,-120.9507,8,5,627,190

No data
No dataid,Date,8-day daytime 1km grid Land-surface Temperature,Quality control for daytime LST and emissivity,Average time of daytime Land-surface Temperature observation,Average view zenith angle of daytime Land-surface Temperature,8-day nighttime 1km grid Land-surface Temperature,Quality control for nighttime LST and emissivity,Average time of nighttime Land-surface Temperature observation,Average view zenith angle of nighttime Land-surface Temperature,Band 31 emissivity,Band 32 emissivity,the days in clear-sky conditions and with validate LSTs,the nights in clear-sky conditions and with validate LSTs,actual_date
1,2002/07/04,16250,0,128,35,14609,0,17,40,246,248,15,15,N\A
1,2002/07/12,16019,0,132,76,14433,0,18,48,246,248,247,254,N\A
1,2002/07/20,16002,0,130,52,14417,0,19,56,246,248,255,255,N\A
1,2002/07/28,15722,0,137,118,14407,0,23,79,247,248,1,3,N\A
1,2002/08/05,16146,0,129,47,14547,0,18,52,246,248,31,31,N\A
1,2002/08/13,15819,0,132,68,14390,0,19,57,246,248,255,255,N\A
1,2002/08/21,15830,0,132,67,14325,0,19,56,246,248,255,255,N\A
1,2002/08/29,15943,0,131,61,14430,0,19,55,246,248,127,191,N\A
1,2002/09/06,15769,0,131,60,14306,0,19,57,246,248,63,126,N\A
1,2002/09/14,15756,0,131,61,14376,0,18,50,246,248,254,252,N\A
1,2002/09/22,15750,0,130,59,14359,0,19,56,246,248,191,127,N\A
1,2002/09/30,15460,0,128,45,14277,0,18,49,246,248,254,254,N\A
1,2002/10/08,15446,0,131,64,14253,0,20,70,246,248,247,187,N\A
1,2002/10/16,15185,0,128,41,14061,0,18,48,246,248,122,254,N\A
1,2002/10/24,15060,0,129,50,13988,0,18,48,246,248,236,252,N\A
1,2002/11/01,14958,65,129,45,13848,0,19,56,246,248,26,59,N\A
1,2002/11/09,14581,65,125,11,14028,0,17,41,248,248,16,241,N\A
1,2002/11/17,14580,0,132,68,13981,0,19,59,247,248,15,78,N\A
1,2002/11/25,14582,0,130,53,13750,0,18,48,246,248,219,28,N\A
1,2002/12/03,14525,0,128,42,13831,0,18,52,247,248,50,179,N\A
1,2002/12/11,14351,65,130,47,0,2,255,255,246,248,129,0,N\A
1,2002/12/19,14242,0,131,70,13741,0,19,57,246,248,28,24,N\A
1,2002/12/27,0,2,255,255,0,2,255,255,0,0,0,0,N\A
1,2003/01/01,14369,0,129,44,13885,0,16,29,246,248,85,80,N\A
1,2003/01/09,14485,0,130,55,13879,0,19,58,246,248,192,192,N\A
1,2003/01/17,14170,65,132,76,13860,0,21,83,246,248,1,1,N\A
1,2003/01/25,14575,0,136,112,13978,0,20,64,247,248,16,56,N\A
1,2003/02/02,14558,0,131,61,13731,0,20,66,246,248,255,255,N\A
1,2003/02/10,14415,0,129,52,13770,0,12,5,247,248,65,5,N\A
1,2003/02/18,14658,0,132,77,13843,0,21,82,246,248,61,61,N\A
1,2003/02/26,14667,0,131,65,13790,0,17,45,246,248,218,245,N\A
1,2003/03/06,14807,0,129,50,13902,0,19,62,246,248,95,127,N\A
1,2003/03/14,14643,0,129,50,13805,0,17,39,246,248,251,180,N\A
1,2003/03/22,14774,0,132,69,13998,0,21,75,246,248,252,205,N\A
1,2003/03/30,14612,65,130,60,13937,0,18,55,247,248,113,65,N\A
1,2003/04/07,14839,0,128,37,14027,0,20,66,247,248,19,15,N\A
1,2003/04/15,14644,65,129,51,13919,0,18,51,247,248,28,49,N\A
1,2003/04/23,14919,0,131,60,13962,0,19,57,246,248,144,192,N\A
1,2003/05/01,14415,65,137,118,14000,0,21,72,247,248,20,48,N\A
1,2003/05/09,15016,0,130,58,14061,0,20,68,246,248,127,238,N\A
1,2003/05/17,15319,0,129,45,14215,0,18,49,246,248,255,255,N\A
1,2003/05/25,15555,0,130,59,14331,0,21,77,246,248,254,222,N\A
1,2003/06/02,15586,0,129,45,14357,0,18,48,246,248,255,255,N\A
1,2003/06/10,15626,0,131,61,14262,0,19,63,246,248,255,254,N\A
1,2003/06/18,15702,0,130,55,14269,0,18,48,246,248,222,255,N\A
1,2003/06/26,16059,0,131,61,14389,0,20,66,246,248,255,255,N\A
1,2003/07/04,15968,0,129,45,14349,0,18,48,246,248,255,255,N\A
1,2003/07/12,16110,0,131,61,14521,0,19,62,246,248,255,127,N\A
1,2003/07/20,16023,0,130,52,14614,0,17,47,246,248,243,198,N\A
1,2003/07/28,15728,0,133,77,14547,0,18,50,247,248,194,195,N\A
1,2003/08/05,15858,0,131,67,14358,0,18,48,246,248,254,255,N\A
1,2003/08/13,15973,0,131,61,14379,0,20,65,246,248,255,255,N\A
1,2003/08/21,15930,0,130,57,14360,0,18,55,246,248,248,220,N\A
1,2003/08/29,15893,0,131,61,14462,0,20,67,246,248,255,251,N\A
1,2003/09/06,15703,0,130,53,14375,0,17,48,246,248,243,247,N\A
1,2003/09/14,15825,0,132,70,14376,0,20,66,246,248,253,255,N\A
1,2003/09/22,15591,0,129,45,14360,0,18,48,246,248,255,255,N\A
1,2003/09/30,15461,0,131,63,14256,0,20,65,246,248,251,255,N\A
1,2003/10/08,15377,0,129,45,14171,0,18,55,246,248,255,251,N\A
1,2003/10/16,15469,0,133,80,14230,0,20,66,246,248,183,255,N\A
1,2003/10/24,15413,0,128,42,14228,0,18,53,246,248,63,127,N\A
1,2003/11/01,14723,65,126,17,13766,0,19,65,247,248,64,35,N\A
1,2003/11/09,14642,0,129,46,13863,0,16,33,246,248,158,142,N\A
1,2003/11/17,14546,0,130,55,13753,0,17,43,246,248,126,114,N\A
1,2003/11/25,14435,0,127,28,13624,0,13,8,248,248,131,133,N\A
1,2003/12/03,14513,0,134,92,13777,0,24,109,246,248,33,32,N\A
1,2003/12/11,14291,0,133,78,13726,0,21,72,246,248,24,48,N\A
1,2003/12/19,14417,0,132,71,13753,65,22,93,246,248,132,128,N\A
1,2003/12/27,14220,0,124,7,13608,65,17,41,248,248,1,3,N\A
1,2004/01/01,14197,0,127,30,13625,0,18,49,248,249,28,12,N\A
1,2004/01/09,14511,0,133,87,0,2,255,255,246,248,4,0,N\A
1,2004/01/17,14420,0,127,28,13736,0,16,32,247,248,48,48,N\A
1,2004/01/25,14263,0,132,74,13679,65,18,46,247,248,65,82,N\A
1,2004/02/02,14446,0,132,70,13728,0,19,60,246,248,232,248,N\A
1,2004/02/10,14704,0,131,69,13785,0,19,58,248,249,23,15,N\A
1,2004/02/18,14499,0,134,97,0,2,255,255,246,248,2,0,N\A
1,2004/02/26,14492,0,129,54,13808,0,18,53,247,248,166,236,N\A
1,2004/03/05,14963,0,130,56,14075,0,19,56,246,248,254,255,N\A
1,2004/03/13,15011,0,130,54,14124,0,19,58,246,248,255,255,N\A
1,2004/03/21,14942,0,131,65,14019,65,16,29,246,248,79,180,N\A
1,2004/03/29,14878,0,132,72,14022,0,19,59,246,248,252,191,N\A
1,2004/04/06,15116,0,129,51,14060,0,18,48,246,248,223,63,N\A
1,2004/04/14,14968,65,136,112,13835,65,24,108,246,248,128,1,N\A
1,2004/04/22,15527,0,130,51,14230,0,19,56,246,248,255,255,N\A
1,2004/04/30,15618,0,130,54,14206,0,19,58,246,248,255,255,N\A
1,2004/05/08,15547,0,132,75,14090,0,18,52,246,248,59,187,N\A
1,2004/05/16,15487,0,130,54,14123,0,17,43,246,248,255,123,N\A
1,2004/05/24,15665,0,131,61,14174,0,20,61,246,248,103,231,N\A
1,2004/06/01,15852,0,130,61,14285,0,19,58,246,248,231,255,N\A
1,2004/06/09,15944,0,130,58,14316,0,18,47,246,248,251,191,N\A
1,2004/06/17,15896,0,132,70,14290,0,18,50,246,248,255,127,N\A
1,2004/06/25,15957,0,130,59,14369,0,19,56,246,248,239,223,N\A
1,2004/07/03,15937,0,130,54,14364,0,19,56,246,248,255,239,N\A
1,2004/07/11,16063,0,130,52,14385,0,18,48,246,248,255,63,N\A
1,2004/07/19,16074,0,129,47,14503,0,18,51,246,248,254,254,N\A
1,2004/07/27,15906,0,130,52,14379,0,18,46,246,248,255,191,N\A
1,2004/08/04,16029,0,129,46,14447,0,18,53,246,248,127,251,N\A
1,2004/08/12,15932,0,130,57,14455,0,19,56,246,248,251,255,N\A
1,2004/08/20,15778,0,130,57,14393,0,23,88,246,248,243,179,N\A
1,2004/08/28,15997,0,128,42,14414,0,19,56,246,248,191,255,N\A
1,2004/09/05,16002,0,130,54,14521,0,18,50,246,248,255,127,N\A
1,2004/09/13,15756,0,128,42,14301,0,18,44,246,248,31,159,N\A
1,2004/09/21,15647,0,132,69,14259,0,18,49,246,248,255,127,N\A
1,2004/09/29,15447,0,128,41,14210,0,18,52,246,248,191,247,N\A
1,2004/10/07,15482,0,131,63,14209,0,19,58,246,248,127,255,N\A
1,2004/10/15,14988,65,132,68,14106,0,21,72,246,248,195,195,N\A
1,2004/10/23,14708,65,132,76,13963,0,20,65,246,248,212,244,N\A
1,2004/10/31,14727,0,130,56,13928,0,20,60,246,248,231,231,N\A
1,2004/11/08,14637,0,135,93,14140,65,18,47,247,248,48,64,N\A
1,2004/11/16,14516,0,127,27,13815,0,20,64,246,248,177,242,N\A
1,2004/11/24,14362,0,131,64,13727,0,19,64,246,248,241,117,N\A
1,2004/12/02,14369,0,130,57,13625,0,18,48,247,248,139,7,N\A
1,2004/12/10,14477,65,127,32,13786,0,22,85,247,248,43,196,N\A
1,2004/12/18,14286,0,132,72,13674,0,22,74,246,248,249,241,N\A
1,2004/12/26,14149,65,129,53,0,2,255,255,248,249,33,0,N\A
1,2005/01/01,14426,65,132,76,0,2,255,255,246,248,32,0,N\A
1,2005/01/09,14236,65,126,17,13789,0,18,50,246,248,8,26,N\A
1,2005/01/17,0,2,255,255,0,2,255,255,0,0,0,0,N\A
1,2005/01/25,14452,0,126,24,13773,0,17,43,247,248,224,240,N\A
1,2005/02/02,14544,0,130,57,13930,0,17,38,246,248,31,5,N\A
1,2005/02/10,14557,0,136,112,13839,65,25,115,247,248,5,5,N\A
1,2005/02/18,14635,0,132,76,13965,65,19,67,247,249,32,98,N\A
1,2005/02/26,14606,0,130,64,13816,65,13,10,247,248,148,168,N\A
1,2005/03/06,14893,0,129,52,14160,0,19,63,246,248,127,111,N\A
1,2005/03/14,14817,0,133,75,13798,0,19,60,246,248,3,129,N\A
1,2005/03/22,14446,65,131,65,13936,0,16,37,247,248,92,92,N\A
1,2005/03/30,14642,0,128,44,13998,0,19,58,246,248,227,143,N\A
1,2005/04/07,14655,0,129,44,13888,0,23,93,246,248,253,232,N\A
1,2005/04/15,14857,0,131,61,13951,0,17,47,246,248,127,187,N\A
1,2005/04/23,14842,0,127,26,14025,0,14,16,246,248,196,68,N\A
1,2005/05/01,14898,0,132,71,14163,0,22,90,246,248,67,68,N\A
1,2005/05/09,14835,0,132,77,14109,0,21,82,246,248,46,46,N\A
1,2005/05/17,15230,0,127,35,14242,0,15,27,247,248,248,224,N\A
1,2005/05/25,15383,0,131,63,14273,0,18,50,246,248,247,247,N\A
1,2005/06/02,15364,0,131,61,14158,0,20,65,246,248,63,63,N\A
1,2005/06/10,15512,0,130,59,14289,0,21,75,246,248,191,47,N\A
1,2005/06/18,15498,0,128,45,14211,0,17,49,246,248,254,254,N\A
1,2005/06/26,15765,0,130,52,14381,0,19,57,246,248,255,255,N\A
1,2005/07/04,15755,0,130,54,14368,0,19,58,246,248,255,255,N\A
1,2005/07/12,16064,0,130,52,14610,0,19,57,246,248,255,255,N\A
1,2005/07/20,16011,0,130,57,14548,0,19,58,246,248,253,255,N\A
1,2005/07/28,15999,0,130,52,14469,0,18,50,246,248,255,247,N\A
1,2005/08/05,15971,0,130,54,14483,0,17,43,246,248,255,235,N\A
1,2005/08/13,15706,0,130,56,14328,0,20,68,246,248,251,235,N\A
1,2005/08/21,15878,0,130,54,14426,0,19,58,246,248,255,255,N\A
1,2005/08/29,15778,0,130,52,14343,0,19,57,246,248,255,255,N\A
1,2005/09/06,15426,0,130,54,14188,0,19,58,246,248,255,255,N\A
1,2005/09/14,15510,0,130,52,14228,0,19,56,246,248,255,255,N\A
1,2005/09/22,15423,0,128,38,14254,0,16,52,247,248,238,239,N\A
1,2005/09/30,15391,0,129,47,14202,0,19,60,246,248,249,251,N\A
1,2005/10/08,15311,0,131,61,14175,0,20,65,246,248,63,127,N\A
1,2005/10/16,15171,0,130,52,14125,0,17,39,246,248,255,245,N\A
1,2005/10/24,14907,0,127,35,13999,0,20,68,246,248,250,224,N\A
1,2005/11/01,14755,65,129,46,13898,65,18,54,246,248,157,25,N\A
1,2005/11/09,14881,0,129,56,13977,0,18,54,246,248,196,198,N\A
1,2005/11/17,14947,0,129,52,13910,0,19,56,247,248,127,255,N\A
1,2005/11/25,14396,65,129,53,13571,65,24,108,246,248,132,4,N\A
1,2005/12/03,14477,0,129,49,13701,0,19,62,246,248,237,239,N\A
1,2005/12/11,14371,65,133,80,13648,0,22,85,246,248,13,29,N\A
1,2005/12/19,14547,0,131,64,0,2,255,255,246,248,160,0,N\A
1,2005/12/27,0,2,255,255,0,2,255,255,0,0,0,0,N\A
1,2006/01/01,14403,65,130,57,13842,65,17,46,246,248,248,145,N\A
1,2006/01/09,14337,0,127,32,13770,0,17,43,246,248,67,3,N\A
1,2006/01/17,14398,0,129,48,13734,0,21,80,246,248,252,220,N\A
1,2006/01/25,14192,65,139,127,13849,0,18,51,249,249,2,65,N\A
1,2006/02/02,14715,0,129,48,13891,0,18,54,246,248,234,200,N\A
1,2006/02/10,14698,0,130,59,13870,0,19,62,247,248,123,127,N\A
1,2006/02/18,14662,0,129,48,13770,0,19,58,246,248,252,124,N\A
1,2006/02/26,14577,0,134,86,13834,0,21,71,246,248,12,72,N\A
1,2006/03/06,14383,65,127,33,13723,65,18,58,247,248,46,20,N\A
1,2006/03/14,14631,0,133,86,13746,0,24,109,247,248,184,32,N\A
1,2006/03/22,14444,65,132,73,13861,0,18,47,246,248,26,179,N\A
1,2006/03/30,14772,65,132,70,0,2,255,255,247,249,132,0,N\A
1,2006/04/07,14811,0,129,45,14046,0,20,71,246,248,195,2,N\A
1,2006/04/15,14919,0,133,77,14029,0,23,89,246,248,60,184,N\A
1,2006/04/23,15086,0,130,57,14273,0,18,52,246,248,248,176,N\A
1,2006/05/01,15133,0,133,77,14169,0,20,65,246,248,255,255,N\A
1,2006/05/09,15315,0,128,37,14245,0,18,48,246,248,183,255,N\A
1,2006/05/17,15397,0,129,46,14318,65,23,88,246,248,195,141,N\A
1,2006/05/25,15261,0,130,60,14084,0,20,63,246,248,253,253,N\A
1,2006/06/02,15720,0,131,66,14259,0,21,73,246,248,190,252,N\A
1,2006/06/10,15684,0,128,41,14257,0,19,55,246,248,235,251,N\A
1,2006/06/18,16091,0,131,61,14477,0,20,65,246,248,255,255,N\A
1,2006/06/26,15943,0,129,51,14491,0,18,48,246,248,251,187,N\A
1,2006/07/04,15997,0,130,59,14440,0,20,66,246,248,254,255,N\A
1,2006/07/12,16054,0,131,60,14489,0,19,53,246,248,255,127,N\A
1,2006/07/20,16360,0,131,62,14749,0,21,67,246,248,245,245,N\A
1,2006/07/28,15922,0,130,59,14376,0,19,48,246,248,250,255,N\A
1,2006/08/05,15899,0,131,62,14443,0,22,73,246,248,255,252,N\A
1,2006/08/13,15827,0,129,45,14335,0,19,48,246,248,255,255,N\A
1,2006/08/21,15918,0,131,61,14358,0,21,67,246,248,255,251,N\A
1,2006/08/29,15850,0,129,45,14350,0,19,48,246,248,255,255,N\A
1,2006/09/06,15784,0,131,61,14397,0,21,66,246,248,255,255,N\A
1,2006/09/14,15514,0,130,57,14210,0,19,58,246,248,126,95,N\A
1,2006/09/22,15634,0,131,61,14265,0,21,66,246,248,255,255,N\A
1,2006/09/30,15066,0,130,55,14119,0,19,55,246,248,192,200,N\A
1,2006/10/08,15248,0,131,61,14136,0,20,62,246,248,255,127,N\A
1,2006/10/16,15244,0,130,50,14172,0,19,54,246,248,254,254,N\A
1,2006/10/24,15089,65,131,61,13936,0,21,66,246,248,255,255,N\A
1,2006/11/01,14846,65,130,57,14199,0,19,48,246,248,209,232,N\A
1,2006/11/09,14755,0,129,47,13877,0,20,57,246,248,65,75,N\A
1,2006/11/17,14591,0,130,58,13829,0,15,14,247,248,194,164,N\A
1,2006/11/25,14467,0,132,73,13672,0,22,76,246,248,249,248,N\A
1,2006/12/03,14657,0,129,45,13715,0,18,49,246,248,31,31,N\A
1,2006/12/11,14223,65,131,60,13655,0,24,101,246,248,193,160,N\A
1,2006/12/19,14285,0,124,7,13567,0,14,9,247,248,1,1,N\A
1,2006/12/27,14277,0,131,61,13670,65,19,54,247,248,10,26,N\A
1,2007/01/01,14338,0,131,61,13617,0,21,69,247,248,244,241,N\A
1,2007/01/09,14235,0,129,48,13537,0,20,62,247,248,125,219,N\A
1,2007/01/17,14474,0,131,61,13581,0,19,56,246,248,247,239,N\A
1,2007/01/25,14600,0,128,38,13767,0,18,38,247,248,55,189,N\A
1,2007/02/02,14594,0,132,70,13745,0,20,62,247,248,7,22,N\A
1,2007/02/10,14611,0,130,49,13902,0,19,54,246,248,252,208,N\A
1,2007/02/18,14596,65,132,70,13854,0,18,41,246,248,7,14,N\A
1,2007/02/26,14666,0,129,41,13743,0,21,67,247,248,184,120,N\A
1,2007/03/06,14897,0,131,65,13966,0,22,76,246,248,241,81,N\A
1,2007/03/14,15038,0,129,44,14137,0,19,51,246,248,158,30,N\A
1,2007/03/22,14924,0,132,65,13928,0,20,64,246,248,198,231,N\A
1,2007/03/30,15044,0,130,52,13978,0,17,37,247,248,154,23,N\A
1,2007/04/07,14835,0,128,40,13886,0,17,29,246,248,124,72,N\A
1,2007/04/15,14922,65,131,56,13890,0,20,64,246,248,171,94,N\A
1,2007/04/23,15040,0,129,49,14104,0,20,59,246,248,251,191,N\A
1,2007/05/01,15293,0,130,51,14141,0,18,44,247,248,240,245,N\A
1,2007/05/09,15368,0,130,54,14122,0,20,58,246,248,255,255,N\A
1,2007/05/17,15550,0,129,45,14119,0,20,56,246,248,253,255,N\A
1,2007/05/25,15642,0,129,42,14143,0,20,58,246,248,118,255,N\A
1,2007/06/02,15655,0,130,54,14123,0,21,61,246,248,243,225,N\A
1,2007/06/10,15965,0,128,36,14409,0,19,51,246,248,126,254,N\A
1,2007/06/18,15958,0,130,52,14310,0,20,56,246,248,255,255,N\A
1,2007/06/26,16008,0,131,61,14342,0,21,67,246,248,247,223,N\A
1,2007/07/04,16065,0,129,42,14539,0,20,58,246,248,191,127,N\A
1,2007/07/12,15906,0,130,56,14282,0,20,59,246,248,191,191,N\A
1,2007/07/20,15996,0,131,56,14383,0,20,63,246,248,231,239,N\A
1,2007/07/28,16111,0,130,54,14422,0,22,74,246,248,255,255,N\A
1,2007/08/05,15831,0,130,52,14311,0,19,50,246,248,255,253,N\A
1,2007/08/13,15922,0,130,54,14326,0,20,58,246,248,255,255,N\A
1,2007/08/21,15947,0,130,52,14497,0,20,56,246,248,255,255,N\A
1,2007/08/29,15944,0,130,55,14563,0,19,51,246,248,249,254,N\A
1,2007/09/06,15629,0,130,52,14361,0,18,56,246,248,255,255,N\A
1,2007/09/14,15493,0,130,54,14200,0,22,74,246,248,95,255,N\A
1,2007/09/22,15560,0,128,35,14189,0,18,38,246,248,188,189,N\A
1,2007/09/30,15395,0,132,71,14033,0,20,64,246,248,205,253,N\A
1,2007/10/08,15122,0,129,46,14140,0,22,78,246,248,169,107,N\A
1,2007/10/16,15097,0,130,55,14049,0,20,64,246,248,240,228,N\A
1,2007/10/24,15134,0,128,42,14207,0,19,48,246,248,191,167,N\A
1,2007/11/01,15152,0,131,63,14012,0,19,58,246,248,87,255,N\A
1,2007/11/09,14782,0,127,28,14046,0,20,66,247,248,177,120,N\A
1,2007/11/17,14694,0,128,39,13857,0,20,58,247,248,123,246,N\A
1,2007/11/25,14514,0,131,64,13620,0,26,108,246,248,108,90,N\A
1,2007/12/03,14480,0,133,86,13701,0,19,54,246,248,193,224,N\A
1,2007/12/11,14313,0,128,37,13624,65,20,57,247,248,13,47,N\A
1,2007/12/19,14268,0,130,54,13604,65,18,50,246,248,246,76,N\A
1,2007/12/27,0,2,255,255,13576,65,23,78,247,248,0,17,N\A
1,2008/01/01,14287,0,130,52,13685,0,20,59,246,248,1,1,N\A
1,2008/01/09,14336,0,130,58,13662,0,17,43,246,248,208,192,N\A
1,2008/01/17,14464,0,132,67,13688,65,22,72,246,248,7,7,N\A
1,2008/01/25,14157,65,126,18,13752,65,23,86,246,248,40,152,N\A
1,2008/02/02,14409,0,129,45,13743,0,22,78,246,248,220,172,N\A
1,2008/02/10,14661,0,129,46,13756,0,18,49,246,248,253,253,N\A
1,2008/02/18,14772,0,130,53,13819,0,22,76,246,248,1,33,N\A
1,2008/02/26,14635,0,129,46,13865,0,17,32,246,248,255,173,N\A
1,2008/03/05,14896,0,132,66,13881,65,20,59,246,248,57,73,N\A
1,2008/03/13,14786,0,128,42,13857,0,18,46,246,248,248,248,N\A
1,2008/03/21,15070,0,133,79,13911,0,20,64,246,248,47,127,N\A
1,2008/03/29,14901,0,129,49,13783,0,20,59,247,248,230,180,N\A
1,2008/04/06,15186,0,131,61,13985,0,21,70,246,248,254,250,N\A
1,2008/04/14,15184,0,131,61,13916,0,18,44,247,248,255,191,N\A
1,2008/04/22,15538,0,131,61,14060,0,20,56,246,248,188,252,N\A
1,2008/04/30,15506,0,129,42,14008,0,19,49,246,248,250,255,N\A
1,2008/05/08,15703,0,132,68,14106,0,22,77,246,248,191,39,N\A
1,2008/05/16,15915,0,131,59,14323,0,19,55,246,248,95,127,N\A
1,2008/05/24,15665,0,129,44,14043,0,21,70,246,248,240,104,N\A
1,2008/06/01,15814,0,128,36,14175,0,20,61,246,248,251,246,N\A
1,2008/06/09,16086,0,132,60,14357,0,21,65,246,248,255,255,N\A
1,2008/06/17,16152,0,127,31,14399,0,19,49,246,248,107,255,N\A
1,2008/06/25,15934,0,132,60,14378,0,21,65,246,248,255,255,N\A
1,2008/07/03,16045,0,129,46,14557,0,17,49,246,248,255,255,N\A
1,2008/07/11,15974,0,132,60,14436,0,20,58,246,248,255,247,N\A
1,2008/07/19,15994,0,129,46,14388,0,17,40,246,248,255,251,N\A
1,2008/07/27,16072,0,131,56,14352,0,21,69,246,248,223,251,N\A
1,2008/08/04,15976,0,130,46,14385,0,17,40,246,248,255,251,N\A
1,2008/08/12,16074,0,131,60,14538,0,20,61,246,248,127,223,N\A
1,2008/08/20,15990,0,130,46,14455,0,19,49,246,248,255,255,N\A
1,2008/08/28,16035,0,132,60,14492,0,21,65,246,248,255,255,N\A
1,2008/09/05,15888,0,130,46,14405,0,19,49,246,248,255,255,N\A
1,2008/09/13,15688,0,133,71,14226,0,21,71,246,248,190,111,N\A
1,2008/09/21,15769,0,130,46,14336,0,19,49,246,248,255,255,N\A
1,2008/09/29,15606,0,134,78,14292,0,20,59,246,248,131,199,N\A
1,2008/10/07,15205,0,130,46,14031,0,19,49,246,248,255,255,N\A
1,2008/10/15,15388,0,132,64,14101,0,20,58,246,248,251,247,N\A
1,2008/10/23,15408,0,129,38,14128,0,19,55,246,248,47,127,N\A
1,2008/10/31,14761,0,129,35,13979,0,19,57,246,248,209,224,N\A
1,2008/11/08,14759,0,131,60,14032,0,18,50,246,248,244,197,N\A
1,2008/11/16,14869,0,132,65,14026,0,21,71,246,248,159,239,N\A
1,2008/11/24,14593,0,131,54,13876,0,16,25,247,248,225,225,N\A
1,2008/12/02,14459,0,131,48,13716,0,21,71,246,248,132,128,N\A
1,2008/12/10,14293,0,126,17,13661,0,19,54,247,248,139,151,N\A
1,2008/12/18,14242,0,132,65,13572,65,20,59,247,248,128,1,N\A
1,2008/12/26,14296,0,127,22,13648,0,20,58,248,248,11,53,N\A
1,2009/01/01,14144,65,138,118,13648,0,22,71,247,248,8,72,N\A
1,2009/01/09,14553,0,132,60,13759,0,19,54,246,248,255,254,N\A
1,2009/01/17,14693,0,132,66,13785,0,21,67,247,248,11,15,N\A
1,2009/01/25,14530,0,130,48,13769,0,19,51,246,248,252,252,N\A
1,2009/02/02,14606,0,131,61,13898,0,20,55,247,248,179,103,N\A
1,2009/02/10,14207,65,125,7,13642,0,14,9,247,248,1,1,N\A
1,2009/02/18,14535,0,130,46,13787,0,25,90,247,248,195,12,N\A
1,2009/02/26,14606,0,129,39,13879,0,22,71,246,248,130,2,N\A
1,2009/03/06,14698,0,131,59,13765,0,21,63,247,248,254,254,N\A
1,2009/03/14,14906,0,131,57,14074,0,21,58,246,248,106,192,N\A
1,2009/03/22,14832,0,131,53,13928,0,21,63,246,248,247,254,N\A
1,2009/03/30,14935,0,130,45,13930,0,20,55,246,248,255,251,N\A
1,2009/04/07,14751,0,133,70,14040,0,22,68,246,248,114,241,N\A
1,2009/04/15,15112,0,129,37,14118,0,19,48,246,248,191,255,N\A
1,2009/04/23,15061,0,134,77,13903,0,23,73,246,248,60,252,N\A
1,2009/05/01,15147,0,130,44,14164,0,17,21,246,248,224,160,N\A
1,2009/05/09,15333,0,134,77,14192,0,21,66,246,248,255,255,N\A
1,2009/05/17,15536,0,130,44,14237,0,20,55,246,248,255,251,N\A
1,2009/05/25,15701,0,131,53,14327,0,21,62,246,248,79,127,N\A
1,2009/06/02,15442,0,131,54,14189,0,18,41,246,248,104,193,N\A
1,2009/06/10,15590,65,130,50,14196,0,21,61,246,248,151,86,N\A
1,2009/06/18,15860,0,130,49,14339,0,19,48,246,248,249,255,N\A
1,2009/06/26,16154,0,132,65,14458,0,21,66,246,248,239,255,N\A
1,2009/07/04,15885,0,132,60,14263,0,19,53,246,248,255,127,N\A
1,2009/07/12,16227,0,132,61,14534,0,21,63,246,248,255,254,N\A
1,2009/07/20,16024,0,132,60,14396,0,19,48,246,248,255,255,N\A
1,2009/07/28,15869,0,132,61,14369,0,21,65,246,248,255,255,N\A
1,2009/08/05,15849,0,131,59,14397,0,18,45,246,248,253,253,N\A
1,2009/08/13,15962,0,132,61,14425,0,21,66,246,248,255,255,N\A
1,2009/08/21,15897,0,132,60,14361,0,19,55,246,248,255,251,N\A
1,2009/08/29,15942,0,132,65,14446,0,21,66,246,248,239,255,N\A
1,2009/09/06,15717,0,129,37,14359,0,18,41,246,248,191,191,N\A
1,2009/09/14,15705,0,132,61,14404,0,20,64,246,248,255,254,N\A
1,2009/09/22,15897,0,129,42,14449,0,19,53,246,248,63,127,N\A
1,2009/09/30,15333,0,132,65,14022,0,20,58,246,248,239,247,N\A
1,2009/10/08,15177,0,127,25,14043,0,17,32,246,248,143,15,N\A
1,2009/10/16,14970,0,131,53,14176,0,20,64,246,248,243,250,N\A
1,2009/10/24,14912,0,130,51,13987,0,18,45,246,248,251,245,N\A
1,2009/11/01,14995,0,131,53,14052,0,21,72,246,248,247,191,N\A
1,2009/11/09,14696,0,130,43,13711,0,20,60,246,248,232,209,N\A
1,2009/11/17,14538,0,130,44,13835,0,20,63,246,248,215,197,N\A
1,2009/11/25,14577,0,129,39,13807,0,19,55,247,248,185,251,N\A
1,2009/12/03,14293,0,132,66,13596,0,24,92,246,248,97,107,N\A
1,2009/12/11,0,2,255,255,13662,0,24,101,251,250,0,64,N\A
1,2009/12/19,14288,0,133,68,13760,0,23,79,246,248,120,24,N\A
1,2009/12/27,14315,65,125,7,13801,65,28,125,247,248,1,4,N\A
1,2010/01/01,14405,0,130,44,13764,0,27,115,248,249,12,18,N\A
1,2010/01/09,14500,65,132,64,13784,0,12,0,247,248,16,32,N\A
1,2010/01/17,0,2,255,255,13808,65,18,38,246,248,0,128,N\A
1,2010/01/25,14384,65,126,16,13713,0,17,29,247,248,104,72,N\A
1,2010/02/02,14438,0,135,97,13758,65,17,28,247,249,2,1,N\A
1,2010/02/10,14670,0,131,66,13977,0,20,65,246,248,164,152,N\A
1,2010/02/18,14519,0,127,18,13897,0,16,23,246,248,144,145,N\A
1,2010/02/26,14536,0,132,65,13851,0,25,104,247,249,68,132,N\A
1,2010/03/06,14451,0,133,72,13805,0,22,80,247,248,184,234,N\A
1,2010/03/14,14780,0,131,56,13857,0,21,74,247,248,182,177,N\A
1,2010/03/22,14711,0,130,44,13895,0,20,58,246,248,63,127,N\A
1,2010/03/30,14572,0,137,112,13815,0,21,72,246,248,128,140,N\A
1,2010/04/07,14802,0,131,56,13945,0,19,45,246,248,199,135,N\A
1,2010/04/15,14550,65,129,43,13924,0,19,48,247,248,47,30,N\A
1,2010/04/23,14833,0,131,56,14022,0,21,64,246,248,199,207,N\A
1,2010/05/01,14960,0,131,54,14026,0,18,58,246,248,255,255,N\A
1,2010/05/09,14936,0,130,52,14036,0,19,51,246,248,124,125,N\A
1,2010/05/17,14983,0,131,54,13824,0,16,24,246,248,200,96,N\A
1,2010/05/25,15164,0,129,44,14079,0,18,49,246,248,56,56,N\A
1,2010/06/02,15419,0,128,28,14330,0,24,87,247,248,120,96,N\A
1,2010/06/10,15611,0,131,52,14287,0,20,60,246,248,255,254,N\A
1,2010/06/18,15606,0,131,56,14218,0,21,71,246,248,191,63,N\A
1,2010/06/26,15873,0,130,52,14426,0,20,56,246,248,255,255,N\A
1,2010/07/04,15885,0,131,54,14380,0,21,67,246,248,255,223,N\A
1,2010/07/12,15976,0,130,52,14509,0,20,56,246,248,255,255,N\A
1,2010/07/20,15852,0,130,54,14344,0,20,58,246,248,255,255,N\A
1,2010/07/28,15904,0,130,51,14330,0,20,56,246,248,255,255,N\A
1,2010/08/05,15746,0,130,54,14308,0,20,59,246,248,255,191,N\A
1,2010/08/13,15839,0,130,52,14370,0,20,56,246,248,255,255,N\A
1,2010/08/21,15901,0,128,36,14385,0,20,58,246,248,126,255,N\A
1,2010/08/29,15796,0,130,52,14388,0,20,60,246,248,255,254,N\A
1,2010/09/06,15720,0,129,45,14208,0,19,53,246,248,115,251,N\A
1,2010/09/14,15492,0,130,47,14270,0,21,69,246,248,215,238,N\A
1,2010/09/22,15720,0,130,54,14342,0,20,58,246,248,255,255,N\A
1,2010/09/30,15504,0,129,41,14439,0,17,28,246,248,135,1,N\A
1,2010/10/08,15515,0,129,47,14289,0,20,58,246,248,254,255,N\A
1,2010/10/16,15184,0,133,76,14243,0,18,43,247,248,8,57,N\A
1,2010/10/24,14829,0,131,57,13898,0,19,51,246,248,158,12,N\A
1,2010/11/01,14837,0,130,49,14064,0,21,62,246,248,175,151,N\A
1,2010/11/09,14596,0,129,47,13942,0,20,62,246,248,254,237,N\A
1,2010/11/17,14474,0,128,28,13906,0,20,55,246,248,129,131,N\A
1,2010/11/25,14375,0,131,55,13643,0,21,73,247,248,67,211,N\A
1,2010/12/03,14578,0,128,40,0,2,255,255,247,248,24,0,N\A
1,2010/12/11,14411,0,124,9,13795,0,14,11,247,248,34,34,N\A
1,2010/12/19,14302,65,126,18,13931,0,17,26,246,248,144,132,N\A
1,2010/12/27,14137,0,124,7,13644,65,20,63,248,249,8,25,N\A
1,2011/01/01,14355,0,132,61,13758,0,21,65,246,248,24,24,N\A
1,2011/01/09,14257,0,136,103,13709,0,14,9,247,248,34,64,N\A
1,2011/01/17,14494,0,129,42,13836,0,21,69,246,248,248,124,N\A
1,2011/01/25,14517,0,132,67,13823,0,21,65,246,248,135,195,N\A
1,2011/02/02,14545,0,129,46,13775,0,19,49,246,248,255,255,N\A
1,2011/02/10,14678,0,133,77,13754,0,23,82,246,248,15,15,N\A
1,2011/02/18,14356,0,133,78,13632,0,16,77,246,248,28,52,N\A
1,2011/02/26,14527,0,134,79,13675,0,21,67,246,248,47,79,N\A
1,2011/03/06,14513,65,132,61,13911,0,18,44,246,248,102,164,N\A
1,2011/03/14,14671,0,136,105,13847,0,25,109,246,248,8,8,N\A
1,2011/03/22,14587,0,136,100,13862,65,15,14,246,248,65,32,N\A
1,2011/03/30,14959,0,130,48,14080,0,20,59,246,248,214,246,N\A
1,2011/04/07,14715,0,132,64,13784,65,19,55,246,248,124,206,N\A
1,2011/04/15,14998,0,128,32,14063,0,22,76,248,249,4,134,N\A
1,2011/04/23,14987,0,129,42,13957,0,18,46,246,248,248,248,N\A
1,2011/05/01,15315,0,131,60,14129,0,19,55,246,248,127,125,N\A
1,2011/05/09,15387,0,132,69,13988,0,20,61,246,248,30,62,N\A
1,2011/05/17,15190,0,129,45,14111,0,20,64,246,248,220,236,N\A
1,2011/05/25,15186,0,132,71,14000,0,16,23,246,248,82,43,N\A
1,2011/06/02,15265,0,130,52,14184,0,19,57,246,248,225,224,N\A
1,2011/06/10,15490,0,131,60,14331,0,19,49,246,248,255,255,N\A
1,2011/06/18,15829,0,131,61,14389,0,21,64,246,248,254,255,N\A
1,2011/06/26,15816,0,131,58,14344,0,19,52,246,248,243,247,N\A
1,2011/07/04,15941,0,131,60,14502,0,19,65,246,248,255,255,N\A
1,2011/07/12,15635,0,129,45,14265,0,19,49,246,248,255,255,N\A
1,2011/07/20,15967,0,131,60,14433,0,21,65,246,248,255,255,N\A
1,2011/07/28,15853,0,129,45,14399,0,18,49,246,248,255,255,N\A
1,2011/08/05,15909,0,131,60,14381,0,21,65,246,248,127,255,N\A
1,2011/08/13,15887,0,129,45,14329,0,18,49,246,248,255,253,N\A
1,2011/08/21,15942,0,131,60,14395,0,21,67,246,248,255,183,N\A
1,2011/08/29,15844,0,129,45,14359,0,18,49,246,248,255,255,N\A
1,2011/09/06,15842,0,132,68,14455,0,21,72,246,248,191,191,N\A
1,2011/09/14,15691,0,129,45,14372,0,18,49,246,248,255,255,N\A
1,2011/09/22,15745,0,130,52,14441,0,20,58,246,248,119,247,N\A
1,2011/09/30,15149,0,126,22,14192,0,21,64,247,248,130,143,N\A
1,2011/10/08,15145,0,131,64,14225,0,20,60,246,248,251,115,N\A
1,2011/10/16,15091,0,129,46,14296,0,20,63,246,248,255,244,N\A
1,2011/10/24,14965,0,131,61,14056,0,21,65,246,248,254,254,N\A
1,2011/11/01,14722,0,127,30,13871,0,19,58,247,248,195,215,N\A
1,2011/11/09,14654,0,131,64,13855,0,18,77,246,248,251,202,N\A
1,2011/11/17,14408,0,135,104,13829,0,17,36,247,249,20,167,N\A
1,2011/11/25,14504,0,132,72,13859,0,18,39,246,248,235,196,N\A
1,2011/12/03,14489,0,129,48,13641,0,18,49,246,248,103,255,N\A
1,2011/12/11,14348,0,130,50,13664,0,22,77,246,248,125,172,N\A
1,2011/12/19,14367,0,130,52,13542,0,19,56,246,248,175,254,N\A
1,2011/12/27,14479,0,130,52,13735,65,18,39,246,248,1,21,N\A
1,2012/01/01,14628,0,129,43,13667,0,23,83,246,248,93,248,N\A
1,2012/01/09,14646,0,130,52,13663,0,20,56,246,248,255,255,N\A
1,2012/01/17,14528,0,134,87,13654,65,25,106,246,248,1,137,N\A
1,2012/01/25,14502,0,130,58,13836,0,22,83,247,248,93,74,N\A
1,2012/02/02,14680,0,128,38,13811,0,18,41,246,248,206,95,N\A
1,2012/02/10,14539,0,130,55,13811,0,19,48,247,248,244,193,N\A
1,2012/02/18,14720,0,130,46,13838,0,20,64,246,248,114,249,N\A
1,2012/02/26,14745,0,131,58,13763,0,17,37,246,248,226,229,N\A
1,2012/03/05,14915,0,130,58,13828,0,20,65,246,248,157,253,N\A
1,2012/03/13,14222,65,126,17,0,2,255,255,246,248,128,0,N\A
1,2012/03/21,14983,0,133,76,13935,0,23,93,246,248,5,37,N\A
1,2012/03/29,14711,65,129,42,13832,0,23,83,246,248,162,208,N\A
1,2012/04/06,14927,0,134,87,13788,0,19,51,246,248,1,3,N\A
1,2012/04/14,15182,0,131,58,14203,0,21,68,246,248,226,202,N\A
1,2012/04/22,15105,0,132,65,14204,0,22,79,246,248,231,235,N\A
1,2012/04/30,15030,0,131,59,14110,0,18,45,246,248,246,231,N\A
1,2012/05/08,15432,0,129,46,14202,0,20,62,246,248,223,191,N\A
1,2012/05/16,15483,0,130,52,14172,0,19,52,246,248,255,253,N\A
1,2012/05/24,15670,0,133,72,14122,0,19,56,246,248,241,251,N\A
1,2012/06/01,15698,0,129,41,14241,0,20,56,246,248,231,255,N\A
1,2012/06/09,15923,0,130,54,14319,0,20,58,246,248,255,255,N\A
1,2012/06/17,15805,0,130,54,14323,0,19,53,246,248,223,63,N\A
1,2012/06/25,15794,0,129,46,14295,0,20,58,246,248,223,255,N\A
1,2012/07/03,16030,0,130,52,14384,0,20,56,246,248,255,255,N\A
1,2012/07/11,16149,0,131,59,14344,0,20,58,246,248,151,255,N\A
1,2012/07/19,15973,0,131,59,14376,0,20,62,246,248,246,254,N\A
1,2012/07/27,16091,0,130,54,14431,0,20,58,246,248,255,255,N\A
1,2012/08/04,16084,0,131,58,14432,0,20,62,246,248,254,254,N\A
1,2012/08/12,16047,0,130,58,14542,0,22,76,246,248,191,245,N\A
1,2012/08/20,15880,0,130,52,14367,0,20,56,246,248,255,255,N\A
1,2012/08/28,15880,0,130,54,14346,0,20,58,246,248,255,255,N\A
1,2012/09/05,15786,0,130,55,14377,0,19,52,246,248,252,253,N\A
1,2012/09/13,15744,0,129,49,14332,0,19,58,246,248,254,255,N\A
1,2012/09/21,15755,0,132,66,14342,0,20,56,246,248,250,255,N\A
1,2012/09/29,15743,0,129,52,14398,0,19,52,246,248,63,127,N\A
1,2012/10/07,15280,0,129,44,14157,0,19,50,246,248,207,159,N\A
1,2012/10/15,15436,0,128,40,14146,0,19,52,246,248,31,127,N\A
1,2012/10/23,15047,0,129,42,14106,0,21,69,246,248,236,248,N\A
1,2012/10/31,14957,0,130,56,14157,0,23,88,246,248,252,236,N\A
1,2012/11/08,14646,65,134,85,13781,0,22,71,246,248,112,240,N\A
1,2012/11/16,14586,0,128,40,14036,0,17,28,246,248,216,64,N\A
1,2012/11/24,14650,0,127,30,13929,0,18,40,246,248,7,15,N\A
1,2012/12/02,14332,65,133,78,13931,0,22,72,246,248,224,96,N\A
1,2012/12/10,14479,0,130,47,13802,0,21,71,246,248,11,123,N\A
1,2012/12/18,14266,0,129,46,13597,0,18,41,246,248,71,6,N\A
1,2012/12/26,14290,0,134,76,13654,0,16,21,247,248,48,36,N\A
1,2013/01/01,14363,0,131,66,13650,0,20,59,247,248,143,95,N\A
1,2013/01/09,14223,0,129,46,13596,0,18,40,246,248,190,150,N\A
1,2013/01/17,14567,0,129,47,13659,0,20,61,246,248,63,31,N\A
1,2013/01/25,14499,0,132,65,13850,0,21,69,246,248,238,238,N\A
1,2013/02/02,14533,0,132,70,13762,0,20,61,246,248,150,158,N\A
1,2013/02/10,14677,0,129,42,13773,0,18,46,246,248,191,191,N\A
1,2013/02/18,14521,0,131,60,13750,0,20,62,246,248,253,237,N\A
1,2013/02/26,14797,0,131,60,13837,0,20,62,246,248,207,219,N\A
1,2013/03/06,14791,0,130,52,13917,0,20,58,246,248,252,246,N\A
1,2013/03/14,15087,0,133,76,14035,0,15,15,246,248,8,21,N\A
1,2013/03/22,15004,0,133,77,13880,0,20,67,246,248,151,167,N\A
1,2013/03/30,14771,65,131,55,14109,0,17,38,246,248,6,25,N\A
1,2013/04/07,14959,0,130,47,14033,0,19,56,246,248,254,252,N\A
1,2013/04/15,15179,0,130,52,14033,0,20,60,246,248,255,254,N\A
1,2013/04/23,15479,0,131,55,14149,0,20,58,246,248,255,255,N\A
1,2013/05/01,15678,0,130,48,14260,0,18,46,246,248,143,31,N\A
1,2013/05/09,15658,0,129,47,14269,0,21,68,246,248,63,127,N\A
1,2013/05/17,15622,0,130,52,14094,0,20,56,246,248,255,255,N\A
1,2013/05/25,15676,0,130,50,14142,0,20,64,246,248,251,231,N\A
1,2013/06/02,15945,0,130,52,14405,0,20,56,246,248,255,255,N\A
1,2013/06/10,15898,0,129,47,14269,0,20,58,246,248,254,255,N\A
1,2013/06/18,15804,0,129,42,14260,0,19,48,246,248,31,63,N\A
1,2013/06/26,16131,0,129,46,14670,0,20,59,246,248,127,222,N\A
1,2013/07/04,16181,0,129,45,14475,0,20,60,246,248,190,254,N\A
1,2013/07/12,16114,0,131,61,14334,0,20,58,246,248,247,255,N\A
1,2013/07/20,16101,0,132,64,14527,0,18,46,246,248,227,179,N\A
1,2013/07/28,15908,0,130,54,14333,0,20,58,246,248,255,255,N\A
1,2013/08/05,15865,0,130,52,14251,0,21,71,246,248,255,235,N\A
1,2013/08/13,16095,0,131,62,14449,0,19,56,246,248,223,79,N\A
1,2013/08/21,15845,0,130,52,14414,0,20,63,246,248,255,239,N\A
1,2013/08/29,15832,0,134,81,14404,0,21,65,246,248,231,207,N\A
1,2013/09/06,15863,0,130,52,14428,0,20,56,246,248,255,255,N\A
1,2013/09/14,15665,0,129,46,14342,0,19,50,246,248,127,127,N\A
1,2013/09/22,15405,0,130,56,14172,0,22,71,246,248,254,255,N\A
1,2013/09/30,15318,0,130,56,14084,0,19,51,246,248,191,254,N\A
1,2013/10/08,15261,0,130,56,14050,0,20,56,246,248,254,255,N\A
1,2013/10/16,15417,0,132,70,14117,0,20,58,246,248,255,255,N\A
1,2013/10/24,15212,0,129,48,13983,0,21,64,246,248,143,207,N\A
1,2013/11/01,15070,0,131,58,13896,0,22,78,246,248,219,191,N\A
1,2013/11/09,15025,0,129,40,13968,0,19,54,246,248,147,87,N\A
1,2013/11/17,14680,0,134,82,13845,0,20,61,246,248,209,163,N\A
1,2013/11/25,14770,0,131,55,13883,0,20,62,247,248,121,251,N\A
1,2013/12/03,14245,0,131,62,13431,65,21,69,246,248,247,238,N\A
1,2013/12/11,14514,0,129,45,13632,0,18,46,246,248,63,31,N\A
1,2013/12/19,14594,0,130,54,13725,0,20,60,246,248,255,222,N\A
1,2013/12/27,14560,65,129,47,13663,0,18,46,247,248,30,31,N\A
No data
No data
2,2002/07/04,16247,0,128,35,14604,0,17,40,246,248,15,15,N\A
2,2002/07/12,15972,0,132,69,14376,0,18,48,246,248,255,254,N\A
2,2002/07/20,15979,0,130,52,14398,0,19,57,246,248,255,255,N\A
2,2002/07/28,15750,0,137,118,14406,0,23,79,246,248,1,3,N\A
2,2002/08/05,16131,0,129,47,14560,0,18,52,246,248,31,31,N\A
2,2002/08/13,15866,0,131,66,14379,0,19,57,246,248,239,255,N\A
2,2002/08/21,15844,0,132,67,14321,0,19,56,246,248,255,255,N\A
2,2002/08/29,16012,0,131,61,14446,0,19,55,246,248,127,191,N\A
2,2002/09/06,15797,0,131,60,14343,0,19,57,246,248,63,126,N\A
2,2002/09/14,15765,0,131,61,14399,0,18,50,246,248,254,252,N\A
2,2002/09/22,15782,0,130,59,14410,0,19,56,246,248,191,127,N\A
2,2002/09/30,15435,0,130,54,14286,0,17,42,246,248,255,238,N\A
2,2002/10/08,15500,0,131,64,14278,0,20,70,246,248,247,187,N\A
2,2002/10/16,15183,0,130,54,14043,0,18,49,246,248,123,254,N\A
2,2002/10/24,15062,0,129,50,14014,0,18,49,246,248,236,252,N\A
2,2002/11/01,14954,0,131,64,13907,0,19,56,246,248,27,59,N\A
2,2002/11/09,14669,65,125,11,14036,0,17,41,246,248,16,241,N\A
2,2002/11/17,14588,0,132,68,13897,0,19,60,246,248,15,174,N\A
2,2002/11/25,14605,0,130,53,13784,0,20,65,246,248,219,30,N\A
2,2002/12/03,14532,0,128,42,13868,0,18,52,247,248,50,179,N\A
2,2002/12/11,14330,65,129,41,13770,65,19,60,249,249,1,128,N\A
2,2002/12/19,14307,0,130,52,13711,0,19,57,246,248,24,24,N\A
2,2002/12/27,0,2,255,255,0,2,255,255,0,0,0,0,N\A
2,2003/01/01,14383,0,129,48,13890,0,16,29,246,248,69,80,N\A
2,2003/01/09,14496,0,130,55,13888,0,19,58,246,248,192,192,N\A
2,2003/01/17,14387,65,132,76,13813,0,21,83,246,248,1,1,N\A
2,2003/01/25,14448,0,137,118,13991,0,20,64,247,248,20,56,N\A
2,2003/02/02,14554,0,131,61,13725,0,20,66,246,248,255,255,N\A
2,2003/02/10,14456,0,129,52,13726,0,12,5,247,248,65,5,N\A
2,2003/02/18,14628,0,133,79,13869,0,22,82,246,248,189,60,N\A
2,2003/02/26,14624,0,131,66,13770,0,17,45,247,248,218,245,N\A
2,2003/03/06,14803,0,129,50,13902,0,19,62,246,248,95,127,N\A
2,2003/03/14,14663,0,130,58,13824,0,17,39,246,248,250,180,N\A
2,2003/03/22,14825,0,132,76,14008,0,21,75,246,248,236,205,N\A
2,2003/03/30,14724,65,131,70,13967,0,18,55,246,248,83,65,N\A
2,2003/04/07,14728,0,130,55,14032,0,20,67,247,248,135,15,N\A
2,2003/04/15,14788,0,133,77,13927,0,18,51,246,248,24,49,N\A
2,2003/04/23,14946,0,131,60,13953,0,19,57,246,248,144,192,N\A
2,2003/05/01,0,2,255,255,13998,0,21,72,247,248,0,48,N\A
2,2003/05/09,14930,0,131,62,14055,0,20,68,246,248,255,238,N\A
2,2003/05/17,15324,0,129,45,14229,0,18,49,246,248,255,255,N\A
2,2003/05/25,15571,0,130,59,14338,0,21,77,246,248,254,222,N\A
2,2003/06/02,15587,0,129,45,14349,0,18,48,246,248,255,255,N\A
2,2003/06/10,15605,0,131,61,14273,0,19,64,246,248,255,250,N\A
2,2003/06/18,15685,0,130,55,14255,0,18,48,246,248,222,255,N\A
2,2003/06/26,16016,0,131,61,14415,0,20,66,246,248,255,255,N\A
2,2003/07/04,15974,0,129,45,14357,0,18,49,246,248,255,255,N\A
2,2003/07/12,16109,0,131,61,14524,0,19,62,246,248,255,127,N\A
2,2003/07/20,15978,0,131,63,14591,0,17,47,246,248,247,198,N\A
2,2003/07/28,15619,0,133,77,14527,0,18,50,246,248,194,195,N\A
2,2003/08/05,15846,0,131,67,14348,0,18,48,246,248,254,255,N\A
2,2003/08/13,15961,0,131,61,14360,0,20,65,246,248,255,255,N\A
2,2003/08/21,15948,0,130,57,14393,0,18,56,246,248,248,220,N\A
2,2003/08/29,15899,0,131,61,14456,0,20,67,246,248,255,251,N\A
2,2003/09/06,15782,0,129,50,14401,0,17,48,246,248,241,247,N\A
2,2003/09/14,15839,0,132,70,14394,0,20,66,246,248,253,255,N\A
2,2003/09/22,15618,0,129,45,14360,0,18,48,246,248,255,255,N\A
2,2003/09/30,15474,0,131,61,14246,0,20,65,246,248,255,255,N\A
2,2003/10/08,15390,0,129,45,14190,0,18,55,246,248,255,251,N\A
2,2003/10/16,15495,0,133,80,14247,0,20,66,246,248,183,255,N\A
2,2003/10/24,15358,0,129,49,14243,0,18,53,246,248,127,127,N\A
2,2003/11/01,14711,65,126,17,13747,0,21,79,246,248,64,43,N\A
2,2003/11/09,14637,0,129,46,13876,0,16,33,246,248,158,142,N\A
2,2003/11/17,14564,0,130,55,13745,0,17,43,246,248,126,114,N\A
2,2003/11/25,14437,0,127,28,13696,0,13,8,247,248,131,133,N\A
2,2003/12/03,14492,0,132,72,13779,0,25,109,246,248,49,32,N\A
2,2003/12/11,14407,65,129,43,13727,0,21,72,248,249,8,48,N\A
2,2003/12/19,14419,0,132,71,13744,65,22,93,246,248,132,128,N\A
2,2003/12/27,14230,0,124,7,13582,65,17,41,247,246,1,3,N\A
2,2004/01/01,14291,0,128,40,13615,0,18,49,247,248,24,12,N\A
2,2004/01/09,14553,0,133,87,0,2,255,255,246,248,4,0,N\A
2,2004/01/17,14433,0,127,28,13709,0,16,32,247,248,48,48,N\A
2,2004/01/25,14284,0,132,74,13688,0,17,34,246,248,65,66,N\A
2,2004/02/02,14474,0,130,54,13742,0,19,61,246,248,168,248,N\A
2,2004/02/10,14723,0,131,69,13781,0,19,58,247,248,23,15,N\A
2,2004/02/18,14520,65,134,89,13745,65,23,102,246,248,98,2,N\A
2,2004/02/26,14520,0,129,54,13809,0,18,53,247,248,166,236,N\A
2,2004/03/05,14971,0,130,56,14098,0,18,50,246,248,254,253,N\A
2,2004/03/13,15015,0,130,54,14138,0,19,58,246,248,255,255,N\A
2,2004/03/21,14988,0,131,65,14045,0,14,18,246,248,79,148,N\A
2,2004/03/29,14920,0,132,72,14015,0,18,54,247,248,252,187,N\A
2,2004/04/06,15142,0,129,51,14070,0,18,48,247,248,223,63,N\A
2,2004/04/14,14720,65,130,60,13817,65,23,100,246,248,136,5,N\A
2,2004/04/22,15546,0,130,52,14229,0,19,56,246,248,255,255,N\A
2,2004/04/30,15612,0,130,54,14209,0,19,58,246,248,255,255,N\A
2,2004/05/08,15500,0,132,68,14098,0,18,52,246,248,187,187,N\A
2,2004/05/16,15508,0,130,54,14106,0,17,43,246,248,255,123,N\A
2,2004/05/24,15662,0,131,61,14173,0,20,61,246,248,103,231,N\A
2,2004/06/01,15921,0,129,51,14285,0,19,58,246,248,103,255,N\A
2,2004/06/09,15897,0,130,58,14303,0,18,47,246,248,251,191,N\A
2,2004/06/17,15883,0,132,70,14267,0,18,50,246,248,255,127,N\A
2,2004/06/25,15960,0,130,59,14359,0,19,56,246,248,239,223,N\A
2,2004/07/03,15934,0,130,55,14346,0,19,58,246,248,255,255,N\A
2,2004/07/11,16060,0,130,52,14378,0,18,49,246,248,255,63,N\A
2,2004/07/19,16034,0,130,54,14447,0,19,58,246,248,255,255,N\A
2,2004/07/27,15915,0,130,52,14345,0,19,56,246,248,255,255,N\A
2,2004/08/04,16045,0,129,46,14463,0,18,53,246,248,127,251,N\A
2,2004/08/12,15940,0,130,57,14439,0,19,56,246,248,251,255,N\A
2,2004/08/20,15809,0,130,57,14374,0,23,88,246,248,243,179,N\A
2,2004/08/28,16017,0,128,42,14420,0,19,56,246,248,191,255,N\A
2,2004/09/05,16018,0,130,54,14546,0,18,50,246,248,255,127,N\A
2,2004/09/13,15762,0,128,42,14315,0,18,44,246,248,31,159,N\A
2,2004/09/21,15662,0,132,69,14279,0,18,50,246,248,255,127,N\A
2,2004/09/29,15481,0,128,42,14207,0,19,52,246,248,191,247,N\A
2,2004/10/07,15510,0,131,63,14205,0,19,58,246,248,127,255,N\A
2,2004/10/15,14997,65,132,68,14116,0,21,72,246,248,195,195,N\A
2,2004/10/23,14744,0,132,76,13964,0,20,65,246,248,212,244,N\A
2,2004/10/31,14737,0,130,56,13952,0,20,60,246,248,231,231,N\A
2,2004/11/08,14637,0,135,94,14147,65,18,48,246,248,48,64,N\A
2,2004/11/16,14475,65,129,46,13821,0,20,64,246,248,241,242,N\A
2,2004/11/24,14368,0,131,64,13702,0,20,73,246,248,241,245,N\A
2,2004/12/02,14404,0,130,57,13643,0,18,48,246,248,139,7,N\A
2,2004/12/10,14459,65,132,73,13826,0,22,85,246,248,171,196,N\A
2,2004/12/18,14314,0,132,72,13670,0,22,75,246,248,249,241,N\A
2,2004/12/26,14120,65,129,53,0,2,255,255,249,249,33,0,N\A
2,2005/01/01,14174,0,131,59,0,2,255,255,246,248,33,0,N\A
2,2005/01/09,14248,65,126,17,13787,0,18,50,246,248,8,26,N\A
2,2005/01/17,14370,65,134,97,0,2,255,255,246,248,8,0,N\A
2,2005/01/25,14439,65,126,24,13775,0,17,43,246,248,224,240,N\A
2,2005/02/02,14553,0,130,57,13895,0,17,39,246,248,31,5,N\A
2,2005/02/10,14593,0,136,112,13824,65,25,115,246,248,5,5,N\A
2,2005/02/18,14633,0,132,76,13959,65,19,67,247,249,32,98,N\A
2,2005/02/26,14629,0,129,53,13833,0,13,10,247,248,132,168,N\A
2,2005/03/06,14876,0,129,52,14169,0,19,63,246,248,127,111,N\A
2,2005/03/14,14823,0,133,75,13866,0,19,60,246,248,3,129,N\A
2,2005/03/22,14460,65,128,41,13856,0,18,48,246,248,76,28,N\A
2,2005/03/30,14635,0,132,69,14005,0,19,58,246,248,227,143,N\A
2,2005/04/07,14670,0,129,44,13883,0,23,93,246,248,253,232,N\A
2,2005/04/15,14828,0,131,61,13944,0,17,47,246,248,127,187,N\A
2,2005/04/23,14814,0,127,26,14024,0,14,17,246,248,196,68,N\A
2,2005/05/01,14847,0,133,80,14137,0,22,90,246,248,71,68,N\A
2,2005/05/09,14857,0,132,77,14083,0,21,82,247,249,46,46,N\A
2,2005/05/17,15248,0,127,35,14240,0,15,27,246,248,248,224,N\A
2,2005/05/25,15389,0,131,64,14287,0,18,50,246,248,247,247,N\A
2,2005/06/02,15351,0,131,61,14151,0,20,65,246,248,63,63,N\A
2,2005/06/10,15562,0,131,61,14283,0,21,75,246,248,63,47,N\A
2,2005/06/18,15499,0,128,45,14192,0,17,49,246,248,254,254,N\A
2,2005/06/26,15768,0,130,52,14372,0,19,57,246,248,255,255,N\A
2,2005/07/04,15750,0,130,54,14362,0,19,58,246,248,255,255,N\A
2,2005/07/12,16068,0,130,52,14642,0,19,57,246,248,255,255,N\A
2,2005/07/20,16003,0,130,57,14561,0,19,58,246,248,253,255,N\A
2,2005/07/28,15999,0,130,52,14472,0,18,50,246,248,255,247,N\A
2,2005/08/05,15947,0,130,54,14495,0,17,43,246,248,255,235,N\A
2,2005/08/13,15734,0,130,59,14322,0,18,54,246,248,250,243,N\A
2,2005/08/21,15887,0,130,54,14433,0,19,58,246,248,255,255,N\A
2,2005/08/29,15796,0,130,52,14347,0,19,57,246,248,255,255,N\A
2,2005/09/06,15424,0,130,54,14188,0,19,58,246,248,255,255,N\A
2,2005/09/14,15519,0,130,52,14208,0,19,57,246,248,255,255,N\A
2,2005/09/22,15382,0,128,38,14287,0,18,53,246,248,238,239,N\A
2,2005/09/30,15389,0,129,47,14205,0,19,60,246,248,249,251,N\A
2,2005/10/08,15319,0,131,61,14127,0,19,57,246,248,63,255,N\A
2,2005/10/16,15174,0,130,52,14136,0,17,39,246,248,255,245,N\A
2,2005/10/24,14934,0,129,46,13968,65,15,27,246,248,251,224,N\A
2,2005/11/01,14779,0,128,33,13941,0,16,31,246,248,149,17,N\A
2,2005/11/09,14930,0,130,61,14012,0,18,54,247,248,193,198,N\A
2,2005/11/17,14985,0,129,52,13964,0,19,56,247,248,127,255,N\A
2,2005/11/25,14400,0,129,53,0,2,255,255,247,248,132,0,N\A
2,2005/12/03,14483,0,129,49,13734,0,19,62,246,248,237,239,N\A
2,2005/12/11,14376,65,133,80,13678,0,22,85,246,248,13,29,N\A
2,2005/12/19,14534,0,131,64,13959,65,12,4,246,248,160,64,N\A
2,2005/12/27,0,2,255,255,0,2,255,255,0,0,0,0,N\A
2,2006/01/01,14467,0,129,44,13873,65,20,66,246,248,232,149,N\A
2,2006/01/09,14350,0,127,32,13787,0,17,43,246,248,67,3,N\A
2,2006/01/17,14467,0,127,35,13734,0,21,80,246,248,236,220,N\A
2,2006/01/25,14167,65,139,127,13845,0,18,51,248,249,2,65,N\A
2,2006/02/02,14748,0,129,48,13943,0,18,54,246,248,234,200,N\A
2,2006/02/10,14707,0,130,59,13900,0,19,62,247,248,123,127,N\A
2,2006/02/18,14681,0,129,48,13748,0,19,58,246,248,252,124,N\A
2,2006/02/26,14575,0,134,86,13832,0,21,71,246,248,12,72,N\A
2,2006/03/06,14226,65,127,29,13722,65,18,58,247,248,38,20,N\A
2,2006/03/14,14642,0,133,86,13737,0,25,109,246,248,184,32,N\A
2,2006/03/22,14464,0,134,88,13912,0,19,57,246,248,18,178,N\A
2,2006/03/30,14748,65,132,70,0,2,255,255,246,248,132,0,N\A
2,2006/04/07,14845,0,130,56,14023,65,20,71,246,248,67,2,N\A
2,2006/04/15,14930,0,133,77,14004,0,23,89,247,249,60,184,N\A
2,2006/04/23,15091,0,130,57,14291,0,19,52,246,248,248,176,N\A
2,2006/05/01,15122,0,133,77,14162,0,20,65,246,248,255,255,N\A
2,2006/05/09,15304,0,128,37,14247,0,18,48,246,248,183,255,N\A
2,2006/05/17,15399,0,129,46,14312,65,24,96,246,248,195,143,N\A
2,2006/05/25,15377,0,129,49,14072,0,20,63,246,248,249,253,N\A
2,2006/06/02,15685,0,131,68,14245,0,21,73,246,248,191,252,N\A
2,2006/06/10,15726,0,128,41,14262,0,19,55,246,248,227,251,N\A
2,2006/06/18,16061,0,131,68,14483,0,20,65,246,248,191,255,N\A
2,2006/06/26,15962,0,129,51,14482,0,20,58,246,248,251,191,N\A
2,2006/07/04,15975,0,130,59,14439,0,20,66,246,248,254,255,N\A
2,2006/07/12,16039,0,131,60,14514,0,19,53,246,248,255,127,N\A
2,2006/07/20,16338,0,131,62,14762,0,21,67,246,248,245,245,N\A
2,2006/07/28,15933,0,130,59,14365,0,19,49,246,248,250,255,N\A
2,2006/08/05,15889,0,131,62,14438,0,22,74,246,248,255,252,N\A
2,2006/08/13,15807,0,129,45,14318,0,19,49,246,248,255,255,N\A
2,2006/08/21,15904,0,131,62,14355,0,21,67,246,248,255,251,N\A
2,2006/08/29,15850,0,129,45,14376,0,19,49,246,248,255,255,N\A
2,2006/09/06,15775,0,131,61,14412,0,21,66,246,248,255,255,N\A
2,2006/09/14,15544,0,130,55,14209,0,19,58,246,248,124,95,N\A
2,2006/09/22,15642,0,131,62,14272,0,21,66,246,248,255,255,N\A
2,2006/09/30,15068,0,130,55,14118,0,19,55,246,248,192,200,N\A
2,2006/10/08,15259,0,131,62,14129,0,21,66,246,248,255,255,N\A
2,2006/10/16,15229,0,130,50,14163,0,19,54,246,248,254,254,N\A
2,2006/10/24,15093,0,131,59,14004,0,21,66,246,248,254,255,N\A
2,2006/11/01,14918,65,132,72,14268,0,19,55,246,248,81,200,N\A
2,2006/11/09,14717,65,131,60,13893,0,20,57,246,248,193,75,N\A
2,2006/11/17,14575,0,129,45,13954,0,18,38,246,248,195,162,N\A
2,2006/11/25,14491,0,132,73,13685,0,21,67,246,248,249,251,N\A
2,2006/12/03,14676,0,129,45,13740,0,18,49,246,248,31,31,N\A
2,2006/12/11,14326,0,134,87,13655,0,24,101,246,248,128,160,N\A
2,2006/12/19,14292,0,124,7,13591,0,14,9,247,248,1,1,N\A
2,2006/12/27,14292,0,131,61,13669,0,20,62,247,248,10,10,N\A
2,2007/01/01,14349,0,131,61,13614,0,21,69,246,248,244,241,N\A
2,2007/01/09,14251,0,129,48,13522,0,20,62,247,248,125,219,N\A
2,2007/01/17,14474,0,131,61,13609,0,19,56,246,248,247,239,N\A
2,2007/01/25,14597,0,128,38,13770,0,17,29,246,248,55,181,N\A
2,2007/02/02,14616,0,132,70,13779,0,20,62,247,248,7,22,N\A
2,2007/02/10,14591,0,130,56,13920,0,19,54,246,248,254,208,N\A
2,2007/02/18,14492,0,133,81,13821,0,20,57,246,248,135,6,N\A
2,2007/02/26,14649,0,129,42,13740,0,21,67,247,248,184,120,N\A
2,2007/03/06,14943,0,131,65,13971,0,22,76,246,248,241,81,N\A
2,2007/03/14,15037,0,129,44,14130,0,18,46,246,248,158,31,N\A
2,2007/03/22,14918,0,132,65,13932,0,20,64,246,248,198,231,N\A
2,2007/03/30,15052,0,130,52,13998,0,17,37,246,248,154,23,N\A
2,2007/04/07,14879,0,127,34,13847,0,15,19,247,248,108,104,N\A
2,2007/04/15,14919,0,132,62,13904,0,20,64,246,248,43,94,N\A
2,2007/04/23,15078,0,130,51,14141,0,20,58,246,248,187,255,N\A
2,2007/05/01,15163,0,131,56,14136,0,18,44,246,248,248,245,N\A
2,2007/05/09,15381,0,130,54,14110,0,20,58,246,248,255,255,N\A
2,2007/05/17,15507,0,129,45,14102,0,20,56,246,248,253,255,N\A
2,2007/05/25,15650,0,129,42,14120,0,20,58,246,248,118,255,N\A
2,2007/06/02,15634,0,130,54,14122,0,21,62,246,248,243,225,N\A
2,2007/06/10,15921,0,129,47,14422,0,19,51,246,248,254,254,N\A
2,2007/06/18,15955,0,130,52,14294,0,20,56,246,248,255,255,N\A
2,2007/06/26,15992,0,131,61,14285,0,20,58,246,248,247,255,N\A
2,2007/07/04,16072,0,129,42,14535,0,20,58,246,248,191,95,N\A
2,2007/07/12,15878,0,130,56,14334,0,19,51,246,248,191,63,N\A
2,2007/07/20,15912,0,132,66,14368,0,20,63,246,248,247,239,N\A
2,2007/07/28,16102,0,130,54,14445,0,20,58,246,248,255,255,N\A
2,2007/08/05,15818,0,130,52,14292,0,19,50,246,248,255,253,N\A
2,2007/08/13,15910,0,130,54,14320,0,20,58,246,248,255,255,N\A
2,2007/08/21,15960,0,130,52,14511,0,20,56,246,248,255,255,N\A
2,2007/08/29,15964,0,130,55,14558,0,20,58,246,248,249,246,N\A
2,2007/09/06,15642,0,130,52,14366,0,20,56,246,248,255,255,N\A
2,2007/09/14,15517,0,130,54,14202,0,22,74,246,248,95,255,N\A
2,2007/09/22,15574,0,128,35,14215,0,18,38,246,248,188,189,N\A
2,2007/09/30,15351,0,131,62,14071,0,21,74,246,248,207,221,N\A
2,2007/10/08,15151,0,131,61,14148,0,22,79,246,248,233,107,N\A
2,2007/10/16,15038,0,128,40,14059,0,20,64,246,248,250,228,N\A
2,2007/10/24,15255,0,128,39,14237,0,19,48,246,248,147,167,N\A
2,2007/11/01,15174,0,131,63,14072,0,20,58,246,248,87,255,N\A
2,2007/11/09,14785,0,127,28,14066,0,20,66,246,248,177,120,N\A
2,2007/11/17,14712,0,128,39,13889,0,19,51,246,248,123,254,N\A
2,2007/11/25,14599,0,128,36,13671,0,26,108,246,248,60,90,N\A
2,2007/12/03,14509,0,133,86,13709,0,19,54,246,248,193,224,N\A
2,2007/12/11,14383,0,126,18,13662,0,20,57,246,248,5,47,N\A
2,2007/12/19,14274,0,130,54,13623,0,17,37,246,248,246,108,N\A
2,2007/12/27,0,2,255,255,0,2,255,255,0,0,0,0,N\A
2,2008/01/01,14171,0,127,30,13707,0,20,59,246,248,65,1,N\A
2,2008/01/09,14345,0,130,58,13680,0,18,43,246,248,208,192,N\A
2,2008/01/17,14487,0,132,67,13710,0,22,72,246,248,7,7,N\A
2,2008/01/25,14219,65,125,12,13778,0,23,78,248,249,32,136,N\A
2,2008/02/02,14424,0,129,45,13750,0,22,78,246,248,220,172,N\A
2,2008/02/10,14631,0,129,46,13772,0,18,49,246,248,255,253,N\A
2,2008/02/18,14697,0,129,43,13814,0,22,77,246,248,5,33,N\A
2,2008/02/26,14712,0,129,46,13881,0,17,32,246,248,253,173,N\A
2,2008/03/05,14812,0,132,65,13910,65,20,59,246,248,185,73,N\A
2,2008/03/13,14792,0,128,42,13854,0,18,46,246,248,248,248,N\A
2,2008/03/21,15076,0,133,79,13906,0,21,72,246,248,47,111,N\A
2,2008/03/29,14930,0,129,49,13810,0,18,44,246,248,230,164,N\A
2,2008/04/06,15314,0,131,64,13989,0,21,70,246,248,251,250,N\A
2,2008/04/14,15249,0,130,52,13911,0,18,44,246,248,254,191,N\A
2,2008/04/22,15595,0,131,61,14077,0,20,56,246,248,188,252,N\A
2,2008/04/30,15536,0,129,42,13997,0,19,49,246,248,250,255,N\A
2,2008/05/08,15732,0,132,68,14044,0,23,84,246,248,191,47,N\A
2,2008/05/16,15939,0,131,59,14347,0,19,55,246,248,95,127,N\A
2,2008/05/24,15647,0,129,44,14036,0,21,70,246,248,240,104,N\A
2,2008/06/01,15832,0,128,36,14160,0,20,61,246,248,251,246,N\A
2,2008/06/09,16117,0,132,60,14357,0,21,65,246,248,255,255,N\A
2,2008/06/17,16249,0,129,42,14431,0,19,49,246,248,123,255,N\A
2,2008/06/25,16003,0,131,52,14369,0,21,65,246,248,253,255,N\A
2,2008/07/03,16090,0,129,46,14564,0,17,49,246,248,255,255,N\A
2,2008/07/11,16005,0,131,54,14427,0,20,59,246,248,247,247,N\A
2,2008/07/19,16062,0,129,46,14412,0,17,40,246,248,253,251,N\A
2,2008/07/27,16134,0,131,57,14343,0,21,69,246,248,223,251,N\A
2,2008/08/04,16023,0,130,46,14394,0,17,38,246,248,255,249,N\A
2,2008/08/12,16214,0,133,69,14528,0,20,61,246,248,63,223,N\A
2,2008/08/20,16062,0,130,52,14461,0,19,49,246,248,254,255,N\A
2,2008/08/28,16085,0,132,60,14497,0,21,65,246,248,255,255,N\A
2,2008/09/05,15913,0,130,46,14412,0,19,49,246,248,255,255,N\A
2,2008/09/13,15686,0,133,71,14235,0,21,71,246,248,190,111,N\A
2,2008/09/21,15804,0,130,46,14360,0,19,49,246,248,255,255,N\A
2,2008/09/29,15592,0,133,74,14287,0,20,59,246,248,143,198,N\A
2,2008/10/07,15228,0,130,46,14044,0,19,49,246,248,255,255,N\A
2,2008/10/15,15382,0,132,64,14118,0,20,58,246,248,251,247,N\A
2,2008/10/23,15434,0,130,44,14162,0,19,55,247,248,111,127,N\A
2,2008/10/31,14859,0,129,36,13987,0,19,58,246,248,192,224,N\A
2,2008/11/08,14788,0,131,60,14082,0,18,50,246,248,244,197,N\A
2,2008/11/16,14899,0,132,65,14044,0,21,71,246,248,159,239,N\A
2,2008/11/24,14627,0,131,54,13902,0,16,25,246,248,225,225,N\A
2,2008/12/02,14502,0,131,48,13733,0,21,71,246,248,132,128,N\A
2,2008/12/10,14246,0,128,33,13681,0,19,54,246,248,155,151,N\A
2,2008/12/18,14251,0,132,65,13586,65,20,59,246,248,128,1,N\A
2,2008/12/26,14366,0,126,13,13648,0,20,58,249,249,9,53,N\A
2,2009/01/01,14197,65,138,118,13650,0,22,71,247,248,8,72,N\A
2,2009/01/09,14575,0,132,60,13781,0,19,54,246,248,255,254,N\A
2,2009/01/17,14738,0,132,63,13786,0,21,67,246,248,15,15,N\A
2,2009/01/25,14554,0,130,48,13760,0,19,51,246,248,252,252,N\A
2,2009/02/02,14600,0,131,61,13908,0,20,55,247,248,179,103,N\A
2,2009/02/10,14095,0,125,7,13665,0,14,9,246,248,1,1,N\A
2,2009/02/18,14512,0,130,46,13786,0,25,90,247,248,195,12,N\A
2,2009/02/26,14549,65,128,28,13943,0,20,50,246,248,131,34,N\A
2,2009/03/06,14699,0,131,59,13785,0,21,63,247,248,254,254,N\A
2,2009/03/14,14876,0,131,57,14060,0,21,58,246,248,106,192,N\A
2,2009/03/22,14866,0,130,50,13935,0,21,63,246,248,246,254,N\A
2,2009/03/30,14943,0,130,45,13909,0,20,55,246,248,255,251,N\A
2,2009/04/07,14822,65,131,51,14024,0,22,68,246,248,112,241,N\A
2,2009/04/15,15129,0,129,37,14140,0,19,48,246,248,191,255,N\A
2,2009/04/23,14999,0,132,65,13894,0,23,73,246,248,124,252,N\A
2,2009/05/01,15165,0,130,44,14159,0,17,21,246,248,224,160,N\A
2,2009/05/09,15361,0,134,77,14197,0,21,66,246,248,255,255,N\A
2,2009/05/17,15576,0,130,44,14217,0,21,64,246,248,255,255,N\A
2,2009/05/25,15683,0,130,50,14319,0,21,62,246,248,95,127,N\A
2,2009/06/02,15439,0,133,68,14182,0,18,42,246,248,120,193,N\A
2,2009/06/10,15624,65,131,59,14196,0,22,62,246,248,183,86,N\A
2,2009/06/18,15865,0,130,49,14352,0,19,48,246,248,249,255,N\A
2,2009/06/26,16151,0,132,65,14464,0,21,66,246,248,239,255,N\A
2,2009/07/04,15871,0,132,60,14264,0,19,53,246,248,255,127,N\A
2,2009/07/12,16224,0,132,61,14545,0,21,63,246,248,255,254,N\A
2,2009/07/20,16030,0,132,60,14399,0,19,48,246,248,255,255,N\A
2,2009/07/28,15873,0,132,61,14363,0,21,65,246,248,255,255,N\A
2,2009/08/05,15848,0,131,59,14421,0,18,45,246,248,253,253,N\A
2,2009/08/13,15974,0,132,61,14440,0,21,66,246,248,255,255,N\A
2,2009/08/21,15902,0,132,60,14397,0,20,55,246,248,255,251,N\A
2,2009/08/29,15954,0,132,65,14462,0,21,66,246,248,239,255,N\A
2,2009/09/06,15722,0,129,37,14392,0,18,41,246,248,191,191,N\A
2,2009/09/14,15733,0,132,61,14429,0,20,64,246,248,255,254,N\A
2,2009/09/22,15927,0,129,42,14480,0,19,54,246,248,63,127,N\A
2,2009/09/30,15406,0,132,68,14056,0,21,67,246,248,229,245,N\A
2,2009/10/08,15212,0,127,25,14123,0,18,46,246,248,143,79,N\A
2,2009/10/16,15044,0,130,47,14183,0,20,64,246,248,115,254,N\A
2,2009/10/24,14929,0,130,51,13977,0,18,45,246,248,251,245,N\A
2,2009/11/01,15013,0,132,61,14072,0,21,72,246,248,255,191,N\A
2,2009/11/09,14680,0,130,43,13765,0,20,60,246,248,232,209,N\A
2,2009/11/17,14567,0,130,45,13845,0,20,64,246,248,215,197,N\A
2,2009/11/25,14587,0,129,39,13803,0,20,56,246,248,185,243,N\A
2,2009/12/03,14318,0,132,66,13512,0,20,57,246,248,97,75,N\A
2,2009/12/11,0,2,255,255,13678,65,24,102,251,249,0,64,N\A
2,2009/12/19,14304,0,133,68,13746,0,23,79,246,248,120,24,N\A
2,2009/12/27,14315,65,125,7,13798,65,28,125,247,248,1,4,N\A
2,2010/01/01,14414,0,130,44,13767,0,27,115,248,249,12,18,N\A
2,2010/01/09,14389,65,132,64,13867,0,12,0,247,248,16,32,N\A
2,2010/01/17,0,2,255,255,13792,65,18,38,246,248,0,128,N\A
2,2010/01/25,14419,65,128,35,13786,0,14,9,246,248,112,8,N\A
2,2010/02/02,14433,0,135,97,13792,65,17,29,246,248,2,1,N\A
2,2010/02/10,14536,0,133,76,13954,0,21,72,246,248,165,156,N\A
2,2010/02/18,14503,0,127,18,13908,0,15,17,247,248,144,17,N\A
2,2010/02/26,14468,0,132,65,13793,0,22,76,246,248,68,134,N\A
2,2010/03/06,14538,65,134,77,13804,0,22,80,246,248,186,234,N\A
2,2010/03/14,14767,0,131,56,13866,0,21,74,247,248,182,177,N\A
2,2010/03/22,14731,0,130,44,13897,0,20,58,246,248,63,127,N\A
2,2010/03/30,14368,0,134,77,13819,0,21,72,246,248,192,140,N\A
2,2010/04/07,14823,0,131,56,13965,0,19,45,246,248,199,135,N\A
2,2010/04/15,14624,65,132,66,13978,0,19,48,246,248,143,30,N\A
2,2010/04/23,14882,0,132,60,14024,0,21,64,246,248,207,207,N\A
2,2010/05/01,14988,0,131,54,14028,0,18,58,246,248,255,255,N\A
2,2010/05/09,14924,0,130,52,14044,0,19,52,246,248,124,125,N\A
2,2010/05/17,14851,0,126,16,13808,0,16,24,246,248,104,96,N\A
2,2010/05/25,15114,0,129,41,14069,0,18,49,246,248,184,56,N\A
2,2010/06/02,15459,0,128,28,14361,65,17,40,246,248,120,112,N\A
2,2010/06/10,15620,0,131,52,14290,0,20,60,246,248,255,254,N\A
2,2010/06/18,15605,0,131,56,14227,0,21,71,246,248,191,63,N\A
2,2010/06/26,15895,0,130,52,14421,0,20,56,246,248,255,255,N\A
2,2010/07/04,15887,0,131,54,14359,0,20,58,246,248,255,255,N\A
2,2010/07/12,15987,0,130,52,14497,0,20,56,246,248,255,255,N\A
2,2010/07/20,15852,0,130,54,14338,0,20,58,246,248,255,255,N\A
2,2010/07/28,15923,0,130,51,14329,0,20,56,246,248,255,255,N\A
2,2010/08/05,15743,0,130,54,14292,0,20,60,246,248,255,191,N\A
2,2010/08/13,15849,0,130,52,14359,0,20,56,246,248,255,255,N\A
2,2010/08/21,15924,0,128,36,14391,0,20,58,246,248,126,255,N\A
2,2010/08/29,15801,0,130,52,14403,0,20,60,246,248,255,254,N\A
2,2010/09/06,15738,0,129,46,14294,0,18,43,246,248,115,123,N\A
2,2010/09/14,15494,0,130,48,14264,0,20,63,246,248,215,239,N\A
2,2010/09/22,15725,0,130,54,14374,0,20,58,246,248,255,255,N\A
2,2010/09/30,15534,0,129,41,14488,0,17,28,246,248,135,1,N\A
2,2010/10/08,15535,0,129,47,14327,0,20,58,246,248,254,255,N\A
2,2010/10/16,15122,0,128,40,14236,0,18,44,247,248,24,57,N\A
2,2010/10/24,14803,0,131,57,13892,0,19,51,246,248,158,12,N\A
2,2010/11/01,14862,0,130,49,14087,0,19,48,246,248,175,167,N\A
2,2010/11/09,14677,0,129,45,13958,0,20,62,246,248,248,237,N\A
2,2010/11/17,14492,0,129,28,13921,0,20,56,246,248,129,131,N\A
2,2010/11/25,14391,0,131,55,13644,0,21,73,247,248,67,211,N\A
2,2010/12/03,14589,0,128,40,0,2,255,255,247,248,24,0,N\A
2,2010/12/11,14428,0,124,9,13860,0,14,11,247,248,34,34,N\A
2,2010/12/19,14303,65,126,18,13969,65,18,38,246,248,144,128,N\A
2,2010/12/27,14138,0,124,7,13698,65,20,63,248,249,8,25,N\A
2,2011/01/01,14373,0,132,61,13750,0,21,65,246,248,24,24,N\A
2,2011/01/09,14194,0,136,103,13767,0,14,9,246,248,42,64,N\A
2,2011/01/17,14502,0,129,42,13846,0,21,69,247,248,248,124,N\A
2,2011/01/25,14552,0,132,67,13826,65,20,60,246,248,135,199,N\A
2,2011/02/02,14537,0,129,46,13793,0,19,49,246,248,255,255,N\A
2,2011/02/10,14712,0,133,77,13768,0,23,82,246,248,15,15,N\A
2,2011/02/18,14526,0,136,105,13671,0,16,77,246,248,20,52,N\A
2,2011/02/26,14556,0,134,79,13667,0,21,67,246,248,47,79,N\A
2,2011/03/06,14530,65,132,61,13921,0,18,44,246,248,102,164,N\A
2,2011/03/14,14683,0,136,105,13863,0,25,109,246,248,8,8,N\A
2,2011/03/22,14455,65,128,38,13811,65,15,14,246,248,65,32,N\A
2,2011/03/30,14952,0,131,54,14077,0,20,59,246,248,246,246,N\A
2,2011/04/07,14753,0,132,64,13749,0,19,49,246,248,124,142,N\A
2,2011/04/15,15040,0,128,32,14056,0,21,62,247,248,4,150,N\A
2,2011/04/23,15026,0,129,42,13939,0,18,46,246,248,248,248,N\A
2,2011/05/01,15355,0,131,60,14066,0,20,64,246,248,127,127,N\A
2,2011/05/09,15429,0,133,69,13989,0,20,61,246,248,30,62,N\A
2,2011/05/17,15221,0,129,45,14091,0,20,64,246,248,220,236,N\A
2,2011/05/25,15184,65,132,71,13997,65,18,41,246,248,82,47,N\A
2,2011/06/02,15305,0,130,52,14063,0,21,73,246,248,225,226,N\A
2,2011/06/10,15515,0,131,60,14322,0,19,49,246,248,255,255,N\A
2,2011/06/18,15865,0,131,61,14398,0,21,64,246,248,254,255,N\A
2,2011/06/26,15820,0,131,58,14412,0,17,41,246,248,243,243,N\A
2,2011/07/04,15958,0,131,60,14507,0,19,65,246,248,255,255,N\A
2,2011/07/12,15676,0,130,52,14255,0,19,49,246,248,254,255,N\A
2,2011/07/20,16008,0,131,60,14436,0,21,65,246,248,255,255,N\A
2,2011/07/28,15867,0,129,45,14401,0,19,49,246,248,255,255,N\A
2,2011/08/05,15938,0,131,60,14374,0,21,65,246,248,127,255,N\A
2,2011/08/13,15906,0,129,45,14338,0,18,49,246,248,255,253,N\A
2,2011/08/21,15964,0,131,60,14416,0,21,67,246,248,255,183,N\A
2,2011/08/29,15855,0,129,45,14366,0,18,49,246,248,255,255,N\A
2,2011/09/06,15887,0,132,68,14456,0,21,73,246,248,191,191,N\A
2,2011/09/14,15722,0,129,46,14381,0,19,56,246,248,255,254,N\A
2,2011/09/22,15754,0,130,52,14476,0,20,58,246,248,119,247,N\A
2,2011/09/30,15145,0,126,22,14196,0,21,64,246,248,130,143,N\A
2,2011/10/08,15134,0,131,64,14256,0,20,60,246,248,251,115,N\A
2,2011/10/16,15120,0,129,46,14325,0,20,63,246,248,255,244,N\A
2,2011/10/24,14995,0,131,61,14095,0,21,66,246,248,254,254,N\A
2,2011/11/01,14732,0,127,30,13891,0,19,59,246,248,195,215,N\A
2,2011/11/09,14659,0,131,64,13888,0,15,67,246,248,251,194,N\A
2,2011/11/17,14392,0,132,74,13861,0,17,36,247,248,52,167,N\A
2,2011/11/25,14524,0,132,72,13890,0,18,39,246,248,235,196,N\A
2,2011/12/03,14507,0,129,48,13673,0,19,49,247,248,103,255,N\A
2,2011/12/11,14422,0,129,50,13662,0,21,74,247,248,124,173,N\A
2,2011/12/19,14379,0,130,56,13573,0,19,56,246,248,239,254,N\A
2,2011/12/27,14513,0,134,85,13746,65,18,39,246,248,3,21,N\A
2,2012/01/01,14622,0,130,55,13681,0,20,58,246,248,125,248,N\A
2,2012/01/09,14670,0,130,52,13701,0,20,56,246,248,255,255,N\A
2,2012/01/17,14547,0,134,87,13672,0,24,97,246,248,1,129,N\A
2,2012/01/25,14512,0,130,58,13867,0,22,83,246,248,93,74,N\A
2,2012/02/02,14689,0,128,38,13834,0,18,42,246,248,206,95,N\A
2,2012/02/10,14549,0,130,55,13841,0,19,46,246,248,244,225,N\A
2,2012/02/18,14722,0,130,46,13834,0,20,64,247,248,114,249,N\A
2,2012/02/26,14740,0,131,58,13762,0,17,37,246,248,226,229,N\A
2,2012/03/05,14912,0,130,58,13826,0,20,65,247,248,157,253,N\A
2,2012/03/13,0,2,255,255,0,2,255,255,0,0,0,0,N\A
2,2012/03/21,14981,0,133,76,13941,0,22,82,246,248,5,5,N\A
2,2012/03/29,14696,65,129,42,13821,0,23,83,246,248,162,208,N\A
2,2012/04/06,14948,0,134,87,13806,0,19,58,247,249,1,7,N\A
2,2012/04/14,15175,0,131,58,14190,0,19,55,246,248,226,206,N\A
2,2012/04/22,15098,0,132,65,14201,0,22,79,246,248,231,235,N\A
2,2012/04/30,15016,0,131,59,14112,0,18,45,246,248,246,231,N\A
2,2012/05/08,15417,0,129,46,14221,0,20,62,246,248,223,191,N\A
2,2012/05/16,15459,0,130,52,14161,0,19,52,246,248,255,253,N\A
2,2012/05/24,15613,0,133,71,14131,0,19,56,246,248,245,251,N\A
2,2012/06/01,15693,0,129,41,14239,0,19,52,246,248,231,253,N\A
2,2012/06/09,15875,0,130,54,14311,0,20,58,246,248,255,255,N\A
2,2012/06/17,15815,0,130,55,14325,0,19,53,246,248,223,63,N\A
2,2012/06/25,15805,0,129,46,14296,0,20,58,246,248,223,255,N\A
2,2012/07/03,16017,0,130,52,14396,0,20,56,246,248,255,255,N\A
2,2012/07/11,16146,0,131,59,14355,0,20,58,246,248,151,255,N\A
2,2012/07/19,15958,0,131,59,14388,0,20,62,246,248,246,254,N\A
2,2012/07/27,16073,0,130,54,14446,0,20,58,246,248,255,255,N\A
2,2012/08/04,16103,0,131,62,14480,0,20,62,246,248,222,254,N\A
2,2012/08/12,16036,0,130,58,14554,0,22,76,246,248,191,245,N\A
2,2012/08/20,15875,0,130,52,14367,0,20,56,246,248,255,255,N\A
2,2012/08/28,15964,0,131,62,14393,0,20,58,246,248,247,255,N\A
2,2012/09/05,15743,0,131,58,14403,0,19,52,246,248,254,253,N\A
2,2012/09/13,15735,0,130,54,14359,0,20,58,246,248,255,255,N\A
2,2012/09/21,15754,0,132,67,14379,0,18,56,246,248,250,255,N\A
2,2012/09/29,15751,0,130,52,14407,0,19,52,246,248,63,127,N\A
2,2012/10/07,15289,0,129,44,14153,0,19,50,246,248,207,159,N\A
2,2012/10/15,15386,0,130,52,14155,0,19,52,246,248,63,127,N\A
2,2012/10/23,15040,0,130,55,14131,0,21,69,246,248,252,248,N\A
2,2012/10/31,14975,0,130,56,14187,0,23,88,246,248,252,236,N\A
2,2012/11/08,14603,0,132,68,13869,0,20,59,246,248,240,176,N\A
2,2012/11/16,14590,0,128,40,14046,0,17,28,246,248,216,64,N\A
2,2012/11/24,14634,0,127,30,13971,0,18,40,247,248,7,15,N\A
2,2012/12/02,14389,65,133,78,13948,0,22,72,246,248,224,96,N\A
2,2012/12/10,14431,0,128,33,13826,0,19,71,246,248,9,123,N\A
2,2012/12/18,14259,0,130,46,13763,65,22,83,246,248,71,5,N\A
2,2012/12/26,14303,0,134,76,13630,0,19,54,246,248,48,52,N\A
2,2013/01/01,14379,0,132,66,13660,0,20,59,247,248,143,95,N\A
2,2013/01/09,14223,0,129,46,13618,0,18,40,246,248,190,150,N\A
2,2013/01/17,14568,0,129,47,13663,0,20,61,246,248,63,31,N\A
2,2013/01/25,14532,0,131,58,13868,0,21,69,246,248,236,238,N\A
2,2013/02/02,14540,0,132,70,13773,0,20,62,246,248,150,158,N\A
2,2013/02/10,14682,0,129,42,13796,0,18,46,246,248,191,191,N\A
2,2013/02/18,14550,0,133,77,13747,0,20,62,246,248,253,237,N\A
2,2013/02/26,14801,0,131,60,13856,0,20,62,246,248,207,219,N\A
2,2013/03/06,14790,0,129,40,13926,0,20,58,246,248,124,246,N\A
2,2013/03/14,14923,0,131,54,14062,0,15,15,246,248,136,21,N\A
2,2013/03/22,15013,0,133,77,13873,0,20,68,246,248,151,167,N\A
2,2013/03/30,14771,65,131,55,14116,0,17,39,246,248,6,25,N\A
2,2013/04/07,14989,0,130,47,14037,0,20,66,246,248,254,244,N\A
2,2013/04/15,15231,0,130,52,14051,0,20,60,246,248,255,254,N\A
2,2013/04/23,15522,0,131,55,14151,0,20,58,246,248,255,255,N\A
2,2013/05/01,15689,0,131,52,14277,0,18,46,246,248,47,31,N\A
2,2013/05/09,15692,0,129,47,14272,0,21,68,246,248,63,127,N\A
2,2013/05/17,15660,0,130,52,14079,0,20,56,246,248,255,255,N\A
2,2013/05/25,15707,0,130,50,14122,0,20,64,246,248,251,231,N\A
2,2013/06/02,16009,0,130,52,14407,0,20,56,246,248,255,255,N\A
2,2013/06/10,15868,0,130,54,14255,0,19,53,246,248,255,251,N\A
2,2013/06/18,15834,0,129,42,14259,0,19,48,246,248,31,63,N\A
2,2013/06/26,16188,0,129,47,14663,0,20,60,246,248,63,222,N\A
2,2013/07/04,16188,0,131,56,14479,0,20,60,246,248,254,254,N\A
2,2013/07/12,16083,0,130,54,14329,0,20,58,246,248,255,255,N\A
2,2013/07/20,16100,0,131,54,14524,65,18,46,246,248,243,179,N\A
2,2013/07/28,15983,0,130,54,14332,0,20,58,246,248,255,255,N\A
2,2013/08/05,15895,0,130,52,14243,0,20,62,246,248,255,251,N\A
2,2013/08/13,16149,0,131,62,14389,0,22,74,246,248,223,239,N\A
2,2013/08/21,15907,0,130,52,14404,0,22,71,246,248,255,255,N\A
2,2013/08/29,15863,0,134,81,14424,0,21,66,246,248,231,207,N\A
2,2013/09/06,15893,0,130,52,14446,0,20,56,246,248,255,255,N\A
2,2013/09/14,15696,0,129,46,14342,0,19,50,246,248,127,127,N\A
2,2013/09/22,15407,0,130,52,14158,0,22,78,246,248,255,254,N\A
2,2013/09/30,15398,0,130,54,14121,0,19,51,246,248,188,254,N\A
2,2013/10/08,15287,0,130,56,14079,0,20,56,246,248,254,255,N\A
2,2013/10/16,15424,0,130,54,14156,0,20,58,246,248,255,255,N\A
2,2013/10/24,15183,0,131,60,14046,0,21,67,246,248,207,201,N\A
2,2013/11/01,15053,0,130,50,13882,0,20,60,246,248,251,191,N\A
2,2013/11/09,15019,0,129,42,14020,0,19,54,246,248,179,87,N\A
2,2013/11/17,14724,65,135,90,13882,0,20,62,246,248,241,163,N\A
2,2013/11/25,14790,0,129,40,13928,0,20,59,247,248,57,243,N\A
2,2013/12/03,14240,0,131,62,13471,65,21,73,246,248,247,174,N\A
2,2013/12/11,14509,0,129,45,13646,0,19,49,246,248,63,63,N\A
2,2013/12/19,14618,0,130,55,13738,0,20,60,246,248,255,222,N\A
2,2013/12/27,14614,0,131,62,13738,0,18,46,246,248,14,31,N\A