site-id,lat,lon,tile-h,tile-v,pixel-col,pixel_row
1,14.82651,99.67715,27,7,1526,1241
2,15.10653,100.02415,27,7,1576,1174
3,14.53313,100.12565,27,7,1661,1312
4,14.6705,100.37515,27,7,1704,1279
5,14.76528,100.44693,27,7,1711,1256
6,14.52054,100.55989,27,7,1763,1315
7,14.51312,100.82942,27,7,1826,1316
8,14.29234,100.13954,27,7,1689,1369
9,14.28868,100.60973,27,7,1799,1370
10,14.34029,100.86974,27,7,1854,1358
11,14.2546,101.06443,27,7,1908,1378
12,14.05285,100.1741,27,7,1722,1427
13,14.1545,100.50478,27,7,1788,1402
14,13.89866,100.8131,27,7,1886,1464
15,13.96792,101.20529,27,7,1971,1447
16,14.05771,101.35052,27,7,1995,1426
17,13.49009,100.06744,27,7,1753,1562
18,13.59776,100.58941,27,7,1864,1536
19,13.58976,101.03383,27,7,1969,1538
20,13.72198,101.2018,27,7,1995,1506
21,13.33792,100.93623,27,7,1971,1598
22,13.50474,101.16583,27,7,2008,1558
id,Date,Surface_reflectance_for_band_1,Surface_reflectance_for_band_2,Surface_reflectance_for_band_3,Surface_reflectance_for_band_4,Surface_reflectance_for_band_5,Surface_reflectance_for_band_6,Surface_reflectance_for_band_7,Surface_reflectance_500m_quality_control_flags,Solar_zenith,View_zenith,Relative_azimuth,Surface_reflectance_500m_state_flags,Surface_reflectance_day_of_year,actual_date
1,2012/01/01,896,3182,465,929,3862,2612,1407,1073741824,4791,5879,-4544,136,1,2012/01/01
1,2012/01/09,639,2050,335,606,2425,1938,1108,1073741824,4129,3041,12539,72,9,2012/01/09
1,2012/01/17,673,2079,346,669,2379,1863,1058,1073741824,4108,1763,12947,200,18,2012/01/18
1,2012/01/25,599,1846,310,575,2318,1850,1106,1073741824,3926,3004,12928,200,25,2012/01/25
1,2012/02/02,846,2504,491,838,3311,2713,1818,1073741824,4119,3636,-3857,72,38,2012/02/07
1,2012/02/10,775,2195,405,763,2789,2465,1537,1073741824,3852,2462,-3638,200,45,2012/02/14
1,2012/02/18,775,2091,407,732,2835,2369,1590,1073741824,3562,1086,-3494,136,52,2012/02/21
1,2012/02/26,948,2243,507,930,2949,2746,1924,1073741824,3419,2434,-3047,200,61,2012/03/01
1,2012/03/05,895,2236,467,845,3069,2543,1709,1073741824,3098,1085,-2966,201,68,2012/03/08
1,2012/03/13,973,2668,529,895,3425,2947,1951,1073741824,2961,2453,-2155,136,77,2012/03/17
1,2012/03/21,771,2041,422,742,2575,2163,1451,1073741824,2442,1763,15448,136,82,2012/03/22
1,2012/03/29,1089,2747,572,1021,3739,3314,2385,1073741824,2557,2508,-1115,202,93,2012/04/02
1,2012/04/06,877,2582,488,886,3115,2728,1741,1073741824,2271,1176,-636,137,100,2012/04/09
1,2012/04/14,813,2812,430,843,3261,2513,1575,1073741824,2003,315,17769,73,107,2012/04/16
1,2012/04/22,935,3196,498,977,3765,2842,1833,1073741824,2046,1121,609,138,116,2012/04/25
1,2012/04/30,836,2884,431,876,3169,2493,1536,1073741824,1859,344,-17444,72,123,2012/05/02
1,2012/05/08,881,3382,448,981,3552,2779,1652,1073741824,2004,1121,2005,72,132,2012/05/11
1,2012/05/16,992,3958,664,1135,4286,2905,1618,1073741824,2182,2479,2484,8205,141,2012/05/20
1,2012/05/24,1125,3644,841,1287,3464,2669,1425,1073741824,2087,1159,3216,1289,148,2012/05/27
1,2012/06/01,1110,3131,979,1235,3298,2291,1312,1073741824,1722,2967,-14303,1033,153,2012/06/01
1,2012/06/09,1763,4309,1672,1965,4495,3070,1760,1073741824,2864,5924,2695,1289,161,2012/06/09
1,2012/06/17,1084,4953,558,1224,4548,3233,1771,1073741824,2662,4562,3044,8205,175,2012/06/23
1,2012/06/25,1419,3512,1150,1520,3344,2662,1587,1073741824,2274,1140,3562,1033,180,2012/06/28
1,2012/07/03,406,2843,202,524,2627,1790,893,1073741824,1752,4052,-14299,77,192,2012/07/10
1,2012/07/11,602,2810,302,701,2800,1969,970,1073741824,2015,1754,-14779,1034,194,2012/07/12
1,2012/07/19,931,3038,595,990,2723,2337,1346,1075576832,2134,335,-16095,1034,203,2012/07/21
1,2012/07/27,2029,4167,1886,2203,3967,2920,1566,1073741824,2533,3635,1820,1033,214,2012/08/01
1,2012/08/04,1875,3630,1586,1913,3509,2841,1966,1073741824,1795,2986,-16145,1033,217,2012/08/04
1,2012/08/12,1068,3911,1010,1294,3920,2449,1149,1073741824,2947,5913,1001,1033,225,2012/08/12
1,2012/08/20,1072,4317,560,1188,4596,3324,1914,1073741824,2341,2480,199,8208,237,2012/08/24
1,2012/08/28,679,4053,465,909,3239,2436,1091,1075576832,2932,5902,-8,8205,241,2012/08/28
1,2012/09/05,673,4440,325,941,4397,2498,1062,1073741824,2406,2452,-1332,73,253,2012/09/09
1,2012/09/13,3517,4810,3428,3700,4870,3453,2189,1073741824,2996,5902,-1304,1801,257,2012/09/13
1,2012/09/21,601,3056,305,724,4467,1974,897,1075576832,2342,344,14263,73,267,2012/09/23
1,2012/09/29,592,3397,290,757,3593,2101,937,1073741824,2903,3636,-3206,74,278,2012/10/04
1,2012/10/07,1351,2809,1432,1522,2824,1827,929,1073741824,2707,288,13268,1033,283,2012/10/09
1,2012/10/15,564,3489,289,753,3353,2072,941,1073741824,3033,1167,-4441,72,292,2012/10/18
1,2012/10/23,539,3328,252,710,3606,2072,930,1073741824,3587,4572,-4387,202,303,2012/10/29
1,2012/10/31,528,3122,276,671,3103,2087,956,1073741824,3464,1177,-4840,72,308,2012/11/03
1,2012/11/08,464,2660,236,559,2767,1815,877,1073741824,3401,2958,12114,140,313,2012/11/08
1,2012/11/16,659,2675,745,822,2804,1739,733,1073741824,3652,4878,11656,8201,327,2012/11/22
1,2012/11/24,476,2876,280,616,2868,1815,810,1073741824,3791,2994,11998,8206,329,2012/11/24
1,2012/12/02,696,2602,581,818,2969,1944,953,1073741824,4015,1736,12046,136,338,2012/12/03
1,2012/12/10,563,2916,290,676,3348,2177,1078,1073741824,4361,2498,-5153,136,349,2012/12/14
1,2012/12/18,664,2419,336,688,4231,2109,1188,1075576832,4348,1168,-5089,72,356,2012/12/21
1,2012/12/26,716,2366,393,756,2960,2018,1119,1073741824,4301,315,12334,136,363,2012/12/28
2,2012/01/01,824,2904,424,936,3055,2125,1119,1073741824,4795,5780,-4616,136,1,2012/01/01
2,2012/01/09,552,2408,282,592,2509,1632,830,1073741824,4140,3237,12567,72,9,2012/01/09
2,2012/01/17,1625,3335,1204,1756,3368,2578,1580,1073741824,4397,3418,-4431,204,22,2012/01/22
2,2012/01/25,360,2392,176,490,2367,1560,698,1073741824,3720,4188,12997,200,32,2012/02/01
2,2012/02/02,650,2939,355,809,2973,2084,1112,1073741824,4117,3438,-3984,136,38,2012/02/07
2,2012/02/10,533,2423,285,688,2318,1623,882,1073741824,3704,603,13822,200,43,2012/02/12
2,2012/02/18,644,2495,341,755,2808,1791,932,1073741824,3560,823,-3820,136,52,2012/02/21
2,2012/02/26,1061,3319,535,1122,3736,2569,1472,1073741824,3412,2195,-3223,200,61,2012/03/01
2,2012/03/05,476,2602,253,641,2737,1673,738,1073741824,2927,2037,14584,200,66,2012/03/06
2,2012/03/13,740,3021,394,817,3211,2361,1272,1073741824,2949,2223,-2331,136,77,2012/03/17
2,2012/03/21,971,3014,537,1076,3086,2274,1207,1073741824,2628,869,-1821,202,84,2012/03/24
2,2012/03/29,898,2629,465,903,2938,2373,1486,1073741824,2538,2277,-1298,200,93,2012/04/02
2,2012/04/06,739,2712,401,818,2774,2054,1104,1073741824,2248,913,-965,136,100,2012/04/09
2,2012/04/14,731,2471,372,769,2643,1858,944,1073741824,1978,587,17146,74,107,2012/04/16
2,2012/04/22,858,2726,439,893,2810,2054,1164,1073741824,2016,860,821,136,116,2012/04/25
2,2012/04/30,746,2429,372,785,2582,1866,1033,1073741824,1826,612,-16765,73,123,2012/05/02
2,2012/05/08,815,2658,412,880,2702,1976,1058,1073741824,1967,851,2256,72,132,2012/05/11
2,2012/05/16,2265,3742,2124,2486,3515,2889,1857,1073741824,1850,595,-15625,1033,139,2012/05/18
2,2012/05/24,1514,3012,1302,1658,2957,2203,1365,1073741824,1758,1973,-15007,1033,146,2012/05/25
2,2012/06/01,507,3324,277,645,2988,1900,841,1073741824,1349,5636,-13359,205,158,2012/06/06
2,2012/06/09,888,3429,548,1030,3078,2116,1149,1073741824,2161,923,3456,8205,164,2012/06/12
2,2012/06/17,397,2697,173,517,2456,1355,477,1073741824,1701,4197,-13876,140,176,2012/06/24
2,2012/06/25,1752,4226,1589,1977,3658,2600,1243,1073741824,2235,877,3307,1033,180,2012/06/28
2,2012/07/03,325,2708,79,439,2461,1419,620,1073741824,1711,4217,-14288,1034,192,2012/07/10
2,2012/07/11,490,3083,176,607,2714,1635,757,1073741824,1976,2001,-14942,74,194,2012/07/12
2,2012/07/19,642,3380,318,766,3024,1881,883,1073741824,2096,594,-15363,76,203,2012/07/21
2,2012/07/27,2478,4272,2455,2643,3996,2854,1635,1073741824,2943,5802,1900,1033,209,2012/07/27
2,2012/08/04,470,2258,259,566,2079,1239,594,1073741824,1760,3191,-16137,76,217,2012/08/04
2,2012/08/12,487,2177,250,551,2013,1309,598,1073741824,1430,5009,-17697,141,231,2012/08/18
2,2012/08/20,884,2926,528,973,2750,1678,806,1073741824,2018,594,-17871,1289,235,2012/08/22
2,2012/08/28,1221,3509,845,1325,-28672,2498,1468,1075576835,2481,3409,-617,1289,246,2012/09/02
2,2012/09/05,632,2054,306,675,-28672,1213,677,1075576835,1809,3228,16264,142,249,2012/09/05
2,2012/09/13,846,2541,869,999,2323,1459,661,1073741824,1819,5030,14184,1289,263,2012/09/19
2,2012/09/21,663,2570,346,759,2354,1585,813,1073741824,2335,603,14923,74,267,2012/09/23
2,2012/09/29,600,3165,309,776,2922,1865,866,1073741824,2898,3447,-3342,74,278,2012/10/04
2,2012/10/07,545,3083,261,725,2932,1896,899,1073741824,2951,2278,-4046,136,285,2012/10/11
2,2012/10/15,587,3355,296,787,3344,2063,946,1073741824,3270,3447,-4323,136,294,2012/10/20
2,2012/10/23,580,3225,293,747,3329,1949,915,1073741824,3363,2278,-4777,72,301,2012/10/27
2,2012/10/31,593,3755,299,830,3803,2102,882,1073741824,3902,5197,-4603,136,312,2012/11/07
2,2012/11/08,457,2760,226,564,2564,1562,685,1073741824,3415,3162,12115,136,313,2012/11/08
2,2012/11/16,611,3293,309,794,3058,1894,871,1073741824,4062,3447,-5152,138,326,2012/11/21
2,2012/11/24,635,3370,340,842,3296,2013,945,1073741824,4317,4405,-5072,206,335,2012/11/30
2,2012/12/02,676,2688,342,800,2686,1831,988,1073741824,4184,887,-5269,200,340,2012/12/05
2,2012/12/10,685,2675,366,768,2814,1746,870,1073741824,4370,2268,-5302,136,349,2012/12/14
2,2012/12/18,637,2532,338,708,2552,1724,882,1073741824,4357,904,-5354,72,356,2012/12/21
2,2012/12/26,677,2149,388,739,2266,1582,899,1073741824,4311,576,12799,136,363,2012/12/28
3,2012/01/01,899,2367,389,887,2573,2148,1407,1073741824,4319,606,-5188,138,4,2012/01/04
3,2012/01/09,684,1982,355,663,2292,1697,1127,1073741824,4082,3406,12596,72,9,2012/01/09
3,2012/01/17,796,3175,407,945,3271,2486,1363,1073741824,4510,5074,-4076,200,24,2012/01/24
3,2012/01/25,625,2349,287,687,2804,1978,1126,1073741824,4146,2085,-4369,200,29,2012/01/29
3,2012/02/02,710,2716,358,776,3281,2254,1372,1075576832,4066,3278,-3816,136,38,2012/02/07
3,2012/02/10,561,2211,273,651,2481,1701,995,1073741824,3652,811,13926,200,43,2012/02/12
3,2012/02/18,796,2221,407,798,2499,2132,1388,1073741824,3510,616,-3903,136,52,2012/02/21
3,2012/02/26,704,2267,352,749,2850,1964,1230,1075576832,3202,857,14185,200,59,2012/02/28
3,2012/03/05,496,1942,247,601,2031,1584,960,1073741824,2879,2229,14642,204,66,2012/03/06
3,2012/03/13,931,2607,537,954,3179,2454,1589,1073741824,2909,2040,-2278,136,77,2012/03/17
3,2012/03/21,790,2069,396,792,2485,1862,1266,1073741824,2390,2192,15595,200,82,2012/03/22
3,2012/03/29,774,2216,398,804,2655,1929,1118,1073741824,2277,775,16535,202,91,2012/03/31
3,2012/04/06,883,2528,445,893,2972,2328,1523,1073741824,2220,706,-947,138,100,2012/04/09
3,2012/04/14,1005,2525,530,974,2894,2313,1564,1073741824,1955,794,17503,73,107,2012/04/16
3,2012/04/22,973,2760,506,978,3086,2343,1453,1073741824,2001,652,973,136,116,2012/04/25
3,2012/04/30,930,2556,491,925,2921,2206,1488,1073741824,1818,820,-16521,74,123,2012/05/02
3,2012/05/08,910,2836,490,960,2939,2312,1445,1073741824,1966,643,2436,74,132,2012/05/11
3,2012/05/16,979,3202,504,1044,3171,2436,1442,1073741824,2148,2058,2692,137,141,2012/05/20
3,2012/05/24,730,2365,274,776,4553,1648,965,1075576832,1769,2165,-14816,137,146,2012/05/25
3,2012/06/01,688,2544,359,774,2379,1715,997,1073741824,1698,3341,-14216,137,153,2012/06/01
3,2012/06/09,781,3484,406,912,3226,2217,1113,1073741824,2736,5094,3022,205,168,2012/06/16
3,2012/06/17,994,3580,515,1102,3440,2467,1337,1073741824,2356,2085,3284,8206,173,2012/06/21
3,2012/06/25,914,2983,482,962,3199,2265,1467,1073741824,2248,669,3368,73,180,2012/06/28
3,2012/07/03,760,2429,520,885,2311,1655,970,1073741824,2672,4268,2810,8205,191,2012/07/09
3,2012/07/11,823,3204,441,940,3041,2216,1214,1073741824,2257,651,2913,73,196,2012/07/14
3,2012/07/19,921,3137,470,980,3125,2351,1476,1073741824,2102,802,-15209,76,203,2012/07/21
3,2012/07/27,2020,3789,1838,2191,3310,2568,1449,1073741824,1935,2174,-15516,1033,210,2012/07/28
3,2012/08/04,1735,4030,1618,1938,3992,2452,1289,1073741824,2616,4297,1310,1033,223,2012/08/10
3,2012/08/12,1013,3588,748,1195,3288,2292,1135,1073741824,2906,5737,1082,1289,225,2012/08/12
3,2012/08/20,1693,3929,1172,1752,4179,3140,2049,1073741824,2293,2058,121,137,237,2012/08/24
3,2012/08/28,812,3309,511,970,3086,2081,1058,1073741824,2883,5715,-4,1033,241,2012/08/28
3,2012/09/05,1404,2517,1308,1476,2356,2007,1317,1073741824,1772,3397,16425,1289,249,2012/09/05
3,2012/09/13,2961,4060,2870,3114,3804,2939,1794,1073741824,2014,2211,15601,1033,258,2012/09/14
3,2012/09/21,710,2531,364,771,2483,1811,1088,1073741824,2289,820,15009,73,267,2012/09/23
3,2012/09/29,823,2891,444,901,3119,2063,1159,1073741824,2851,3296,-3306,74,278,2012/10/04
3,2012/10/07,839,2603,458,933,2642,1994,1223,1073741824,2900,2095,-3770,204,285,2012/10/11
3,2012/10/15,672,2636,343,761,2666,1948,1137,1073741824,2982,689,-4067,136,292,2012/10/18
3,2012/10/23,738,2752,374,838,3010,2000,1137,1073741824,3308,2095,-4769,72,301,2012/10/27
3,2012/10/31,787,2401,409,838,2677,1886,1171,1073741824,3416,706,-5066,136,308,2012/11/03
3,2012/11/08,565,2200,303,631,2114,1439,743,1073741824,3356,3331,12144,138,313,2012/11/08
3,2012/11/16,747,3121,385,884,3145,2218,1215,1073741824,4208,5084,-4853,8205,328,2012/11/23
3,2012/11/24,867,2515,670,943,2743,1942,1100,1073741824,3902,784,12154,1034,331,2012/11/26
3,2012/12/02,711,2803,361,816,3079,2018,1119,1073741824,4299,3296,-5208,136,342,2012/12/07
3,2012/12/10,683,2620,370,772,2703,2019,1139,1073741824,4314,2085,-5309,136,349,2012/12/14
3,2012/12/18,758,2374,396,782,2855,1925,1224,1073741824,4300,696,-5413,72,356,2012/12/21
3,2012/12/26,564,2041,309,578,2338,1592,969,1073741824,4056,4343,12234,200,2,2012/01/02
4,2012/01/01,648,1645,348,690,2033,1370,743,1073741824,4472,3072,-4849,136,6,2012/01/06
4,2012/01/09,680,1759,337,655,1670,1287,731,1073741824,4084,3557,12565,136,9,2012/01/09
4,2012/01/17,656,1866,342,718,2300,1594,915,1073741824,4191,435,-4862,72,20,2012/01/20
4,2012/01/25,254,2471,142,422,2413,1595,714,1073741824,3665,4441,12984,200,32,2012/02/01
4,2012/02/02,708,2474,332,811,2560,1783,938,1073741824,4061,3119,-3862,136,38,2012/02/07
4,2012/02/10,434,1872,223,614,1705,1113,567,1073741824,3648,1019,13875,200,43,2012/02/12
4,2012/02/18,476,1866,256,623,1933,1265,697,1073741824,3503,402,-2913,136,52,2012/02/21
4,2012/02/26,586,2167,306,719,2238,1652,942,1073741824,3194,1065,14251,136,59,2012/02/28
4,2012/03/05,493,4158,254,843,4053,2651,1074,1073741824,3730,5618,-2506,200,65,2012/03/05
4,2012/03/13,568,2355,286,712,2501,1668,839,1073741824,2539,3557,14748,202,73,2012/03/13
4,2012/03/21,722,2556,347,859,2789,2002,1158,1073741824,2575,444,-1784,200,84,2012/03/24
4,2012/03/29,630,2105,318,724,2222,1531,773,1073741824,2262,983,16453,200,91,2012/03/31
4,2012/04/06,855,2708,448,945,3103,2212,1293,1073741824,2451,3137,-480,138,102,2012/04/11
4,2012/04/14,627,2351,337,681,2358,1707,884,1073741824,1428,4471,-17986,204,112,2012/04/21
4,2012/04/22,798,1946,417,867,2287,1803,1084,1073741824,1978,435,934,136,116,2012/04/25
4,2012/04/30,1230,2235,670,1235,2630,2114,1461,1073741824,1793,1028,-16572,73,123,2012/05/02
4,2012/05/08,815,2166,416,902,2473,1859,1055,1073741824,2234,3100,2126,138,134,2012/05/13
4,2012/05/16,698,1908,351,748,1957,1493,842,1073741824,1537,3528,-15165,138,137,2012/05/16
4,2012/05/24,697,2780,347,880,2615,1964,916,1073741824,2708,5639,2406,8201,145,2012/05/24
4,2012/06/01,735,2286,371,821,2126,1533,787,1073741824,1671,3491,-14217,205,153,2012/06/01
4,2012/06/09,811,2597,429,897,2496,1769,954,1073741824,2427,3147,3268,78,166,2012/06/14
4,2012/06/17,888,3018,862,1094,2697,1814,854,1073741824,1693,4460,-13693,1289,176,2012/06/24
4,2012/06/25,492,1865,239,588,1680,1220,596,1073741824,2221,461,3326,8206,180,2012/06/28
4,2012/07/03,815,3110,535,1040,2826,1905,896,1073741824,2647,4142,2785,1289,191,2012/07/09
4,2012/07/11,733,3233,378,883,3249,2078,1018,1073741824,2506,3110,2772,74,198,2012/07/16
4,2012/07/19,1250,3152,1057,1442,2936,2219,1304,1073741824,2076,1010,-15171,1033,203,2012/07/21
4,2012/07/27,2431,4357,2148,2604,3790,3059,1672,1073741824,1908,2357,-15511,1801,210,2012/07/28
4,2012/08/04,2828,4194,2730,3040,3296,1234,563,1073741824,2303,1903,1369,1801,221,2012/08/08
4,2012/08/12,1598,3467,1200,1709,3504,2380,1419,1073741824,1843,2348,-16944,1033,226,2012/08/13
4,2012/08/20,606,2456,323,700,2458,1538,775,1073741824,1683,3520,-17718,141,233,2012/08/20
4,2012/08/28,1057,3453,667,1220,3254,2334,1234,1073741824,2861,5629,19,137,241,2012/08/28
4,2012/09/05,1082,2559,829,1247,2760,1729,856,1073741824,2338,1839,-1260,1545,253,2012/09/09
4,2012/09/13,2823,3941,2715,2945,3673,3093,1956,1073741824,2926,5629,-1250,1033,257,2012/09/13
4,2012/09/21,591,1880,311,773,1817,1218,639,1073741824,2280,1019,15001,74,267,2012/09/23
4,2012/09/29,721,2733,374,847,2753,1868,966,1073741824,2842,3128,-3359,72,278,2012/10/04
4,2012/10/07,614,2010,367,765,2008,1298,629,1073741824,2894,1894,-3833,136,285,2012/10/11
4,2012/10/15,618,2219,309,726,1794,1621,836,1075576832,2980,482,-4026,72,292,2012/10/18
4,2012/10/23,573,2004,303,721,2052,1326,661,1073741824,3306,1903,-4844,72,301,2012/10/27
4,2012/10/31,598,1699,319,699,1718,1154,616,1073741824,3416,498,-5179,136,308,2012/11/03
4,2012/11/08,512,1700,259,611,1799,1121,614,1073741824,3361,3481,12106,136,313,2012/11/08
4,2012/11/16,698,2511,340,815,2539,1766,888,1073741824,4207,4982,-4896,202,328,2012/11/23
4,2012/11/24,315,2172,91,421,2302,1507,747,1073741824,3838,4460,11764,204,336,2012/12/01
4,2012/12/02,555,2130,449,631,2107,1648,844,1073741824,3900,5214,11665,204,343,2012/12/08
4,2012/12/10,512,1648,270,633,1860,1210,609,1073741824,4314,1893,-5368,136,349,2012/12/14
4,2012/12/18,580,1824,288,677,1937,1445,813,1073741824,4302,489,-5474,136,356,2012/12/21
4,2012/12/26,508,1638,254,595,2090,1330,691,1073741824,4255,1002,12295,136,363,2012/12/28
5,2012/01/01,836,2548,427,880,2672,1930,1030,1073741824,4476,3035,-4842,136,6,2012/01/06
5,2012/01/09,669,2059,329,676,2239,1467,817,1073741824,4090,3585,12540,72,9,2012/01/09
5,2012/01/17,710,2219,342,759,2406,1608,844,1073741824,4196,389,-4755,136,20,2012/01/20
5,2012/01/25,435,2028,218,509,2023,1413,696,1073741824,3670,4470,12958,202,32,2012/02/01
5,2012/02/02,568,2219,329,604,2255,1523,772,1073741824,3422,5235,12973,200,39,2012/02/08
5,2012/02/10,610,2355,319,731,2487,1644,852,1073741824,3651,1064,13810,200,43,2012/02/12
5,2012/02/18,677,2150,347,731,2445,1623,934,1073741824,3506,363,-3988,136,52,2012/02/21
5,2012/02/26,708,2463,367,760,2801,1963,1181,1073741824,3197,1110,14194,136,59,2012/02/28
5,2012/03/05,740,3440,406,933,3485,2621,1331,1073741824,3729,5596,-2521,200,65,2012/03/05
5,2012/03/13,918,2957,507,982,3488,2370,1326,1073741824,3101,4103,-1987,8204,79,2012/03/19
5,2012/03/21,765,2427,391,838,2559,1880,1054,1073741824,2574,399,-1649,200,84,2012/03/24
5,2012/03/29,717,2129,377,756,2238,1673,881,1073741824,2261,1028,16371,200,91,2012/03/31
5,2012/04/06,842,2503,437,844,2671,2130,1214,1073741824,2198,453,-1141,136,100,2012/04/09
5,2012/04/14,1052,2638,508,1037,2726,2104,1248,1073741824,1931,1039,17448,1033,107,2012/04/16
5,2012/04/22,921,2485,457,927,2727,2185,1348,1073741824,1972,390,1069,136,116,2012/04/25
5,2012/04/30,1133,2714,612,1126,2912,2376,1585,1073741824,1787,1073,-16649,73,123,2012/05/02
5,2012/05/08,891,2584,459,900,3558,2222,1307,1075576832,1933,392,2730,74,132,2012/05/11
5,2012/05/16,1027,3152,636,1096,3264,2559,1461,1073741824,2114,1830,2669,1289,141,2012/05/20
5,2012/05/24,1050,2934,516,1112,2894,2077,1146,1073741824,2021,434,3037,137,148,2012/05/27
5,2012/06/01,928,3058,778,1079,2793,2034,1061,1073741824,1660,3529,-14247,8205,153,2012/06/01
5,2012/06/09,825,2522,333,856,2353,1779,1037,1073741824,2138,462,3691,142,164,2012/06/12
5,2012/06/17,683,2970,379,776,-100,1892,1038,1075576833,1438,5843,-13076,205,174,2012/06/22
5,2012/06/25,1222,3235,988,1379,2864,2066,1009,1073741824,2211,417,3426,1033,180,2012/06/28
5,2012/07/03,987,3379,733,1145,3233,2106,1022,1073741824,2089,1064,-14617,1545,187,2012/07/05
5,2012/07/11,954,2716,508,991,2569,1685,937,1073741824,1951,2412,-14583,77,194,2012/07/12
5,2012/07/19,850,2692,384,899,2765,1736,935,1073741824,2067,1055,-15240,74,203,2012/07/21
5,2012/07/27,1736,3617,1477,1904,3454,2381,1410,1073741824,2179,416,2117,1033,212,2012/07/30
5,2012/08/04,808,2234,662,915,2180,1388,752,1073741824,1725,3538,-16026,8205,217,2012/08/04
5,2012/08/12,1430,2908,1175,1526,2695,2082,1131,1073741824,2128,426,651,1033,228,2012/08/15
5,2012/08/20,915,2702,615,1000,2804,1845,933,1073741824,1972,1055,-17790,1545,235,2012/08/22
5,2012/08/28,1296,3656,974,1415,3670,2447,1349,1073741824,2856,5607,-64,1033,241,2012/08/28
5,2012/09/05,721,2538,605,833,2192,1523,773,1073741824,1728,4510,15286,1289,256,2012/09/12
5,2012/09/13,3328,4294,3471,3545,3858,2392,1262,1073741824,2002,2431,15489,1801,258,2012/09/14
5,2012/09/21,928,2396,515,931,2304,1524,782,1073741824,2281,1064,14925,77,267,2012/09/23
5,2012/09/29,780,3135,385,884,2946,2045,1012,1073741824,2843,3091,-3379,74,278,2012/10/04
5,2012/10/07,670,2966,361,807,2950,1992,981,1073741824,3148,4133,-3685,200,287,2012/10/13
5,2012/10/15,675,2871,382,779,2939,1804,846,1073741824,2984,438,-3870,72,292,2012/10/18
5,2012/10/23,707,2656,369,794,2885,1843,980,1073741824,3310,1857,-4833,72,301,2012/10/27
5,2012/10/31,649,2491,328,726,2633,1697,854,1073741824,3421,453,-5078,72,308,2012/11/03
5,2012/11/08,539,1719,388,617,1827,1174,526,1073741824,3367,3519,12077,1034,313,2012/11/08
5,2012/11/16,666,2914,317,769,2880,1964,974,1073741824,4010,3091,-5206,136,326,2012/11/21
5,2012/11/24,612,1975,307,641,2097,1432,766,1073741824,3912,1037,12106,76,331,2012/11/26
5,2012/12/02,425,2252,239,489,2255,1563,697,1073741824,3907,5235,11645,200,343,2012/12/08
5,2012/12/10,681,2590,334,772,2625,1863,985,1073741824,4319,1848,-5352,72,349,2012/12/14
5,2012/12/18,654,2123,326,744,2351,1485,737,1073741824,4308,444,-5377,72,356,2012/12/21
5,2012/12/26,672,2260,344,709,2735,1767,980,1073741824,4261,1037,12747,136,363,2012/12/28
6,2012/01/01,893,2290,461,859,3097,2037,1238,1075576832,4449,2914,-4745,136,6,2012/01/06
6,2012/01/09,708,1936,332,646,2235,1784,1104,1073741824,4063,3699,12582,72,9,2012/01/09
6,2012/01/17,740,3024,347,866,3460,2484,1363,1073741824,4482,4871,-4069,200,24,2012/01/24
6,2012/01/25,696,2212,391,771,2398,1905,1113,1073741824,3979,1191,13177,200,27,2012/01/27
6,2012/02/02,612,2225,284,674,2609,1831,1055,1075576832,3754,2514,13264,200,34,2012/02/03
6,2012/02/10,762,2917,386,846,2926,2245,1229,1073741824,3770,1658,-3628,200,45,2012/02/14
6,2012/02/18,673,2446,333,727,2707,1884,1092,1073741824,3480,202,-2919,136,52,2012/02/21
6,2012/02/26,534,2629,274,683,2429,1727,809,1073741824,3030,3708,13944,200,57,2012/02/26
6,2012/03/05,724,2788,647,888,2626,1800,922,1073741824,2848,2588,14468,8204,66,2012/03/06
6,2012/03/13,456,2466,200,563,2353,1580,778,1073741824,2179,4599,14886,204,80,2012/03/20
6,2012/03/21,666,2581,318,745,2288,1864,1019,1075576832,2353,2560,15415,136,82,2012/03/22
6,2012/03/29,642,2349,324,730,2649,1798,896,1073741824,2239,1182,16186,200,91,2012/03/31
6,2012/04/06,767,2337,393,767,2606,1966,1082,1073741824,1941,2495,16862,74,98,2012/04/07
6,2012/04/14,739,2212,418,761,2347,1876,1049,1073741824,1657,3661,17335,8205,105,2012/04/14
6,2012/04/22,1177,2595,766,1125,2968,2660,1687,1073741824,1959,236,515,1289,116,2012/04/25
6,2012/04/30,897,2280,485,868,2640,2076,1213,1073741824,1777,1228,-16781,137,123,2012/05/02
6,2012/05/08,1076,2421,531,979,2870,2401,1585,1073741824,1927,236,2143,74,132,2012/05/11
6,2012/05/16,661,2111,337,655,2381,1788,985,1073741824,1525,3671,-15062,138,137,2012/05/16
6,2012/05/24,815,1873,397,768,2260,1709,880,1073741824,1732,2523,-14655,137,146,2012/05/25
6,2012/06/01,1137,2309,860,1172,2631,2104,1233,1073741824,1941,1156,-14734,1289,155,2012/06/03
6,2012/06/09,1087,3010,946,1266,3214,2241,1178,1073741824,2698,4891,3019,201,168,2012/06/16
6,2012/06/17,591,2704,314,672,2425,1743,832,1073741824,1687,4579,-13578,141,176,2012/06/24
6,2012/06/25,813,2884,449,887,5806,2091,1110,1075576832,2211,258,4500,74,180,2012/06/28
6,2012/07/03,427,2742,198,550,2540,1622,717,1073741824,1691,4589,-14105,141,192,2012/07/10
6,2012/07/11,976,3072,547,1067,3184,2217,1144,1073741824,2493,2951,2766,73,198,2012/07/16
6,2012/07/19,2166,3974,2018,2388,3873,3144,1990,1073741824,2062,1219,-15424,1033,203,2012/07/21
6,2012/07/27,3265,4705,3075,3430,-28672,2840,1196,1075576835,2172,258,3190,1033,212,2012/07/30
6,2012/08/04,1450,3550,1266,1628,3358,2159,957,1073741824,2575,4036,1267,1033,223,2012/08/10
6,2012/08/12,1332,3106,844,1336,3173,2604,1464,1073741824,2115,264,1545,1033,228,2012/08/15
6,2012/08/20,1167,2722,823,1220,3651,2083,1115,1075576832,1957,1210,-17940,1801,235,2012/08/22
6,2012/08/28,952,3121,554,1046,2915,2328,1147,1073741824,2414,2933,-617,8201,246,2012/09/02
6,2012/09/05,1217,3100,862,1303,3163,2160,1123,1073741824,2316,1657,-1327,1801,253,2012/09/09
6,2012/09/13,1390,3285,1248,1570,3014,2287,1158,1073741824,2903,5543,-1257,1033,257,2012/09/13
6,2012/09/21,645,2151,322,714,2035,1418,755,1073741824,2255,1228,14694,142,267,2012/09/23
6,2012/09/29,762,2583,392,823,2554,1885,1012,1073741824,2818,2970,-3269,72,278,2012/10/04
6,2012/10/07,647,2385,340,736,2345,1764,948,1073741824,2870,1711,-3946,136,285,2012/10/11
6,2012/10/15,774,2250,383,793,2390,1702,978,1073741824,2957,282,-4208,72,292,2012/10/18
6,2012/10/23,583,2105,263,629,2049,1449,799,1073741824,3070,1182,12858,72,299,2012/10/25
6,2012/10/31,654,2060,324,696,2057,1460,773,1073741824,3394,291,-5728,136,308,2012/11/03
6,2012/11/08,818,2065,579,885,2214,1584,868,1073741824,3513,1146,12601,8204,315,2012/11/10
6,2012/11/16,686,2503,303,739,2516,1928,1006,1073741824,3983,2970,-5113,136,326,2012/11/21
6,2012/11/24,751,2701,389,828,2935,2030,1044,1073741824,4239,4027,-5041,200,335,2012/11/30
6,2012/12/02,1000,2298,956,1136,2472,1717,964,1073741824,3954,2523,12192,1546,338,2012/12/03
6,2012/12/10,763,2442,408,805,2577,2013,1125,1073741824,4293,1712,-5168,136,349,2012/12/14
6,2012/12/18,816,2324,408,843,2792,1900,1108,1075576832,4280,285,-4469,72,356,2012/12/21
6,2012/12/26,738,2161,363,741,2463,1830,1073,1073741824,4234,1200,12466,136,363,2012/12/28
7,2012/01/01,894,1804,470,816,1972,1539,902,1073741824,4284,72,13560,136,4,2012/01/04
7,2012/01/09,735,1734,372,659,2010,1596,919,1073741824,4051,3880,12510,72,9,2012/01/09
7,2012/01/17,950,2252,460,895,2735,2482,1544,1073741824,4154,27,15155,138,20,2012/01/20
7,2012/01/25,727,1959,347,772,2142,1651,982,1073741824,3963,1446,13065,200,27,2012/01/27
7,2012/02/02,518,2210,302,674,2077,1485,714,1073741824,3870,38,3112,200,36,2012/02/05
7,2012/02/10,588,2943,285,795,3028,2017,981,1073741824,3752,1420,-3842,202,45,2012/02/14
7,2012/02/18,517,2504,264,638,2581,1720,889,1073741824,3461,68,16637,136,52,2012/02/21
7,2012/02/26,498,3188,215,690,3147,1961,864,1073741824,3312,1385,-2956,136,61,2012/03/01
7,2012/03/05,435,3040,231,625,2815,1836,838,1073741824,2829,2800,14561,72,66,2012/03/06
7,2012/03/13,743,3782,369,953,3481,2509,1319,1073741824,2850,1411,-2376,204,77,2012/03/17
7,2012/03/21,451,2918,225,618,2889,1698,769,1073741824,2333,2763,15487,136,82,2012/03/22
7,2012/03/29,435,2587,215,600,2677,1567,642,1073741824,2215,1436,16410,200,91,2012/03/31
7,2012/04/06,724,2819,394,832,3006,1994,1045,1073741824,2154,61,5459,138,100,2012/04/09
7,2012/04/14,1216,3284,613,1174,3734,2843,1621,1073741824,2153,1439,1,73,109,2012/04/18
7,2012/04/22,1381,3118,779,1272,3614,3203,1979,1073741824,1933,31,15247,137,116,2012/04/25
7,2012/04/30,812,2621,402,771,2951,2092,1110,1073741824,1461,3861,-16723,72,121,2012/04/30
7,2012/05/08,1288,2760,605,1087,3607,3237,2224,1073741824,1901,44,14688,73,132,2012/05/11
7,2012/05/16,886,2312,449,803,2655,2249,1360,1073741824,1500,3851,-15066,137,137,2012/05/16
7,2012/05/24,1371,2759,1215,1447,2816,2228,1178,1073741824,2285,2775,2910,1033,150,2012/05/29
7,2012/06/01,932,1926,1064,1028,1812,1339,796,1073741824,1323,5977,-12908,1033,158,2012/06/06
7,2012/06/09,862,2923,458,942,3124,2127,1079,1073741824,2392,2775,3351,8205,166,2012/06/14
7,2012/06/17,639,2544,316,686,2602,2107,1117,1073741824,1665,4718,-13581,141,176,2012/06/24
7,2012/06/25,1363,2954,1109,1425,3307,2265,1395,1073741824,1922,2754,-14123,1033,178,2012/06/26
7,2012/07/03,1066,2422,983,1174,2132,1590,879,1073741824,1668,4738,-14094,1033,192,2012/07/10
7,2012/07/11,908,2661,550,986,2590,1736,814,1073741824,2469,2738,2671,1033,198,2012/07/16
7,2012/07/19,2731,3801,2454,2810,4007,3161,2174,1073741824,2039,1454,-15144,1033,203,2012/07/21
7,2012/07/27,1465,2847,1319,1612,2569,2063,1111,1073741824,1869,2754,-15454,1801,210,2012/07/28
7,2012/08/04,1185,3141,1046,1391,3167,1997,953,1073741824,2548,3864,1315,1033,223,2012/08/10
7,2012/08/12,1324,2866,1149,1456,2640,2022,1125,1073741824,2090,29,-5977,1033,228,2012/08/15
7,2012/08/20,606,3527,275,859,3018,2054,957,1073741824,2225,1430,49,138,237,2012/08/24
7,2012/08/28,1281,3769,1047,1473,3576,2743,1660,1073741824,2388,2720,-571,1033,246,2012/09/02
7,2012/09/05,1840,3852,1837,2104,3392,2373,1231,1073741824,2000,1481,16642,1033,251,2012/09/07
7,2012/09/13,962,3405,968,1209,3160,1863,839,1073741824,1956,2782,15519,1545,258,2012/09/14
7,2012/09/21,2801,3987,2758,2998,3826,1921,960,1073741824,2505,1421,-2701,1801,269,2012/09/25
7,2012/09/29,977,4046,480,1178,3700,2624,1640,1073741824,2537,18,4990,204,276,2012/10/02
7,2012/10/07,414,3356,209,619,3028,1843,779,1075576832,2853,1476,-3834,136,285,2012/10/11
7,2012/10/15,462,3057,243,631,2856,1702,793,1073741824,2941,49,2037,72,292,2012/10/18
7,2012/10/23,448,3123,235,654,2916,1630,622,1075576832,3057,1427,12682,72,299,2012/10/25
7,2012/10/31,813,3208,414,902,3319,2275,1142,1073741824,3587,2784,-4897,72,310,2012/11/05
7,2012/11/08,758,2486,442,722,2921,1962,1002,1073741824,3467,4707,11779,140,320,2012/11/15
7,2012/11/16,759,2551,426,768,2638,1851,938,1073741824,3970,2766,-5250,72,326,2012/11/21
7,2012/11/24,677,2344,370,720,2738,1739,840,1073741824,4224,3854,-5151,136,335,2012/11/30
7,2012/12/02,582,1843,318,595,2033,1395,716,1073741824,3943,2744,12080,136,338,2012/12/03
7,2012/12/10,795,2220,426,808,2302,1747,946,1073741824,4280,1466,-5417,72,349,2012/12/14
7,2012/12/18,753,2123,396,741,2560,1858,992,1073741824,4267,22,-7918,72,356,2012/12/21
7,2012/12/26,792,2136,428,770,2722,2137,1314,1073741824,4221,1445,12680,72,363,2012/12/28
8,2012/01/01,677,1756,346,725,1663,1226,644,1073741824,4298,544,-4713,136,4,2012/01/04
8,2012/01/09,410,1287,207,448,1239,802,387,1073741824,3924,4402,12562,205,16,2012/01/16
8,2012/01/17,601,1659,295,724,1699,1105,564,1073741824,4323,3221,-4337,136,22,2012/01/22
8,2012/01/25,675,1550,349,774,1515,981,446,1073741824,4125,2021,-4252,200,29,2012/01/29
8,2012/02/02,675,2070,351,765,2065,1499,824,1073741824,4048,3240,-3881,136,38,2012/02/07
8,2012/02/10,764,1905,398,837,1811,1315,733,1073741824,3631,884,13643,200,43,2012/02/12
8,2012/02/18,711,2125,357,778,2213,1678,994,1073741824,3491,552,-3444,136,52,2012/02/21
8,2012/02/26,533,2030,272,616,1996,1529,829,1073741824,3039,3463,14028,200,57,2012/02/26
8,2012/03/05,788,2739,386,889,2856,2001,1066,1073741824,3028,552,-3083,138,68,2012/03/08
8,2012/03/13,494,2921,241,660,2681,1843,883,1073741824,2195,4402,14998,136,80,2012/03/20
8,2012/03/21,593,2633,295,718,2609,1775,882,1073741824,2374,2257,15515,200,82,2012/03/22
8,2012/03/29,528,2834,284,700,2850,1813,811,1073741824,2264,848,16266,200,91,2012/03/31
8,2012/04/06,781,3640,399,957,3778,2533,1278,1073741824,2463,3250,-303,138,102,2012/04/11
8,2012/04/14,981,3539,506,1123,3754,2607,1459,1073741824,2215,2012,237,73,109,2012/04/18
8,2012/04/22,889,2711,446,936,2892,2123,1219,1073741824,1998,588,622,136,116,2012/04/25
8,2012/04/30,842,2617,425,888,2848,1986,1058,1073741824,1818,884,-16748,72,123,2012/05/02
8,2012/05/08,912,2546,456,916,2806,1982,1105,1073741824,1969,588,2089,72,132,2012/05/11
8,2012/05/16,967,2528,486,989,2690,1850,1045,1073741824,2153,2003,2622,74,141,2012/05/20
8,2012/05/24,824,2196,421,849,2280,1686,883,1073741824,1776,2229,-14622,141,146,2012/05/25
8,2012/06/01,823,2245,438,835,2207,1680,923,1073741824,1707,3388,-14082,137,153,2012/06/01
8,2012/06/09,921,2575,686,1072,2187,1756,915,1073741824,2182,644,4026,1034,164,2012/06/12
8,2012/06/17,825,2892,421,939,2605,1962,1003,1073741824,2363,2021,3465,74,173,2012/06/21
8,2012/06/25,1616,3698,1720,1939,3340,2528,1417,1073741824,2920,5704,2963,1033,177,2012/06/25
8,2012/07/03,416,2405,247,585,2180,1380,573,1073741824,1735,4392,-14096,78,192,2012/07/10
8,2012/07/11,626,2893,310,787,2506,1587,710,1073741824,2262,589,3399,8206,196,2012/07/14
8,2012/07/19,1292,3628,1032,1493,3217,2309,1352,1073741824,2107,875,-15444,8204,203,2012/07/21
8,2012/07/27,3333,5182,3223,3574,4948,3231,1743,1073741824,1938,2239,-15542,1801,210,2012/07/28
8,2012/08/04,766,3661,429,960,3442,2092,1028,1073741824,1759,3406,-15947,205,217,2012/08/04
8,2012/08/12,933,3750,622,1106,3573,2533,1250,1073741824,2905,5715,1151,8205,225,2012/08/12
8,2012/08/20,1413,3513,661,1336,3516,3034,1843,1073741824,2287,1994,282,73,237,2012/08/24
8,2012/08/28,1974,3931,1614,2052,3763,3093,1701,1073741824,2447,3212,-547,1033,246,2012/09/02
8,2012/09/05,919,2167,749,1018,2065,1639,847,1073741824,1760,3444,16551,1289,249,2012/09/05
8,2012/09/13,1401,2035,1262,1530,1948,1357,774,1073741824,2569,3212,-1952,1033,262,2012/09/18
8,2012/09/21,779,1320,377,807,1130,722,378,1073741824,2272,885,14756,74,267,2012/09/23
8,2012/09/29,834,1258,386,843,1246,747,316,1073741824,2834,3250,-3194,72,278,2012/10/04
8,2012/10/07,439,1372,227,383,1304,912,422,1073741824,2345,5766,12225,201,286,2012/10/12
8,2012/10/15,484,1313,240,591,1284,751,351,1073741824,2962,633,-4417,136,292,2012/10/18
8,2012/10/23,471,1615,249,598,1452,910,359,1073741824,3287,2030,-4625,72,301,2012/10/27
8,2012/10/31,642,1772,310,697,1729,1142,666,1073741824,3198,2211,12532,136,306,2012/11/01
8,2012/11/08,559,1390,254,655,1395,882,443,1073741824,3509,812,12144,136,315,2012/11/10
8,2012/11/16,514,1629,238,629,1568,1014,460,1073741824,3984,3249,-5080,138,326,2012/11/21
8,2012/11/24,542,1489,253,647,1378,833,391,1073741824,3880,847,12484,140,331,2012/11/26
8,2012/12/02,578,1627,299,694,1617,1010,481,1073741824,4278,3250,-5114,202,342,2012/12/07
8,2012/12/10,606,1820,307,702,1739,1076,464,1073741824,4292,2031,-5169,136,349,2012/12/14
8,2012/12/18,608,1796,326,681,1877,1128,511,1073741824,4278,634,-5003,136,356,2012/12/21
8,2012/12/26,672,1843,347,722,1899,1272,688,1073741824,4232,856,12525,136,363,2012/12/28
9,2012/01/01,1001,2226,533,906,2773,2242,1565,1073741824,4427,2840,-4809,136,6,2012/01/06
9,2012/01/09,768,1719,402,663,2020,1773,1210,1073741824,4040,3765,12512,136,9,2012/01/09
9,2012/01/17,990,2433,538,945,3000,2586,1579,1073741824,4459,4821,-4103,200,24,2012/01/24
9,2012/01/25,685,1730,404,663,2062,1708,1130,1073741824,3833,3737,12907,200,25,2012/01/25
9,2012/02/02,843,2623,481,893,2916,2555,1452,1073741824,4428,5532,-3757,201,33,2012/02/02
9,2012/02/10,822,2202,373,835,2480,2116,1367,1073741824,3750,1575,-3736,200,45,2012/02/14
9,2012/02/18,783,2027,400,784,2207,1870,1218,1073741824,3459,101,-4191,136,52,2012/02/21
9,2012/02/26,657,2137,349,701,2309,1767,1104,1073741824,3009,3775,14005,202,57,2012/02/26
9,2012/03/05,935,2492,599,987,2760,2368,1531,1073741824,2828,2661,14575,8206,66,2012/03/06
9,2012/03/13,520,2396,289,578,2583,1823,1048,1073741824,2159,4658,14956,200,80,2012/03/20
9,2012/03/21,791,2194,403,785,2567,1964,1343,1073741824,2336,2633,15536,136,82,2012/03/22
9,2012/03/29,791,2120,405,810,2441,2120,1379,1073741824,2223,1281,16406,200,91,2012/03/31
9,2012/04/06,859,2450,437,845,2740,2290,1393,1073741824,2167,192,-1240,138,100,2012/04/09
9,2012/04/14,4337,5239,3644,4200,5800,4923,3607,1073741824,2170,1593,140,1033,109,2012/04/18
9,2012/04/22,919,2423,480,886,2665,2218,1456,1073741824,1953,141,2276,136,116,2012/04/25
9,2012/04/30,1052,2381,538,963,2974,2482,1684,1073741824,1773,1318,-16535,73,123,2012/05/02
9,2012/05/08,1104,2490,585,1009,2993,2515,1760,1073741824,1925,147,4367,73,132,2012/05/11
9,2012/05/16,1208,2627,852,1168,2988,2568,1646,1073741824,1818,1309,-15275,8205,139,2012/05/18
9,2012/05/24,1415,2717,1103,1439,2918,2357,1459,1073741824,2022,173,3472,1033,148,2012/05/27
9,2012/06/01,1220,2820,958,1294,2963,2373,1431,1073741824,1946,1245,-14437,8205,155,2012/06/03
9,2012/06/09,877,2788,448,917,2919,2144,1261,1073741824,2420,2914,3244,77,166,2012/06/14
9,2012/06/17,706,2650,387,741,2564,1989,1173,1073741824,1694,4638,-13569,77,176,2012/06/24
9,2012/06/25,2113,3850,1902,2245,4081,3052,1982,1073741824,2488,2886,3237,1033,182,2012/06/30
9,2012/07/03,692,2474,522,768,2252,1802,1005,1073741824,1697,4648,-13993,8205,192,2012/07/10
9,2012/07/11,1153,3013,780,1191,3149,2274,1390,1073741824,2221,146,3439,1289,196,2012/07/14
9,2012/07/19,862,2797,449,895,2814,2181,1338,1073741824,2065,1309,-15143,74,203,2012/07/21
9,2012/07/27,1784,3246,1612,1931,2919,2398,1519,1073741824,1894,2624,-15450,1545,210,2012/07/28
9,2012/08/04,1341,2897,1444,1505,2696,2141,1300,1073741824,1533,4628,-16547,1033,224,2012/08/11
9,2012/08/12,1543,3567,1314,1679,3714,2696,1677,1073741824,2860,5532,1193,1033,225,2012/08/12
9,2012/08/20,1155,3122,597,1115,3110,2767,1797,1073741824,2242,1584,185,73,237,2012/08/24
9,2012/08/28,1326,3051,1231,1509,3007,2348,1511,1073741824,2833,5511,24,1033,241,2012/08/28
9,2012/09/05,822,2061,744,916,1824,1422,811,1073741824,1685,4658,15359,1545,256,2012/09/12
9,2012/09/13,2336,3386,2372,2512,-28672,2110,1142,1075576835,1961,2652,15558,1801,258,2012/09/14
9,2012/09/21,620,1769,313,647,1755,1307,820,1073741824,2236,1318,14946,141,267,2012/09/23
9,2012/09/29,802,2463,434,845,2534,2000,1257,1073741824,2798,2895,-3316,74,278,2012/10/04
9,2012/10/07,1240,2526,1185,1432,2829,2096,1425,1073741824,2850,1629,-4053,1032,285,2012/10/11
9,2012/10/15,842,2309,423,829,2395,1914,1303,1073741824,2934,184,-5412,72,292,2012/10/18
9,2012/10/23,762,2261,383,775,2216,1804,1145,1073741824,3261,1620,-4791,72,301,2012/10/27
9,2012/10/31,803,2450,427,852,2524,1947,1254,1073741824,3579,2914,-4821,136,310,2012/11/05
9,2012/11/08,753,2165,393,761,2363,1786,1176,1073741824,3489,1246,12345,136,315,2012/11/10
9,2012/11/16,777,2479,390,847,2518,1953,1191,1073741824,3960,2895,-5176,142,326,2012/11/21
9,2012/11/24,569,1799,862,735,1802,1111,553,1073741824,3679,5943,11433,8206,334,2012/11/29
9,2012/12/02,679,2105,357,709,2156,1688,1060,1073741824,3929,2615,12090,200,338,2012/12/03
9,2012/12/10,711,2469,367,786,2667,1757,988,1073741824,4442,3979,-4998,136,351,2012/12/16
9,2012/12/18,826,2089,426,782,2426,1863,1344,1073741824,4256,182,-5098,72,356,2012/12/21
9,2012/12/26,822,2021,425,765,2391,1920,1267,1073741824,4210,1291,12642,136,363,2012/12/28
10,2012/01/01,824,2514,400,823,3025,2317,1517,1073741824,4416,2636,-4853,136,6,2012/01/06
10,2012/01/09,556,2098,277,548,2461,1859,1153,1073741824,4034,3927,12484,72,9,2012/01/09
10,2012/01/17,676,1905,366,685,2182,1695,1133,1073741824,4136,107,12754,138,20,2012/01/20
10,2012/01/25,627,1765,364,676,1950,1563,1005,1073741824,3946,1517,13358,1032,27,2012/01/27
10,2012/02/02,2450,3564,2195,2516,6559,3431,2546,1075576832,4003,2692,-3845,1032,38,2012/02/07
10,2012/02/10,562,2101,317,571,2241,1842,1084,1073741824,3184,4788,13426,200,48,2012/02/17
10,2012/02/18,806,2254,449,796,2538,2210,1507,1073741824,3445,134,14682,136,52,2012/02/21
10,2012/02/26,905,2530,471,902,2982,2454,1722,1073741824,3297,1312,-3286,136,61,2012/03/01
10,2012/03/05,739,2273,380,744,2541,2140,1313,1073741824,2813,2865,14539,138,66,2012/03/06
10,2012/03/13,1511,3241,1379,1565,3670,3236,2178,1073741824,3042,3778,-1851,1034,79,2012/03/19
10,2012/03/21,733,2249,370,717,2680,2120,1437,1073741824,2318,2837,15495,136,82,2012/03/22
10,2012/03/29,898,2601,477,893,2901,2542,1704,1073741824,2431,1402,-1242,200,93,2012/04/02
10,2012/04/06,807,2516,373,798,3005,2293,1451,1073741824,2145,48,-16493,137,100,2012/04/09
10,2012/04/14,1749,3489,1161,1713,4066,3287,2246,1073741824,2146,1375,78,8201,109,2012/04/18
10,2012/04/22,1259,2708,1021,1300,3187,2528,1658,1073741824,1927,113,16930,1033,116,2012/04/25
10,2012/04/30,734,2282,349,701,2544,1973,1171,1073741824,1458,3909,-16668,137,121,2012/04/30
10,2012/05/08,958,2683,508,936,2946,2490,1687,1073741824,1900,116,17927,73,132,2012/05/11
10,2012/05/16,896,2587,496,877,2941,2220,1482,1073741824,1502,3899,-14916,201,137,2012/05/16
10,2012/05/24,1461,3261,1193,1555,3089,2700,1726,1073741824,1997,63,-15630,1545,148,2012/05/27
10,2012/06/01,3075,4268,2872,3217,4093,3584,2260,1073741824,2203,1430,3397,1033,157,2012/06/05
10,2012/06/09,831,3311,448,932,3479,2404,1351,1073741824,2396,2720,3413,73,166,2012/06/14
10,2012/06/17,960,2793,875,1065,2740,2021,1233,1073741824,1671,4768,-13533,8205,176,2012/06/24
10,2012/06/25,1086,3238,623,1116,4041,2082,1187,1075576832,1926,2819,-14111,205,178,2012/06/26
10,2012/07/03,1927,3946,1730,2087,3818,3043,1897,1073741824,2337,1357,3322,1033,189,2012/07/07
10,2012/07/11,946,3146,512,995,3418,2344,1453,1073741824,2471,2682,2731,137,198,2012/07/16
10,2012/07/19,2407,3815,2217,2556,3488,2435,1359,1073741824,2314,1366,2556,1801,205,2012/07/23
10,2012/07/27,1901,3605,1778,2020,3331,2773,1646,1073741824,1869,2819,-15439,1033,210,2012/07/28
10,2012/08/04,2817,4248,2762,3004,4367,3005,1829,1073741824,1972,1500,-16293,1801,219,2012/08/06
10,2012/08/12,1202,3137,908,1288,3324,2426,1590,1073741824,2085,73,-15559,1033,228,2012/08/15
10,2012/08/20,1076,2925,754,1150,3147,2257,1368,1073741824,1924,1527,-17718,1545,235,2012/08/22
10,2012/08/28,1769,3491,1473,1947,3296,2765,1571,1073741824,2380,2664,-513,1289,246,2012/09/02
10,2012/09/05,3121,4138,2775,3186,4011,3659,2421,1073741824,2573,3778,-1309,1033,255,2012/09/11
10,2012/09/13,1305,2863,1200,1418,3469,2047,1159,1075576832,1943,2847,15514,1033,258,2012/09/14
10,2012/09/21,1402,2526,1306,1522,2605,1745,959,1073741824,2220,1545,14904,1801,267,2012/09/23
10,2012/09/29,968,2894,634,1033,3395,2473,1687,1073741824,2783,2701,-3375,8205,278,2012/10/04
10,2012/10/07,736,2502,396,792,2877,2167,1483,1073741824,2836,1394,-3772,136,285,2012/10/11
10,2012/10/15,703,2418,393,748,2692,2142,1486,1073741824,2924,60,16129,72,292,2012/10/18
10,2012/10/23,899,2581,477,905,3093,2322,1661,1073741824,3252,1402,-4833,136,301,2012/10/27
10,2012/10/31,798,2660,395,829,3119,2357,1554,1073741824,3569,2720,-4868,136,310,2012/11/05
10,2012/11/08,1066,2859,637,1126,2995,2292,1401,1073741824,3872,3826,-4978,142,319,2012/11/14
10,2012/11/16,555,2530,548,623,2795,2019,1106,1073741824,3573,5465,11520,8205,327,2012/11/22
10,2012/11/24,925,2339,675,965,1759,2096,1340,1075576832,3855,1509,12107,1289,331,2012/11/26
10,2012/12/02,543,2206,300,594,2470,1861,1058,1073741824,3925,2809,12064,136,338,2012/12/03
10,2012/12/10,855,2412,468,874,2749,2277,1520,1073741824,4262,1393,-5341,72,349,2012/12/14
10,2012/12/18,716,2160,398,737,2510,1964,1318,1073741824,4249,53,12638,72,356,2012/12/21
10,2012/12/26,724,2658,337,733,3219,2373,1432,1073741824,4347,1375,-5037,136,365,2012/12/30
11,2012/01/01,879,2854,418,831,3410,2897,1596,1073741824,4399,2471,-4778,136,6,2012/01/06
11,2012/01/09,704,2432,353,641,2909,2427,1365,1073741824,4017,4062,12427,72,9,2012/01/09
11,2012/01/17,1064,3272,517,1002,3989,3483,1949,1073741824,4428,4582,-4108,136,24,2012/01/24
11,2012/01/25,691,2334,359,678,2803,2266,1225,1073741824,3928,1709,13214,200,27,2012/01/27
11,2012/02/02,976,3009,477,944,3583,3215,1818,1073741824,3984,2526,-3975,136,38,2012/02/07
11,2012/02/10,549,2051,241,494,1429,2198,1217,1075576832,3166,4898,13372,200,48,2012/02/17
11,2012/02/18,730,2400,382,732,2877,2324,1393,1073741824,3426,342,13829,136,52,2012/02/21
11,2012/02/26,957,2744,530,922,3551,2825,1734,1073741824,3276,1112,-3128,138,61,2012/03/01
11,2012/03/05,757,2295,380,698,2787,2313,1415,1073741824,2794,3023,14617,138,66,2012/03/06
11,2012/03/13,774,2348,406,703,2992,2321,1415,1073741824,2460,4062,14744,205,73,2012/03/13
11,2012/03/21,787,2649,405,797,3042,2471,1416,1073741824,2298,2995,15414,136,82,2012/03/22
11,2012/03/29,897,3030,472,888,3548,2892,1723,1073741824,2409,1203,-1073,200,93,2012/04/02
11,2012/04/06,958,3144,498,961,3654,3032,1726,1073741824,2124,252,16867,137,100,2012/04/09
11,2012/04/14,1540,3989,1115,1560,4540,3726,2100,1073741824,2126,1176,258,1033,109,2012/04/18
11,2012/04/22,1611,3486,1460,1704,3889,2249,1148,1073741824,2192,2498,955,1801,118,2012/04/27
11,2012/04/30,724,2673,373,717,2852,2212,1246,1073741824,1439,4043,-16575,141,121,2012/04/30
11,2012/05/08,1003,3196,527,1017,3437,2785,1697,1073741824,1884,305,-15576,73,132,2012/05/11
11,2012/05/16,1171,3684,900,1296,4078,2835,1655,1073741824,2070,1175,2687,1033,141,2012/05/20
11,2012/05/24,1289,3410,1178,1456,3825,2590,1467,1073741824,2272,2544,3093,1289,150,2012/05/29
11,2012/06/01,3206,4232,3331,3349,4046,3541,2318,1073741824,1631,4004,-13949,1033,153,2012/06/01
11,2012/06/09,1032,2954,538,1006,2853,1873,962,1073741824,1834,2939,-13937,141,162,2012/06/10
11,2012/06/17,2522,4103,2326,2648,4385,3477,2531,1073741824,2561,3664,3232,1033,175,2012/06/23
11,2012/06/25,3158,4563,3008,3284,4264,3338,1706,1073741824,2178,290,-15104,1033,180,2012/06/28
11,2012/07/03,349,2730,79,425,2543,1675,799,1073741824,1659,4888,-13956,8206,192,2012/07/10
11,2012/07/11,1202,3156,911,1333,3317,2613,1652,1073741824,2455,2507,2845,1033,198,2012/07/16
11,2012/07/19,2151,3612,1820,2166,3610,3088,2205,1073741824,2025,1727,-15206,1034,203,2012/07/21
11,2012/07/27,2595,4158,2404,2721,4314,2916,1697,1073741824,2411,2525,1946,1033,214,2012/08/01
11,2012/08/04,804,3703,595,999,3481,2382,1176,1073741824,2983,5935,1557,8201,218,2012/08/05
11,2012/08/12,1774,3688,1554,1939,3704,2702,1655,1073741824,2066,270,-17545,1033,228,2012/08/15
11,2012/08/20,688,3712,374,871,3584,2339,1218,1073741824,2198,1158,306,73,237,2012/08/24
11,2012/08/28,3414,4963,3104,3520,5167,4112,2564,1073741824,2360,2498,-609,1033,246,2012/09/02
11,2012/09/05,391,2864,141,503,2434,1668,786,1073741824,1648,4888,15332,8205,256,2012/09/12
11,2012/09/13,707,2906,603,868,2620,1825,929,1073741824,1923,3004,15599,8205,258,2012/09/14
11,2012/09/21,673,2539,535,797,2528,1710,940,1073741824,2200,1736,14772,8205,267,2012/09/23
11,2012/09/29,767,3487,513,924,3400,2283,1085,1073741824,2763,2535,-3305,1033,278,2012/10/04
11,2012/10/07,691,3114,354,836,3132,2205,1132,1073741824,3069,3683,-3765,206,287,2012/10/13
11,2012/10/15,740,2743,368,769,2865,2041,1147,1073741824,2906,260,13187,72,292,2012/10/18
11,2012/10/23,788,2968,451,850,3278,2197,1287,1073741824,3232,1194,-4727,72,301,2012/10/27
11,2012/10/31,607,3131,296,751,3127,2184,1155,1073741824,3552,2554,-4798,136,310,2012/11/05
11,2012/11/08,595,2634,300,683,2785,1954,1120,1073741824,3467,1663,12510,138,315,2012/11/10
11,2012/11/16,1444,2581,1336,1593,2700,1653,819,1073741824,3936,2535,-5157,1033,326,2012/11/21
11,2012/11/24,453,2821,227,589,2657,1738,815,1073741824,3840,1699,12293,72,331,2012/11/26
11,2012/12/02,492,3022,260,614,2873,1923,903,1073741824,3910,2967,12140,136,338,2012/12/03
11,2012/12/10,656,2969,329,744,3113,2216,1216,1073741824,4245,1194,-5182,136,349,2012/12/14
11,2012/12/18,543,2692,262,610,4389,1978,1065,1075576832,4233,264,11614,72,356,2012/12/21
11,2012/12/26,613,3076,311,718,3138,2201,1146,1073741824,4330,1177,-4860,72,365,2012/12/30
12,2012/01/01,209,1341,87,181,2316,1184,626,1075576832,3928,5235,12171,202,7,2012/01/07
12,2012/01/09,727,1623,393,702,1834,1398,900,1073741824,4036,3519,12609,72,9,2012/01/09
12,2012/01/17,763,2589,388,917,2660,2167,1226,1073741824,4470,5012,-4056,200,24,2012/01/24
12,2012/01/25,704,2225,337,766,2446,1782,1025,1073741824,4103,1949,-4128,200,29,2012/01/29
12,2012/02/02,598,2493,299,735,2447,1841,977,1073741824,4027,3175,-3796,136,38,2012/02/07
12,2012/02/10,627,2628,315,759,2535,1908,1001,1073741824,3760,1902,-3745,200,45,2012/02/14
12,2012/02/18,602,2508,316,701,2441,1785,1057,1073741824,3470,465,-2944,136,52,2012/02/21
12,2012/02/26,745,2440,377,806,2483,1882,1185,1073741824,3163,1010,14330,136,59,2012/02/28
12,2012/03/05,1800,3261,1667,1908,3365,2610,1906,1073741824,2841,2366,14719,1034,66,2012/03/06
12,2012/03/13,683,2913,360,794,2862,2121,1178,1073741824,2877,1902,-2238,136,77,2012/03/17
12,2012/03/21,782,2603,412,830,2562,1958,1234,1073741824,2357,2330,15672,200,82,2012/03/22
12,2012/03/29,696,2400,353,765,2516,1786,1005,1073741824,2251,920,16611,200,91,2012/03/31
12,2012/04/06,785,2703,396,850,2706,2072,1215,1073741824,2199,554,-59,138,100,2012/04/09
12,2012/04/14,1033,2898,520,1040,3239,2333,1324,1073741824,2482,4191,511,137,111,2012/04/20
12,2012/04/22,943,2283,478,934,2602,2016,1324,1073741824,1992,498,1071,138,116,2012/04/25
12,2012/04/30,1142,2395,581,1086,2689,2147,1477,1073741824,1816,965,-16386,74,123,2012/05/02
12,2012/05/08,993,2683,533,1004,2814,2269,1436,1073741824,1970,499,2660,72,132,2012/05/11
12,2012/05/16,1066,2409,742,1133,2391,1816,1049,1073741824,2156,1930,2793,1545,141,2012/05/20
12,2012/05/24,892,2456,480,922,2624,1911,1143,1073741824,1781,2312,-14638,137,146,2012/05/25
12,2012/06/01,1681,3134,1462,1814,3242,2676,1920,1073741824,2274,1994,3344,1033,157,2012/06/05
12,2012/06/09,752,3087,393,911,3011,1989,1041,1073741824,2466,3194,3380,138,166,2012/06/14
12,2012/06/17,426,2517,161,544,2163,1555,846,1073741824,1741,4431,-13547,1034,176,2012/06/24
12,2012/06/25,800,2820,602,954,2772,1874,1031,1073741824,2262,516,3355,8205,180,2012/06/28
12,2012/07/03,487,2598,269,620,2294,1519,666,1073741824,1743,4441,-13973,74,192,2012/07/10
12,2012/07/11,629,3175,315,812,2862,1806,893,1073741824,2541,3165,2746,74,198,2012/07/16
12,2012/07/19,672,2234,362,753,2150,1452,834,1073741824,2111,956,-15029,72,203,2012/07/21
12,2012/07/27,3345,4861,3142,3494,4869,3303,1950,1073741824,1939,2321,-15354,1545,210,2012/07/28
12,2012/08/04,1143,3071,1107,1315,2877,1941,1095,1073741824,1576,4421,-16459,1545,224,2012/08/11
12,2012/08/12,1027,3634,821,1232,3310,2270,1109,1073741824,2902,5683,1229,1545,225,2012/08/12
12,2012/08/20,916,2853,525,1003,2907,1909,1047,1073741824,1986,956,-17477,73,235,2012/08/22
12,2012/08/28,1149,3289,624,1183,3177,2613,1564,1073741824,2436,3147,-428,73,246,2012/09/02
12,2012/09/05,1173,2830,1214,1303,2572,1773,872,1073741824,1432,5832,15087,8205,254,2012/09/10
12,2012/09/13,1860,2965,1814,2015,2724,2026,1130,1073741824,1983,2339,15729,1033,258,2012/09/14
12,2012/09/21,637,1526,379,675,1455,1075,666,1073741824,2253,965,15144,8205,267,2012/09/23
12,2012/09/29,585,1761,300,668,1730,1175,679,1073741824,2814,3184,-3112,74,278,2012/10/04
12,2012/10/07,362,1832,63,288,1754,1185,611,1073741824,2320,5810,12260,200,286,2012/10/12
12,2012/10/15,626,2091,331,716,4719,1389,846,1075576832,2939,545,-4005,72,292,2012/10/18
12,2012/10/23,937,2292,527,1058,2183,1558,962,1073741824,3047,929,12768,136,299,2012/10/25
12,2012/10/31,653,2071,345,714,2142,1469,858,1073741824,3175,2284,12424,136,306,2012/11/01
12,2012/11/08,538,1737,284,659,1731,1095,602,1073741824,3485,892,12538,136,315,2012/11/10
12,2012/11/16,399,1771,158,449,1642,1200,657,1073741824,3563,5193,11649,201,327,2012/11/22
12,2012/11/24,637,1706,670,811,1797,1214,638,1073741824,3855,937,12258,1034,331,2012/11/26
12,2012/12/02,675,2567,355,815,2408,1822,1014,1073741824,4254,3184,-5189,136,342,2012/12/07
12,2012/12/10,701,2723,378,828,2679,1892,1005,1073741824,4443,4210,-4977,136,351,2012/12/16
12,2012/12/18,801,3074,422,942,3108,2304,1229,1073741824,4591,5023,-4732,200,360,2012/12/25
12,2012/12/26,632,2139,310,695,2443,1574,921,1073741824,4207,948,12324,136,363,2012/12/28
13,2012/01/01,989,2040,492,937,2426,1904,1244,1073741824,4587,4830,-4527,136,8,2012/01/08
13,2012/01/09,747,1654,395,701,3252,1488,937,1075576832,4032,3728,12481,136,9,2012/01/09
13,2012/01/17,844,2657,434,951,2696,2212,1274,1073741824,4456,4861,-4134,200,24,2012/01/24
13,2012/01/25,595,2535,287,722,2584,1799,1004,1073741824,3949,1227,13250,200,27,2012/01/27
13,2012/02/02,677,2925,383,841,3113,2115,1151,1073741824,4012,2942,-3900,200,38,2012/02/07
13,2012/02/10,586,2972,206,734,2903,2030,1107,1075576832,3597,1255,13645,200,43,2012/02/12
13,2012/02/18,704,2685,359,769,2650,1933,1101,1073741824,3456,175,-2767,136,52,2012/02/21
13,2012/02/26,507,3186,230,647,3157,1871,900,1073741824,3147,1291,14490,136,59,2012/02/28
13,2012/03/05,758,3156,340,959,3387,2208,1126,1073741824,3691,5532,-2419,200,65,2012/03/05
13,2012/03/13,575,2974,268,715,2939,1716,813,1073741824,2158,4618,15060,200,80,2012/03/20
13,2012/03/21,849,2318,458,898,2383,1816,1121,1075576832,2336,2578,15487,200,82,2012/03/22
13,2012/03/29,806,2284,410,821,2679,2064,1230,1073741824,2226,1218,16273,200,91,2012/03/31
13,2012/04/06,1127,2703,572,1089,2984,2600,1720,1073741824,2426,2960,-283,138,102,2012/04/11
13,2012/04/14,1151,2271,748,1132,2370,1852,1156,1073741824,1910,1227,17874,1033,107,2012/04/16
13,2012/04/22,884,1948,427,873,2133,1639,1011,1073741824,1962,209,338,136,116,2012/04/25
13,2012/04/30,695,2088,330,705,2223,1745,1000,1073741824,1348,4618,-15599,201,128,2012/05/07
13,2012/05/08,765,2854,383,868,2825,2143,1217,1073741824,1937,209,2236,72,132,2012/05/11
13,2012/05/16,894,3138,615,1048,3222,2176,1165,1073741824,2123,1656,2681,141,141,2012/05/20
13,2012/05/24,1570,3198,1224,1646,3469,2635,1723,1073741824,1749,2551,-14555,1033,146,2012/05/25
13,2012/06/01,1208,3261,1005,1356,3221,2370,1335,1073741824,2526,4046,3135,8205,159,2012/06/07
13,2012/06/09,1077,3102,564,1123,2848,1986,1118,1073741824,2434,2970,3337,74,166,2012/06/14
13,2012/06/17,588,3110,308,730,2617,1725,868,1073741824,1710,4599,-13577,142,176,2012/06/24
13,2012/06/25,1492,3232,1329,1645,3009,2110,1165,1073741824,1965,2560,-14000,1033,178,2012/06/26
13,2012/07/03,1494,3334,1207,1636,3346,2110,1210,1073741824,2376,1657,3149,1801,189,2012/07/07
13,2012/07/11,1120,3160,567,1102,3265,2543,1408,1073741824,2508,2933,2838,74,198,2012/07/16
13,2012/07/19,1336,3059,869,1330,3331,2571,1538,1073741824,2078,1246,-15288,8206,203,2012/07/21
13,2012/07/27,1607,3066,1355,1698,3009,2372,1461,1073741824,1907,2569,-15483,1033,210,2012/07/28
13,2012/08/04,1836,3114,1913,1998,3209,2247,1445,1073741824,1727,3680,-15769,1033,217,2012/08/04
13,2012/08/12,1460,3255,1165,1545,3376,2799,1598,1073741824,2871,5564,1183,1033,225,2012/08/12
13,2012/08/20,1111,3180,595,1115,3608,3012,1890,1073741824,2251,1657,347,73,237,2012/08/24
13,2012/08/28,1656,3201,1266,1718,3429,2710,1871,1073741824,2408,2914,-535,1033,246,2012/09/02
13,2012/09/05,1821,3259,1551,1909,3279,2526,1514,1073741824,2598,3979,-1192,1033,255,2012/09/11
13,2012/09/13,1488,2271,1332,1616,2138,1499,840,1073741824,2531,2923,-1958,1801,262,2012/09/18
13,2012/09/21,3065,3658,2970,3215,3528,2076,1117,1073741824,2234,1255,14816,1801,267,2012/09/23
13,2012/09/29,709,1727,351,713,1783,1252,777,1073741824,2796,2951,-3229,74,278,2012/10/04
13,2012/10/07,757,1112,809,886,1249,643,384,1073741824,2846,1693,-3896,8204,285,2012/10/11
13,2012/10/15,652,1718,361,714,1767,1269,704,1073741824,2929,254,-4334,72,292,2012/10/18
13,2012/10/23,912,1828,446,866,1730,1262,700,1073741824,3255,1684,-4642,72,301,2012/10/27
13,2012/10/31,809,2063,405,821,2162,1563,883,1073741824,3170,2532,12470,138,306,2012/11/01
13,2012/11/08,744,2221,368,781,2436,1777,969,1073741824,3481,1182,12621,136,315,2012/11/10
13,2012/11/16,605,2694,300,766,2728,1916,922,1073741824,3953,2951,-5103,138,326,2012/11/21
13,2012/11/24,757,2023,1043,925,1998,1191,552,1073741824,3668,5921,11425,142,334,2012/11/29
13,2012/12/02,312,2121,173,414,2140,1541,758,1073741824,3846,5328,11682,204,343,2012/12/08
13,2012/12/10,506,3966,245,756,2625,2466,1108,1075576832,4434,4018,-4941,136,351,2012/12/16
13,2012/12/18,508,2836,260,643,4368,1898,947,1075576832,4249,258,-4357,72,356,2012/12/21
13,2012/12/26,633,2843,335,719,2964,1881,1082,1073741824,4202,1227,12533,136,363,2012/12/28
14,2012/01/01,601,1752,281,650,1952,1425,653,1073741824,4230,189,12328,136,4,2012/01/04
14,2012/01/09,443,1726,221,505,1871,1408,681,1073741824,3995,3957,12493,136,9,2012/01/09
14,2012/01/17,513,4010,255,818,4004,2647,1185,1073741824,4416,4681,-4088,200,24,2012/01/24
14,2012/01/25,281,2904,148,468,2674,1861,826,1073741824,3788,3928,12893,200,25,2012/01/25
14,2012/02/02,2079,4272,1647,2195,4485,3178,1948,1073741824,3820,111,15188,8204,36,2012/02/05
14,2012/02/10,269,3390,159,445,3245,2054,840,1073741824,3148,4818,13467,200,48,2012/02/17
14,2012/02/18,441,2921,223,597,2857,1663,763,1073741824,3415,179,14350,136,52,2012/02/21
14,2012/02/26,543,3471,270,740,3527,2114,975,1073741824,3270,1275,-3192,136,61,2012/03/01
14,2012/03/05,1717,3957,1607,1847,3842,2697,1649,1073741824,2785,2893,14584,1034,66,2012/03/06
14,2012/03/13,654,3458,314,849,3389,2304,1123,1073741824,2816,1303,-2163,200,77,2012/03/17
14,2012/03/21,678,2923,322,785,3033,1930,932,1073741824,2296,2865,15565,200,82,2012/03/22
14,2012/03/29,1043,2972,532,1034,3471,2996,1757,1073741824,2418,1366,-1110,200,93,2012/04/02
14,2012/04/06,1064,3061,549,1063,3394,2386,1306,1073741824,2135,89,17976,138,100,2012/04/09
14,2012/04/14,1081,2812,573,1008,3065,2652,1639,1073741824,2144,1339,228,8205,109,2012/04/18
14,2012/04/22,888,2199,458,850,2446,1981,1202,1073741824,1930,150,17173,138,116,2012/04/25
14,2012/04/30,1333,2264,752,1225,2394,1947,1259,1073741824,1755,1590,-16430,137,123,2012/05/02
14,2012/05/08,814,2399,435,808,2628,2075,1183,1073741824,1913,146,-14580,73,132,2012/05/11
14,2012/05/16,2581,3364,2465,2665,3360,2898,1902,1073741824,1811,1573,-15153,1033,139,2012/05/18
14,2012/05/24,1761,2839,1669,1902,2950,1849,1051,1073741824,2017,108,-15645,1033,148,2012/05/27
14,2012/06/01,713,2472,347,784,2401,1810,960,1073741824,2225,1393,3532,138,157,2012/06/05
14,2012/06/09,749,2627,392,799,2894,2125,1030,1073741824,2417,2692,3342,78,166,2012/06/14
14,2012/06/17,939,2898,987,1150,2547,1875,1012,1073741824,1700,4788,-13339,8205,176,2012/06/24
14,2012/06/25,1385,4217,1306,1658,4014,2585,1248,1073741824,2484,2654,3338,1033,182,2012/06/30
14,2012/07/03,353,3224,203,584,2650,1575,574,1073741824,1698,4798,-13863,142,192,2012/07/10
14,2012/07/11,505,3943,263,791,3603,1965,800,1073741824,2488,2655,2840,8204,198,2012/07/16
14,2012/07/19,601,3583,433,851,3090,1874,804,1073741824,2058,1572,-15052,8204,203,2012/07/21
14,2012/07/27,2657,4246,2684,2871,3782,3094,1810,1073741824,1885,2855,-15338,1801,210,2012/07/28
14,2012/08/04,2398,4274,2276,2565,4058,3191,1987,1073741824,2553,3797,1478,1033,223,2012/08/10
14,2012/08/12,1594,3411,1418,1775,3082,1980,954,1073741824,2089,107,-16864,1033,228,2012/08/15
14,2012/08/20,1298,3473,886,1404,3288,2217,1234,1073741824,1922,1572,-17622,8205,235,2012/08/22
14,2012/08/28,1569,3764,1516,1781,3531,2613,1517,1073741824,2807,5395,165,1033,241,2012/08/28
14,2012/09/05,2253,3451,2066,2416,3373,2126,1139,1073741824,2266,1303,-1364,1033,253,2012/09/09
14,2012/09/13,877,2805,473,945,2681,1665,745,1073741824,2492,2645,-1998,206,262,2012/09/18
14,2012/09/21,791,1730,406,808,1531,1004,513,1073741824,2194,1581,14960,74,267,2012/09/23
14,2012/09/29,693,1739,347,721,1726,1125,533,1073741824,2756,2673,-3286,74,278,2012/10/04
14,2012/10/07,612,2103,271,676,2007,1314,638,1073741824,2806,1366,-4015,8204,285,2012/10/11
14,2012/10/15,772,1949,396,759,1686,1010,450,1073741824,2890,99,14520,72,292,2012/10/18
14,2012/10/23,761,2135,382,779,2217,1565,806,1073741824,3216,1357,-4754,72,301,2012/10/27
14,2012/10/31,661,2027,337,732,1975,1361,641,1073741824,3325,93,11148,136,308,2012/11/03
14,2012/11/08,382,2517,179,516,2383,1695,815,1073741824,3407,4778,11773,200,320,2012/11/15
14,2012/11/16,610,2518,314,801,2508,1775,883,1073741824,4117,4691,-4871,206,328,2012/11/23
14,2012/11/24,714,2896,412,886,2592,1831,1002,1073741824,3816,1555,12102,8204,331,2012/11/26
14,2012/12/02,483,3163,250,682,2717,1807,751,1075576832,4038,124,10367,136,340,2012/12/05
14,2012/12/10,554,3091,333,745,2955,1852,853,1073741824,4069,1545,12202,200,347,2012/12/12
14,2012/12/18,452,2704,224,595,2845,1680,761,1073741824,4212,91,11520,72,356,2012/12/21
14,2012/12/26,520,2821,264,671,2774,1716,807,1073741824,4166,1554,12600,136,363,2012/12/28
15,2012/01/01,733,3094,364,833,3154,2116,1121,1073741824,4367,2306,-4745,72,6,2012/01/06
15,2012/01/09,599,2503,295,624,2566,1875,957,1073741824,3985,4188,12506,136,9,2012/01/09
15,2012/01/17,776,3306,396,951,3184,2323,1202,1073741824,4397,4473,-4175,136,24,2012/01/24
15,2012/01/25,685,2525,334,779,2319,1708,943,1073741824,3896,1891,13167,200,27,2012/01/27
15,2012/02/02,953,2885,468,1024,2840,2236,1322,1073741824,3952,2360,-3944,136,38,2012/02/07
15,2012/02/10,571,2151,309,618,2363,1605,837,1073741824,3135,4989,13450,200,48,2012/02/17
15,2012/02/18,986,2286,531,955,2599,2028,1318,1073741824,3394,541,13915,136,52,2012/02/21
15,2012/02/26,951,2112,523,888,2489,1951,1190,1073741824,2947,4188,14004,201,57,2012/02/26
15,2012/03/05,1291,1877,1108,1287,2166,1910,1323,1073741824,2762,3181,14616,1034,66,2012/03/06
15,2012/03/13,1897,2433,1680,1891,2717,2603,1882,1073741824,2787,951,-1965,1033,77,2012/03/17
15,2012/03/21,979,1855,503,874,2257,2100,1418,1073741824,2268,3154,15436,200,82,2012/03/22
15,2012/03/29,969,1823,490,852,2369,2259,1569,1073741824,2385,1013,-900,136,93,2012/04/02
15,2012/04/06,1099,2034,542,962,2545,2476,1743,1073741824,2101,451,16881,137,100,2012/04/09
15,2012/04/14,2483,3258,2125,2492,3851,3558,2609,1073741824,2382,3522,466,1033,111,2012/04/20
15,2012/04/22,1469,2560,1216,1428,2850,2665,1626,1073741824,2660,5238,661,1033,113,2012/04/22
15,2012/04/30,1346,2496,833,1257,3051,2463,1576,1073741824,2010,967,1627,1033,125,2012/05/04
15,2012/05/08,958,2106,490,894,2644,2391,1615,1073741824,1875,504,-15755,73,132,2012/05/11
15,2012/05/16,660,1687,361,691,1658,1183,559,1073741824,1482,4168,-14809,142,137,2012/05/16
15,2012/05/24,1531,3081,1418,1693,3395,2425,1456,1073741824,2558,4503,2897,1033,152,2012/05/31
15,2012/06/01,1647,3011,1441,1779,2946,2553,1861,1073741824,2188,1049,3294,1033,157,2012/06/05
15,2012/06/09,998,2838,519,1050,2686,1999,1141,1073741824,2380,2387,3445,8206,166,2012/06/14
15,2012/06/17,1396,3354,1167,1556,3060,2261,1253,1073741824,2559,3531,3316,1545,175,2012/06/23
15,2012/06/25,1606,3174,1463,1790,2977,2376,1425,1073741824,2177,489,-14944,1033,180,2012/06/28
15,2012/07/03,1776,3437,1346,1782,3200,2544,1520,1073741824,2321,976,3211,1033,189,2012/07/07
15,2012/07/11,628,2435,305,749,2114,1202,534,1073741824,2871,5238,2697,1034,193,2012/07/11
15,2012/07/19,1213,2905,768,1242,2881,1901,1017,1073741824,2021,1900,-14885,8206,203,2012/07/21
15,2012/07/27,2729,3941,2794,2921,3357,2622,1386,1073741824,1848,3134,-15232,1545,210,2012/07/28
15,2012/08/04,1324,2545,939,1345,2657,1751,1031,1073741824,1944,1872,-16042,1033,219,2012/08/06
15,2012/08/12,1752,2944,1254,1735,2761,2287,1324,1073741824,2342,2360,932,8201,230,2012/08/17
15,2012/08/20,1285,2855,962,1345,2646,1950,1018,1073741824,2927,5858,606,1801,234,2012/08/21
15,2012/08/28,1067,2469,709,1099,2518,1646,847,1073741824,2635,4464,-570,1289,248,2012/09/04
15,2012/09/05,1808,2678,1522,1874,2674,1815,1015,1073741824,2234,949,-1240,1801,253,2012/09/09
15,2012/09/13,882,1446,409,868,1289,953,491,1073741824,1893,3162,15626,74,258,2012/09/14
15,2012/09/21,2260,2737,2029,2332,2761,2077,1553,1073741824,2720,3522,-2601,1033,271,2012/09/27
15,2012/09/29,1139,1570,675,1129,1611,1117,635,1073741824,2733,2369,-3258,72,278,2012/10/04
15,2012/10/07,688,1176,358,731,1223,832,456,1073741824,2786,1013,-3898,136,285,2012/10/11
15,2012/10/15,572,1513,309,619,1511,1049,629,1073741824,2873,459,13167,72,292,2012/10/18
15,2012/10/23,757,1239,394,758,1518,1056,611,1073741824,3201,1013,-4605,72,301,2012/10/27
15,2012/10/31,841,2051,433,821,2207,1660,904,1073741824,3520,2397,-4985,136,310,2012/11/05
15,2012/11/08,828,1835,430,775,2019,1620,924,1073741824,3435,1845,12441,136,315,2012/11/10
15,2012/11/16,1591,2789,1321,1704,2910,2304,1277,1073741824,3903,2369,-5130,1289,326,2012/11/21
15,2012/11/24,458,1338,233,491,1471,999,481,1073741824,3808,1882,12230,76,331,2012/11/26
15,2012/12/02,643,2365,321,752,2319,1664,885,1073741824,4029,468,12549,72,340,2012/12/05
15,2012/12/10,610,2516,302,723,2544,1625,814,1073741824,4060,1881,12328,136,347,2012/12/12
15,2012/12/18,650,2216,326,695,2499,1761,985,1073741824,4200,462,11921,72,356,2012/12/21
15,2012/12/26,779,2561,393,823,2799,2024,1135,1073741824,4298,995,-5230,72,365,2012/12/30
16,2012/01/01,1060,2376,589,958,2840,2407,1465,1073741824,4219,649,12973,137,4,2012/01/04
16,2012/01/09,957,2142,515,787,2938,2398,1452,1073741824,3987,4255,12475,72,9,2012/01/09
16,2012/01/17,827,2204,439,784,2808,2633,1793,1073741824,4394,4404,-4192,138,24,2012/01/24
16,2012/01/25,705,1950,371,689,2264,1948,1287,1073741824,3895,2001,13128,200,27,2012/01/27
16,2012/02/02,853,2053,444,780,2740,2446,1816,1073741824,3950,2259,-3939,136,38,2012/02/07
16,2012/02/10,732,1922,395,754,2237,1943,1299,1073741824,3538,2019,13827,200,43,2012/02/12
16,2012/02/18,752,1933,387,700,2478,2061,1393,1073741824,3392,650,13795,136,52,2012/02/21
16,2012/02/26,554,1505,280,493,1929,1689,1190,1073741824,2943,4265,13962,201,57,2012/02/26
16,2012/03/05,3592,4300,3309,3645,5097,4704,3363,1073741824,3102,2204,-2606,1033,70,2012/03/10
16,2012/03/13,410,1422,96,317,2082,1895,1249,1073741824,2089,5050,14894,8206,80,2012/03/20
16,2012/03/21,769,1801,374,682,2260,2086,1500,1073741824,2263,3237,15523,136,82,2012/03/22
16,2012/03/29,902,2071,465,865,2704,2530,1841,1073741824,2148,1982,16464,202,91,2012/03/31
16,2012/04/06,1087,2796,554,1010,3472,3140,2178,1073741824,2606,4424,-83,8205,104,2012/04/13
16,2012/04/14,1396,3240,863,1309,4041,3520,2558,1073741824,2369,3437,460,1033,111,2012/04/20
16,2012/04/22,966,2325,498,902,2893,2512,1735,1073741824,1880,612,-17214,201,116,2012/04/25
16,2012/04/30,737,1709,377,640,2245,2095,1526,1073741824,1413,4236,-16513,137,121,2012/04/30
16,2012/05/08,1065,2594,529,950,3326,3058,2166,1073741824,2451,4405,2166,137,136,2012/05/15
16,2012/05/16,904,2543,430,883,2847,2212,1177,1073741824,1758,2009,-15009,8205,139,2012/05/18
16,2012/05/24,625,2165,213,604,2534,1856,971,1073741824,1680,3219,-14453,8205,146,2012/05/25
16,2012/06/01,738,2681,375,845,2613,1775,835,1073741824,2456,3484,3248,8201,159,2012/06/07
16,2012/06/09,949,2886,619,1059,3000,2092,1057,1073741824,2365,2287,3466,8205,166,2012/06/14
16,2012/06/17,1389,2622,1356,1530,2555,1835,989,1073741824,2000,1982,-14030,1033,171,2012/06/19
16,2012/06/25,1897,3671,1851,2100,3672,2381,1318,1073741824,1900,3219,-13928,1289,178,2012/06/26
16,2012/07/03,1546,4267,1331,1767,26,2822,1464,1075576832,2578,3428,3072,1033,191,2012/07/09
16,2012/07/11,836,3171,400,930,3213,2047,991,1073741824,2435,2241,2961,74,198,2012/07/16
16,2012/07/19,841,2987,465,940,2850,1958,989,1073741824,2005,2009,-14950,8206,203,2012/07/21
16,2012/07/27,3063,4392,2896,3242,4358,3705,2587,1073741824,2388,2268,2068,1033,214,2012/08/01
16,2012/08/04,1274,3567,1149,1493,3652,2483,1308,1073741824,2959,5824,1613,1033,218,2012/08/05
16,2012/08/12,1748,3404,1626,1959,3298,1934,960,1073741824,2038,587,-17353,1033,228,2012/08/15
16,2012/08/20,1079,2692,854,1222,4147,1625,763,1075576832,2168,860,559,1801,237,2012/08/24
16,2012/08/28,2192,3733,2065,2398,3999,2995,2349,1073741824,2624,4395,-581,1033,248,2012/09/04
16,2012/09/05,1517,2868,1389,1701,2814,1674,851,1073741824,2225,841,-1200,1801,253,2012/09/09
16,2012/09/13,1360,2934,959,1442,2635,2237,1395,1073741824,1889,3238,15552,142,258,2012/09/14
16,2012/09/21,556,1882,307,678,1703,1185,605,1073741824,2165,2019,14942,142,267,2012/09/23
16,2012/09/29,773,1937,515,885,2024,1351,697,1073741824,2728,2268,-3260,136,278,2012/10/04
16,2012/10/07,400,1740,222,531,1803,1110,501,1073741824,2784,904,-3856,136,285,2012/10/11
16,2012/10/15,422,2158,224,570,1974,1341,666,1073741824,2873,577,13003,72,292,2012/10/18
16,2012/10/23,675,2574,332,787,2804,1862,1019,1073741824,3201,896,-4545,72,301,2012/10/27
16,2012/10/31,613,2456,301,723,2511,1712,849,1073741824,3315,558,12837,72,308,2012/11/03
16,2012/11/08,682,3108,348,835,3334,2116,1063,1073741824,3822,3465,-4931,72,319,2012/11/14
16,2012/11/16,729,3578,346,903,2818,2368,1130,1075576832,3904,2269,-5120,1034,326,2012/11/21
16,2012/11/24,730,2770,391,862,3103,1894,876,1073741824,4158,3447,-5079,136,335,2012/11/30
16,2012/12/02,793,2443,439,812,2714,1876,1036,1073741824,4031,585,12330,72,340,2012/12/05
16,2012/12/10,978,2549,475,883,3063,2313,1275,1073741824,4062,1982,12284,136,347,2012/12/12
16,2012/12/18,862,2296,409,759,2963,2335,1412,1073741824,4202,568,12851,72,356,2012/12/21
16,2012/12/26,1320,2834,546,1020,4111,3536,2179,1073741824,4298,877,-5202,72,365,2012/12/30
17,2012/01/01,457,1401,238,568,1413,863,319,1073741824,4230,447,-4357,72,4,2012/01/04
17,2012/01/09,366,1348,641,509,1300,822,324,1073741824,3755,5843,12242,200,14,2012/01/14
17,2012/01/17,544,2267,290,658,2211,1403,659,1073741824,4262,3156,-4258,72,22,2012/01/22
17,2012/01/25,375,1612,196,456,1578,955,406,1073741824,3788,3510,12954,200,25,2012/01/25
17,2012/02/02,480,2221,245,618,2265,1348,626,1073741824,3991,3175,-3792,136,38,2012/02/07
17,2012/02/10,493,1493,201,556,1592,1037,488,1073741824,3571,984,13690,200,43,2012/02/12
17,2012/02/18,561,1457,301,633,1516,1014,497,1073741824,3437,454,-3095,200,52,2012/02/21
17,2012/02/26,514,2001,282,639,1983,1249,557,1073741824,3299,1866,-2937,200,61,2012/03/01
17,2012/03/05,509,1766,267,595,1745,1142,607,1073741824,2808,2386,14670,200,66,2012/03/06
17,2012/03/13,532,1909,253,610,1993,1309,598,1073741824,2855,1894,-1947,136,77,2012/03/17
17,2012/03/21,558,1878,286,627,2274,1168,582,1075576832,2333,2348,15654,136,82,2012/03/22
17,2012/03/29,558,1844,294,633,1880,1219,608,1073741824,2234,947,16413,200,91,2012/03/31
17,2012/04/06,566,2196,295,672,2155,1486,743,1073741824,2451,3184,-107,136,102,2012/04/11
17,2012/04/14,665,2611,325,790,2457,1667,866,1073741824,2209,1921,467,72,109,2012/04/18
17,2012/04/22,644,2311,329,732,2241,1520,798,1073741824,2001,488,909,136,116,2012/04/25
17,2012/04/30,705,2119,343,756,2140,1501,909,1073741824,1829,993,-16529,73,123,2012/05/02
17,2012/05/08,595,1977,304,682,2015,1360,670,1073741824,1991,489,2389,72,132,2012/05/11
17,2012/05/16,601,2424,345,751,2307,1518,784,1073741824,2182,1920,2840,8205,141,2012/05/20
17,2012/05/24,1201,2085,969,1303,2214,1609,1030,1073741824,1813,2321,-14425,8205,146,2012/05/25
17,2012/06/01,715,2104,647,887,2034,1214,558,1073741824,2588,4229,3247,1289,159,2012/06/07
17,2012/06/09,822,1834,456,888,1783,1244,743,1073741824,1952,2284,-13860,8205,162,2012/06/10
17,2012/06/17,755,2357,579,891,1998,1517,941,1073741824,2401,1939,3657,1289,173,2012/06/21
17,2012/06/25,2628,3352,2617,2774,3358,1957,1037,1073741824,2955,5682,3038,1033,177,2012/06/25
17,2012/07/03,1194,2223,1143,1268,1960,1439,853,1073741824,1779,4461,-13884,8205,192,2012/07/10
17,2012/07/11,467,2240,293,628,2181,1378,852,1073741824,2567,3156,2942,8206,198,2012/07/16
17,2012/07/19,466,1513,330,589,1419,782,305,1073741824,2137,975,-15273,8204,203,2012/07/21
17,2012/07/27,4671,5129,4729,4868,4669,2115,1056,1073741824,1963,2339,-15346,1033,210,2012/07/28
17,2012/08/04,1763,2777,1904,1937,2520,1670,998,1073741824,1779,3491,-15594,1033,217,2012/08/04
17,2012/08/12,1895,2952,1768,2041,2877,1969,1230,1073741824,2450,3175,1031,1033,230,2012/08/17
17,2012/08/20,811,1868,886,949,1804,1141,580,1073741824,1546,4461,17792,1033,240,2012/08/27
17,2012/08/28,1211,2634,1108,1380,2597,1681,911,1073741824,2874,5671,158,1033,241,2012/08/28
17,2012/09/05,984,2278,802,1126,1900,1376,766,1073741824,2023,1001,16709,1033,251,2012/09/07
17,2012/09/13,1662,2671,1593,1836,2327,1615,885,1073741824,2909,5661,-1045,1033,257,2012/09/13
17,2012/09/21,841,2682,718,1049,2510,1477,676,1073741824,2224,984,14892,1033,267,2012/09/23
17,2012/09/29,444,2070,224,607,1799,981,408,1073741824,2515,516,-3562,136,276,2012/10/02
17,2012/10/07,404,2446,142,595,2283,1207,410,1073741824,2824,1957,-3736,8204,285,2012/10/11
17,2012/10/15,453,2617,241,665,2326,1285,524,1073741824,3137,3184,-4115,200,294,2012/10/20
17,2012/10/23,219,2052,111,320,1791,923,330,1073741824,2786,5821,11693,200,302,2012/10/28
17,2012/10/31,428,2017,211,594,1905,985,365,1073741824,3326,552,-5348,136,308,2012/11/03
17,2012/11/08,415,1912,213,563,1808,978,433,1073741824,3438,911,12755,72,315,2012/11/10
17,2012/11/16,457,2503,227,635,2312,1227,375,1073741824,3915,3175,-5005,138,326,2012/11/21
17,2012/11/24,493,2305,240,683,2244,1201,463,1073741824,4174,4201,-4935,202,335,2012/11/30
17,2012/12/02,408,2112,217,564,2083,1027,376,1073741824,4034,525,-5539,136,340,2012/12/05
17,2012/12/10,440,1776,205,576,1649,928,381,1073741824,4061,938,12578,8204,347,2012/12/12
17,2012/12/18,381,2098,170,502,2017,1045,413,1073741824,4061,2302,12394,200,354,2012/12/19
17,2012/12/26,472,1451,246,569,1615,869,362,1073741824,4161,956,12528,136,363,2012/12/28
18,2012/01/01,918,2334,473,922,2456,1928,1344,1073741824,4537,4740,-4496,136,8,2012/01/08
18,2012/01/09,518,1016,232,552,1076,734,405,1073741824,3975,3870,12612,136,9,2012/01/09
18,2012/01/17,1150,1999,675,1154,2186,1723,1068,1073741824,4406,4761,-4014,200,24,2012/01/24
18,2012/01/25,585,1058,281,591,1119,775,517,1073741824,3772,3832,13019,200,25,2012/01/25
18,2012/02/02,1120,1597,1158,1268,1679,1175,749,1073741824,3810,47,-3163,8204,36,2012/02/05
18,2012/02/10,527,991,228,524,999,710,379,1073741824,3418,3832,13472,200,41,2012/02/10
18,2012/02/18,726,1454,362,734,1471,987,602,1073741824,3408,44,8966,200,52,2012/02/21
18,2012/02/26,941,2093,362,889,2322,1835,1270,1073741824,3267,1421,-2982,8204,61,2012/03/01
18,2012/03/05,1092,2026,790,1076,2162,1790,1347,1073741824,2779,2781,14763,1032,66,2012/03/06
18,2012/03/13,603,1540,288,584,1577,1078,648,1073741824,2113,4738,15046,200,80,2012/03/20
18,2012/03/21,886,1995,451,841,2212,1761,1372,1073741824,2295,2754,15588,200,82,2012/03/22
18,2012/03/29,657,1724,314,665,3071,1772,1284,1075576832,2193,1400,16372,202,91,2012/03/31
18,2012/04/06,649,1737,292,698,1672,1099,444,1073741824,2404,2812,-160,137,102,2012/04/11
18,2012/04/14,698,2224,319,763,2102,1419,706,1073741824,2160,1475,454,136,109,2012/04/18
18,2012/04/22,1072,2312,794,1108,2420,1744,1151,1073741824,1951,14,-3343,1288,116,2012/04/25
18,2012/04/30,732,1832,357,674,1771,1353,944,1073741824,1352,4727,-15382,136,128,2012/05/07
18,2012/05/08,936,2226,481,943,2179,1639,1100,1073741824,1941,10,2129,136,132,2012/05/11
18,2012/05/16,1071,2482,625,1055,2536,1860,1187,1073741824,2131,1475,2857,72,141,2012/05/20
18,2012/05/24,1629,1943,1542,1797,2034,1394,732,1073741824,2335,2812,3212,1033,150,2012/05/29
18,2012/06/01,1117,2523,501,1038,2576,2052,1369,1073741824,2256,1539,3362,136,157,2012/06/05
18,2012/06/09,806,1346,496,902,1321,809,303,1073741824,2448,2821,3462,8205,166,2012/06/14
18,2012/06/17,1672,2950,1355,1716,2921,2329,1637,1073741824,2085,1400,-13909,1034,171,2012/06/19
18,2012/06/25,1478,2447,1255,1568,2329,1951,1318,1073741824,2246,53,9466,1033,180,2012/06/28
18,2012/07/03,2429,3205,2270,2546,3385,2642,1816,1073741824,2123,1436,-14163,1033,187,2012/07/05
18,2012/07/11,1176,2655,720,1153,2764,2107,1518,1073741824,2246,46,10973,140,196,2012/07/14
18,2012/07/19,1704,2491,1448,1743,2467,2102,1568,1073741824,2087,1437,-15150,1033,203,2012/07/21
18,2012/07/27,2806,3543,2644,2908,3722,2559,1484,1073741824,2466,2793,2111,1033,214,2012/08/01
18,2012/08/04,839,1538,653,976,1633,1023,590,1073741824,2576,3902,1465,1033,223,2012/08/10
18,2012/08/12,2203,3082,1980,2243,3097,2922,2117,1073741824,1823,2717,-16572,1033,226,2012/08/13
18,2012/08/20,703,1486,481,847,1205,707,301,1073741824,2234,1466,494,8200,237,2012/08/24
18,2012/08/28,1365,2173,1163,1461,2328,1739,1048,1073741824,2824,5468,183,1801,241,2012/08/28
18,2012/09/05,1647,2292,1278,1659,2236,1484,833,1073741824,2568,3854,-1085,1033,255,2012/09/11
18,2012/09/13,1650,2197,1387,1683,2228,1879,1553,1073741824,2495,2765,-1859,1033,262,2012/09/18
18,2012/09/21,1844,2329,1265,1732,2104,1616,1115,1073741824,2191,1446,14896,1033,267,2012/09/23
18,2012/09/29,1054,2470,672,1063,2398,1814,1193,1073741824,2752,2802,-3139,8204,278,2012/10/04
18,2012/10/07,6082,5361,5307,6031,6445,5845,3888,1073741824,2797,1511,-3836,1033,285,2012/10/11
18,2012/10/15,859,1991,477,871,1874,1272,767,1073741824,2877,58,-2736,72,292,2012/10/18
18,2012/10/23,587,1066,301,648,1082,643,309,1073741824,3202,1503,-4561,72,301,2012/10/27
18,2012/10/31,539,1251,271,621,1211,742,337,1073741824,3309,70,-7467,136,308,2012/11/03
18,2012/11/08,958,1450,971,1093,1474,987,698,1073741824,3426,1372,12586,1032,315,2012/11/10
18,2012/11/16,832,1868,840,968,1889,1302,738,1073741824,4101,4770,-4891,1033,328,2012/11/23
18,2012/11/24,724,1083,493,807,1363,921,535,1073741824,3797,1408,12343,1034,331,2012/11/26
18,2012/12/02,407,1221,361,437,1288,896,539,1073741824,3790,5423,11671,204,343,2012/12/08
18,2012/12/10,669,1846,367,740,1907,1208,799,1073741824,4381,3902,-5028,200,351,2012/12/16
18,2012/12/18,511,1569,203,579,1688,1035,620,1073741824,4530,4780,-4772,200,360,2012/12/25
18,2012/12/26,526,1331,279,599,1382,736,345,1073741824,4147,1418,12525,136,363,2012/12/28
19,2012/01/01,376,1608,212,485,1498,822,297,1073741824,4191,459,12643,136,4,2012/01/04
19,2012/01/09,392,1141,205,423,1197,750,308,1073741824,3957,4139,12484,136,9,2012/01/09
19,2012/01/17,633,1967,317,708,2182,1366,622,1073741824,4377,4522,-4084,200,24,2012/01/24
19,2012/01/25,260,1196,109,286,1290,825,355,1073741824,3536,4918,13016,200,32,2012/02/01
19,2012/02/02,491,1569,257,589,1644,956,371,1073741824,3782,379,14173,8200,36,2012/02/05
19,2012/02/10,393,1639,231,500,1694,953,320,1073741824,3519,1836,13788,8204,43,2012/02/12
19,2012/02/18,489,1332,252,556,1319,709,321,1073741824,3377,450,14356,136,52,2012/02/21
19,2012/02/26,458,1303,250,506,1226,885,486,1073741824,2925,4149,14008,200,57,2012/02/26
19,2012/03/05,1133,2370,933,1229,2672,1896,1177,1073741824,2747,3116,14599,1034,66,2012/03/06
19,2012/03/13,1766,2507,1603,1837,2688,2391,1565,1073741824,2990,3569,-1865,1034,79,2012/03/19
19,2012/03/21,557,1734,300,569,1930,1360,650,1073741824,2916,4532,-1095,200,88,2012/03/28
19,2012/03/29,653,1491,363,720,1605,1042,524,1073741824,2386,1103,-1063,200,93,2012/04/02
19,2012/04/06,557,1822,278,599,1860,1144,460,1073741824,2105,360,17595,136,100,2012/04/09
19,2012/04/14,854,1983,430,858,2113,1436,693,1073741824,2118,1076,291,200,109,2012/04/18
19,2012/04/22,671,1883,363,748,2242,1432,708,1073741824,2483,4522,1262,201,120,2012/04/29
19,2012/04/30,563,2193,43,539,2252,1397,580,1073741824,2030,1050,1978,8204,125,2012/05/04
19,2012/05/08,675,1586,345,719,1689,1293,746,1073741824,1900,415,-15179,136,132,2012/05/11
19,2012/05/16,761,1688,369,740,1731,1250,667,1073741824,2091,1068,3189,76,141,2012/05/20
19,2012/05/24,1614,2533,1476,1750,2679,2010,1274,1073741824,2010,378,-14865,1801,148,2012/05/27
19,2012/06/01,851,1779,403,825,1723,1335,683,1073741824,2218,1131,3650,136,157,2012/06/05
19,2012/06/09,557,1619,268,597,1495,1008,469,1073741824,1868,3032,-13877,72,162,2012/06/10
19,2012/06/17,1500,2309,1494,1604,2065,1778,1159,1073741824,1699,4939,-13311,1801,176,2012/06/24
19,2012/06/25,686,1696,358,763,1714,1017,523,1073741824,1948,3070,-13753,142,178,2012/06/26
19,2012/07/03,1064,1895,812,1134,1814,1302,686,1073741824,2350,1059,3580,1033,189,2012/07/07
19,2012/07/11,1948,2716,1673,2023,2724,2276,1577,1073741824,2208,405,-14959,1033,196,2012/07/14
19,2012/07/19,1208,1950,926,1264,1915,1392,850,1073741824,2048,1827,-14974,1034,203,2012/07/21
19,2012/07/27,1231,2666,985,1309,8442,2215,1414,1075576832,2424,2434,2245,1032,214,2012/08/01
19,2012/08/04,1132,2369,885,1252,2333,1544,960,1073741824,2533,3607,1539,1034,223,2012/08/10
19,2012/08/12,857,1872,647,959,1740,1124,629,1073741824,2068,378,-16787,1033,228,2012/08/15
19,2012/08/20,1308,2020,1313,1428,1904,1451,882,1073741824,1604,4111,-17295,1545,233,2012/08/20
19,2012/08/28,1633,2690,1367,1728,2572,1676,924,1073741824,1752,3088,17602,1033,242,2012/08/29
19,2012/09/05,1567,2405,1622,1728,2043,1705,1087,1073741824,1607,4959,15445,1034,256,2012/09/12
19,2012/09/13,717,1763,255,730,1489,1022,497,1073741824,1886,3098,15652,8206,258,2012/09/14
19,2012/09/21,2447,3002,2084,2476,2843,2435,1887,1073741824,2157,1836,14963,1032,267,2012/09/23
19,2012/09/29,558,1803,280,667,2525,745,117,1075576832,2454,398,13852,8204,276,2012/10/02
19,2012/10/07,7405,7323,6808,7442,6608,4882,2777,1073741824,2767,1104,-4072,1033,285,2012/10/11
19,2012/10/15,533,1440,271,613,1357,745,310,1073741824,2851,369,13739,72,292,2012/10/18
19,2012/10/23,513,1625,252,586,1587,914,429,1073741824,3178,1103,-4756,72,301,2012/10/27
19,2012/10/31,538,1969,280,656,1774,969,330,1073741824,3496,2471,-4806,136,310,2012/11/05
19,2012/11/08,684,1980,358,783,1884,1091,463,1073741824,3798,3617,-4930,72,319,2012/11/14
19,2012/11/16,1334,2607,887,1355,2690,1765,1000,1073741824,4078,4542,-4882,8204,328,2012/11/23
19,2012/11/24,1591,2535,1423,1708,2404,1650,888,1073741824,4132,3597,-5101,1801,335,2012/11/30
19,2012/12/02,512,1453,229,583,1431,770,308,1073741824,4000,389,11811,136,340,2012/12/05
19,2012/12/10,373,1462,168,415,1286,731,298,1073741824,3910,4928,11885,136,352,2012/12/17
19,2012/12/18,585,1780,299,657,1797,958,410,1073741824,4174,369,12353,72,356,2012/12/21
19,2012/12/26,361,1622,194,481,1526,785,243,1073741824,4272,1076,-4946,72,365,2012/12/30
20,2012/01/01,624,1638,324,622,1651,1090,635,1073741824,4196,585,12934,136,4,2012/01/04
20,2012/01/09,614,1856,335,579,2033,1328,790,1073741824,3962,4216,12489,72,9,2012/01/09
20,2012/01/17,903,2646,438,855,3314,2527,1687,1073741824,4377,4453,-4143,200,24,2012/01/24
20,2012/01/25,1315,2290,1322,1455,2480,1449,723,1073741824,4014,960,-4033,1290,29,2012/01/29
20,2012/02/02,724,2123,386,726,2483,1731,1053,1073741824,3933,2314,-3856,136,38,2012/02/07
20,2012/02/10,651,2011,240,575,2269,1739,1087,1073741824,3113,5020,13444,202,48,2012/02/17
20,2012/02/18,624,1669,332,631,1933,1356,857,1073741824,3376,577,14594,136,52,2012/02/21
20,2012/02/26,571,1735,304,554,1946,1661,1112,1073741824,2926,4227,14000,202,57,2012/02/26
20,2012/03/05,706,1746,394,710,1969,1515,1047,1073741824,2745,3218,14596,138,66,2012/03/06
20,2012/03/13,1138,2606,923,1170,3117,2314,1545,1073741824,2982,3475,-1805,1032,79,2012/03/19
20,2012/03/21,776,1957,413,736,2250,1958,1461,1073741824,2254,3191,15587,136,82,2012/03/22
20,2012/03/29,825,1952,453,815,2396,1820,1280,1073741824,2376,977,-1262,200,93,2012/04/02
20,2012/04/06,1103,2181,1213,1253,2249,1680,993,1073741824,1327,5647,16951,1033,103,2012/04/12
20,2012/04/14,1036,2606,614,1015,2875,2248,1558,1073741824,2104,942,632,141,109,2012/04/18
20,2012/04/22,1261,2273,1182,1376,2403,1853,1205,1073741824,1892,550,-17217,1033,116,2012/04/25
20,2012/04/30,962,2238,447,918,2431,1898,1246,1073741824,1720,1955,-16294,8205,123,2012/05/02
20,2012/05/08,977,2368,528,941,2693,2146,1574,1073741824,1881,550,-15958,74,132,2012/05/11
20,2012/05/16,708,2070,373,682,2265,1765,1181,1073741824,1491,4197,-14641,137,137,2012/05/16
20,2012/05/24,1959,3231,1732,2051,3252,2529,1575,1073741824,1990,504,-14613,1033,148,2012/05/27
20,2012/06/01,878,2200,484,905,2360,1667,1022,1073741824,2198,1004,3499,142,157,2012/06/05
20,2012/06/09,2666,3943,2208,2607,4267,3482,2636,1073741824,2391,2351,3544,1034,166,2012/06/14
20,2012/06/17,1455,2450,1254,1495,2599,1794,1167,1073741824,2028,1918,-13997,1034,171,2012/06/19
20,2012/06/25,1947,2933,1627,1968,2749,2485,1684,1073741824,2188,531,-14154,1033,180,2012/06/28
20,2012/07/03,997,2199,802,1101,2261,1450,758,1073741824,2331,931,3426,8205,189,2012/07/07
20,2012/07/11,2958,4557,2616,3073,4550,3487,2421,1073741824,2458,2306,3064,1034,198,2012/07/16
20,2012/07/19,893,2195,621,950,2175,1336,708,1073741824,2029,1946,-14905,8206,203,2012/07/21
20,2012/07/27,2457,3833,2259,2561,4123,3464,2734,1073741824,2407,2323,2160,1033,214,2012/08/01
20,2012/08/04,1470,3164,1235,1597,3186,2312,1444,1073741824,2517,3513,1483,1033,223,2012/08/10
20,2012/08/12,1241,2343,1097,1332,2414,1570,860,1073741824,2052,514,-16520,1801,228,2012/08/15
20,2012/08/20,2005,2529,1887,2106,2009,1540,1048,1073741824,2176,924,681,1033,237,2012/08/24
20,2012/08/28,1661,3299,1545,1794,3260,2555,1600,1073741824,2627,4434,-493,1033,248,2012/09/04
20,2012/09/05,862,2341,846,967,2052,1451,795,1073741824,1603,5020,15389,1033,256,2012/09/12
20,2012/09/13,1646,2843,1522,1708,2805,2450,1653,1073741824,1879,3200,15632,1033,258,2012/09/14
20,2012/09/21,1465,2407,1292,1536,2513,1838,1268,1073741824,2154,1955,15000,1033,267,2012/09/23
20,2012/09/29,1063,2773,698,1078,3024,2484,1789,1073741824,2714,2323,-3175,8205,278,2012/10/04
20,2012/10/07,992,2211,844,1080,2258,1635,991,1073741824,2766,968,-3755,1289,285,2012/10/11
20,2012/10/15,826,2145,459,826,2406,1833,1417,1073741824,2853,506,12906,72,292,2012/10/18
20,2012/10/23,724,2051,383,706,2230,1613,1076,1073741824,3180,968,-4951,72,301,2012/10/27
20,2012/10/31,890,2107,495,861,2363,1986,1445,1073741824,3292,486,12682,136,308,2012/11/03
20,2012/11/08,817,2640,442,832,2905,1994,1172,1073741824,3800,3522,-4878,72,319,2012/11/14
20,2012/11/16,1632,2998,1407,1663,3147,2631,1747,1073741824,3880,2324,-5067,1033,326,2012/11/21
20,2012/11/24,1930,2862,1726,1957,3000,2344,1623,1073741824,4136,3503,-5156,1034,335,2012/11/30
20,2012/12/02,806,2079,443,777,2443,2022,1564,1073741824,4006,513,12249,72,340,2012/12/05
20,2012/12/10,704,1846,379,702,2022,1552,1109,1073741824,4037,1918,12257,136,347,2012/12/12
20,2012/12/18,805,2208,429,778,2554,2064,1463,1073741824,4178,504,12710,72,356,2012/12/21
20,2012/12/26,823,1871,451,798,2129,1659,1196,1073741824,4275,940,-5114,72,365,2012/12/30
21,2012/01/01,662,1509,304,681,1560,1169,730,1073741824,4173,423,12525,208,4,2012/01/04
21,2012/01/09,541,1362,310,530,1457,1203,817,1073741824,3937,4120,12489,208,9,2012/01/09
21,2012/01/17,653,1425,431,737,1575,1199,752,1073741824,4364,4552,-4045,192,24,2012/01/24
21,2012/01/25,650,1727,342,657,2088,1580,1069,1073741824,3999,1130,-4309,192,29,2012/01/29
21,2012/02/02,791,1919,416,826,2048,1683,1017,1073741824,3922,2480,-3913,196,38,2012/02/07
21,2012/02/10,295,411,470,463,477,558,335,1073741824,3376,4091,13479,1040,41,2012/02/10
21,2012/02/18,606,1378,273,615,1455,1208,786,1073741824,3365,414,14267,208,52,2012/02/21
21,2012/02/26,356,660,250,477,778,756,451,1073741824,2912,4120,14033,192,57,2012/02/26
21,2012/03/05,918,1142,740,971,1202,888,575,1073741824,2736,3088,14626,66,66,2012/03/06
21,2012/03/13,517,1417,295,509,2421,1359,947,1075576832,2070,4939,15054,208,80,2012/03/20
21,2012/03/21,617,1151,411,708,1227,884,558,1073741824,3212,5300,-1455,192,81,2012/03/21
21,2012/03/29,340,987,230,398,1093,873,483,1073741824,1932,4081,16077,8212,89,2012/03/29
21,2012/04/06,1113,2319,815,1128,2277,1684,997,1073741824,2366,2498,-152,8192,102,2012/04/11
21,2012/04/14,1076,2446,685,1066,2609,1909,1236,1073741824,2124,1112,451,1282,109,2012/04/18
21,2012/04/22,973,1525,729,983,1601,1223,688,1073741824,1917,370,-16497,64,116,2012/04/25
21,2012/04/30,795,1625,387,762,1715,1368,806,1073741824,2041,1086,2129,128,125,2012/05/04
21,2012/05/08,889,1898,439,825,2025,1752,1195,1073741824,1914,378,-15213,80,132,2012/05/11
21,2012/05/16,740,2020,383,780,2178,1479,756,1073741824,2108,1112,2810,82,141,2012/05/20
21,2012/05/24,1019,2156,684,980,2409,1774,1178,1073741824,1745,3032,-14238,69,146,2012/05/25
21,2012/06/01,914,1368,995,987,1350,1133,848,1073741824,1631,4888,-13272,1025,160,2012/06/08
21,2012/06/09,751,2295,311,771,2285,1625,860,1073741824,2429,2498,3488,145,166,2012/06/14
21,2012/06/17,1871,2519,1571,1899,2578,2292,1887,1073741824,2334,1130,3696,1025,173,2012/06/21
21,2012/06/25,876,1655,597,878,1705,1230,747,1073741824,1969,3041,-13724,8213,178,2012/06/26
21,2012/07/03,1442,2047,1316,1536,5224,1426,859,1075576832,2105,1791,-14320,1025,187,2012/07/05
21,2012/07/11,848,1957,386,815,2162,1515,950,1073741824,2494,2461,2986,129,198,2012/07/16
21,2012/07/19,1496,2125,1277,1564,2091,1740,1257,1073741824,2064,1800,-14950,1041,203,2012/07/21
21,2012/07/27,1926,2637,1775,2001,2511,1956,1115,1073741824,2438,2471,2316,1041,214,2012/08/01
21,2012/08/04,1404,2723,1323,1491,2638,1819,1208,1073741824,3006,5924,1768,1025,218,2012/08/05
21,2012/08/12,858,2135,593,895,1998,1501,900,1073741824,1790,3032,-16445,8213,226,2012/08/13
21,2012/08/20,449,828,96,599,617,349,110,1073741824,2198,1103,444,128,237,2012/08/24
21,2012/08/28,2650,3043,2692,2801,2894,2582,1724,1075576832,1755,3061,17666,1793,242,2012/08/29
21,2012/09/05,985,2288,885,1028,2053,1584,1011,1073741824,1599,4939,15602,8213,256,2012/09/12
21,2012/09/13,892,2158,631,896,1990,1647,1048,1073741824,1879,3070,15868,8213,258,2012/09/14
21,2012/09/21,836,1802,653,947,1663,1090,665,1073741824,2147,1809,14993,1553,267,2012/09/23
21,2012/09/29,675,2244,339,761,1978,1205,622,1073741824,2708,2479,-3202,8214,278,2012/10/04
21,2012/10/07,621,1924,371,686,1898,1377,827,1073741824,2754,1139,-3934,8196,285,2012/10/11
21,2012/10/15,661,1738,352,686,1757,1207,786,1073741824,2835,333,13655,80,292,2012/10/18
21,2012/10/23,700,2108,392,725,2325,1490,891,1073741824,3390,3645,-4442,196,303,2012/10/29
21,2012/10/31,482,1439,211,542,395,955,580,1075576832,3270,326,12059,144,308,2012/11/03
21,2012/11/08,682,1989,291,689,1939,1363,827,1073741824,3781,3645,-4888,128,319,2012/11/14
21,2012/11/16,2368,3301,2016,2375,3171,2854,2225,1073741824,4061,4562,-4844,1042,328,2012/11/23
21,2012/11/24,1080,1895,941,1143,1888,1144,695,1073741824,3758,1772,12405,8214,331,2012/11/26
21,2012/12/02,509,1564,272,577,1627,1054,586,1073741824,3981,354,11622,8212,340,2012/12/05
21,2012/12/10,402,1413,266,461,1430,1006,642,1073741824,3890,4908,11890,192,352,2012/12/17
21,2012/12/18,314,632,176,404,799,357,181,1073741824,4155,334,12193,84,356,2012/12/21
21,2012/12/26,642,1949,337,696,2756,1341,797,1075576832,4255,1113,-4837,128,365,2012/12/30
22,2012/01/01,634,2986,312,745,3262,2140,1116,1073741824,4329,2259,-4737,136,6,2012/01/06
22,2012/01/09,699,4181,373,975,4164,2903,1360,1073741824,4677,5824,-4274,136,10,2012/01/10
22,2012/01/17,685,3652,370,862,3634,2641,1365,1073741824,4362,4444,-4061,200,24,2012/01/24
22,2012/01/25,438,3036,237,565,2739,1985,957,1073741824,3736,4197,12946,200,25,2012/01/25
22,2012/02/02,988,3405,549,1066,3203,2484,1410,1073741824,3919,2314,-3926,136,38,2012/02/07
22,2012/02/10,750,2543,361,802,2956,2236,1378,1073741824,3651,896,-3499,204,45,2012/02/14
22,2012/02/18,755,2551,382,805,2765,2106,1251,1073741824,3362,595,14088,136,52,2012/02/21
22,2012/02/26,618,2337,326,683,2957,1769,952,1075576832,2911,4236,13959,8206,57,2012/02/26
22,2012/03/05,841,2248,414,784,2715,2152,1279,1073741824,2730,3238,14543,8205,66,2012/03/06
22,2012/03/13,1959,3121,1702,1982,3585,3206,2165,1073741824,2974,3465,-1817,1034,79,2012/03/19
22,2012/03/21,818,1997,435,772,2220,1856,1198,1073741824,2244,3200,15683,200,82,2012/03/22
22,2012/03/29,792,1919,400,749,2245,1902,1190,1073741824,2138,1937,16417,200,91,2012/03/31
22,2012/04/06,938,2483,478,906,2766,2142,1260,1073741824,2090,505,17152,142,100,2012/04/09
22,2012/04/14,1139,2547,867,1179,-91,2000,1225,1075576833,1331,5020,-17550,205,112,2012/04/21
22,2012/04/22,1044,3203,859,1184,3325,2413,1360,1073741824,2470,4434,1309,1033,120,2012/04/29
22,2012/04/30,1294,2999,1010,1398,3156,2268,1226,1073741824,2018,905,1636,1033,125,2012/05/04
22,2012/05/08,797,2767,398,852,2990,2189,1335,1073741824,1888,567,-15520,74,132,2012/05/11
22,2012/05/16,948,3084,497,999,3336,2392,1467,1073741824,2082,931,2874,74,141,2012/05/20
22,2012/05/24,2501,3729,2354,2669,3752,2166,1113,1073741824,2001,525,-15153,1801,148,2012/05/27
22,2012/06/01,1300,3456,985,1404,3369,2720,1707,1073741824,2209,987,3860,1033,157,2012/06/05
22,2012/06/09,903,3686,470,1012,3849,2582,1455,1073741824,2402,2342,3517,74,166,2012/06/14
22,2012/06/17,1339,3489,1069,1471,3380,2509,1481,1073741824,2580,3494,3389,1545,175,2012/06/23
22,2012/06/25,843,2873,600,946,2823,1913,984,1073741824,1942,3181,-13766,1289,178,2012/06/26
22,2012/07/03,920,2701,605,1004,2796,2037,1219,1073741824,2342,923,3244,8206,189,2012/07/07
22,2012/07/11,1001,3310,515,1056,3269,2438,1419,1073741824,2468,2296,3015,74,198,2012/07/16
22,2012/07/19,2521,4061,2245,2686,3905,3250,2210,1073741824,2038,1964,-15014,1033,203,2012/07/21
22,2012/07/27,1312,3151,991,1400,3105,2464,1685,1073741824,2414,2314,2115,1033,214,2012/08/01
22,2012/08/04,624,2379,316,665,2233,1588,803,1073741824,1676,4187,-15532,142,217,2012/08/04
22,2012/08/12,921,2727,528,948,2661,2088,1294,1073741824,1768,3172,-16525,8205,226,2012/08/13
22,2012/08/20,1443,3083,1124,1490,3124,2469,1664,1073741824,2177,913,512,1033,237,2012/08/24
22,2012/08/28,2269,3322,2270,2388,3471,2597,1702,1073741824,1738,3200,17723,1033,242,2012/08/29
22,2012/09/05,816,1425,415,820,1064,778,468,1073741824,1592,5030,15405,8205,256,2012/09/12
22,2012/09/13,832,2123,448,869,1832,1508,892,1073741824,1870,3209,15759,205,258,2012/09/14
22,2012/09/21,1724,2229,1822,1862,2108,1366,742,1073741824,1875,4217,14747,1033,265,2012/09/21
22,2012/09/29,1055,1656,551,1086,1510,988,565,1073741824,2439,532,14690,200,276,2012/10/02
22,2012/10/07,750,1965,388,857,2088,1482,852,1073741824,2752,958,-3940,206,285,2012/10/11
22,2012/10/15,770,2176,395,821,2249,1625,1007,1073741824,2836,522,13345,72,292,2012/10/18
22,2012/10/23,839,2202,442,878,2262,1620,970,1073741824,3163,959,-4605,72,301,2012/10/27
22,2012/10/31,761,2298,374,863,2405,1474,748,1073741824,3702,4473,-4598,136,312,2012/11/07
22,2012/11/08,788,2149,400,825,2162,1460,825,1073741824,3393,1900,12527,136,315,2012/11/10
22,2012/11/16,1393,3238,958,1510,3171,2453,1407,1073741824,4063,4454,-4863,202,328,2012/11/23
22,2012/11/24,1413,2697,1247,1547,2689,1770,893,1073741824,4118,3494,-5062,1801,335,2012/11/30
22,2012/12/02,287,2364,109,334,2244,1459,618,1073741824,3766,5658,11595,200,343,2012/12/08
22,2012/12/10,792,2635,418,853,2667,1949,1127,1073741824,4172,950,-5114,72,349,2012/12/14
22,2012/12/18,618,2522,321,686,2414,1737,939,1073741824,4020,3162,12262,136,354,2012/12/19
22,2012/12/26,704,2792,337,750,2986,2071,1177,1073741824,4258,933,-4765,72,365,2012/12/30