site-id,lat,lon,tile-h,tile-v,pixel-col,pixel_row
1,14.82651,99.67715,27,7,1526,1241
2,15.10653,100.02415,27,7,1576,1174
3,14.53313,100.12565,27,7,1661,1312
4,14.6705,100.37515,27,7,1704,1279
5,14.76528,100.44693,27,7,1711,1256
6,14.52054,100.55989,27,7,1763,1315
7,14.51312,100.82942,27,7,1826,1316
8,14.29234,100.13954,27,7,1689,1369
9,14.28868,100.60973,27,7,1799,1370
10,14.34029,100.86974,27,7,1854,1358
11,14.2546,101.06443,27,7,1908,1378
12,14.05285,100.1741,27,7,1722,1427
13,14.1545,100.50478,27,7,1788,1402
14,13.89866,100.8131,27,7,1886,1464
15,13.96792,101.20529,27,7,1971,1447
16,14.05771,101.35052,27,7,1995,1426
17,13.49009,100.06744,27,7,1753,1562
18,13.59776,100.58941,27,7,1864,1536
19,13.58976,101.03383,27,7,1969,1538
20,13.72198,101.2018,27,7,1995,1506
21,13.33792,100.93623,27,7,1971,1598
22,13.50474,101.16583,27,7,2008,1558
id,Date,Surface_reflectance_for_band_1,Surface_reflectance_for_band_2,Surface_reflectance_for_band_3,Surface_reflectance_for_band_4,Surface_reflectance_for_band_5,Surface_reflectance_for_band_6,Surface_reflectance_for_band_7,Surface_reflectance_500m_quality_control_flags,Solar_zenith,View_zenith,Relative_azimuth,Surface_reflectance_500m_state_flags,Surface_reflectance_day_of_year,actual_date
1,2013/01/01,765,2687,430,799,3420,2286,1287,1073741824,4510,3617,-4730,72,8,2013/01/08
1,2013/01/09,678,2188,350,664,2679,1979,1112,1073741824,4229,341,12851,72,13,2013/01/13
1,2013/01/17,745,2226,392,725,2894,2180,1360,1073741824,4201,1131,-4764,136,22,2013/01/22
1,2013/01/25,728,2137,387,763,2808,2139,1318,1073741824,4140,2480,-4185,200,31,2013/01/31
1,2013/02/02,783,2254,407,770,3015,2384,1518,1073741824,3899,1158,-3905,136,38,2013/02/07
1,2013/02/10,703,2509,392,759,2852,2160,1249,1073741824,3630,287,13793,136,45,2013/02/14
1,2013/02/18,716,2604,405,768,3160,2226,1317,1073741824,3484,1140,-3486,72,54,2013/02/23
1,2013/02/26,719,2461,373,733,2935,2276,1447,1073741824,3169,341,14618,136,61,2013/03/02
1,2013/03/06,725,2453,390,740,2837,2326,1467,1073741824,3012,1103,-2925,136,70,2013/03/11
1,2013/03/14,784,2292,404,754,2690,2423,1579,1073741824,2681,381,14639,136,77,2013/03/18
1,2013/03/22,667,2215,333,680,2627,2062,1274,1073741824,2353,1799,15712,136,84,2013/03/25
1,2013/03/30,502,1909,229,507,2186,1827,1130,1073741824,1836,4918,15451,200,89,2013/03/30
1,2013/04/07,877,2909,473,893,3221,2764,1622,1073741824,2977,5879,-459,200,99,2013/04/09
1,2013/04/15,957,2527,489,896,2974,2674,1818,1073741824,1951,387,17893,72,109,2013/04/19
1,2013/04/23,922,2909,490,936,3236,2795,1703,1073741824,2016,1095,1139,74,118,2013/04/28
1,2013/05/01,1014,3125,534,1040,3489,2998,1914,1073741824,2139,2479,1553,137,127,2013/05/07
1,2013/05/09,991,3049,505,1013,3543,2798,1817,1073741824,2008,1166,2248,73,134,2013/05/14
1,2013/05/17,726,2749,419,820,3066,2203,1329,1073741824,1899,296,-15051,8205,141,2013/05/21
1,2013/05/25,784,3178,401,863,3324,2613,1504,1073741824,2384,3626,2877,74,152,2013/06/01
1,2013/06/02,514,2538,247,560,2604,2026,1132,1073741824,1461,4887,-13747,8205,153,2013/06/02
1,2013/06/10,708,3395,361,847,3394,2527,1360,1073741824,2485,3616,3099,74,168,2013/06/17
1,2013/06/18,1154,3176,956,1296,3288,2228,1256,1073741824,2109,342,-14727,1289,173,2013/06/22
1,2013/06/26,913,3296,548,1008,3617,2528,1494,1073741824,2273,1130,3292,1289,182,2013/07/01
1,2013/07/04,451,3114,113,509,3123,1995,984,1073741824,1623,4888,-13823,1033,185,2013/07/04
1,2013/07/12,546,2911,405,675,2740,1865,871,1073741824,1742,4024,-14440,8201,194,2013/07/13
1,2013/07/20,907,2959,789,1033,2770,1851,910,1073741824,1849,2967,-15073,1801,203,2013/07/22
1,2013/07/28,2266,4213,2032,2438,4183,2869,1604,1073741824,2231,1149,1790,1801,214,2013/08/02
1,2013/08/05,995,2585,1096,1130,2486,1564,870,1073741824,1490,4888,-15934,1033,217,2013/08/05
1,2013/08/13,2571,4181,2424,2732,3864,2501,1304,1073741824,2478,3607,523,1801,232,2013/08/20
1,2013/08/21,383,2679,171,475,2705,1663,753,1073741824,1333,5582,16891,73,240,2013/08/28
1,2013/08/29,740,3433,379,843,3529,2580,1353,1073741824,2213,1095,-689,73,246,2013/09/03
1,2013/09/06,2921,4279,2991,3118,3769,2299,1221,1073741824,1848,3032,16164,1801,251,2013/09/08
1,2013/09/14,3244,4738,3290,3480,4153,2317,1102,1073741824,2714,4532,-1473,1801,257,2013/09/14
1,2013/09/22,809,3266,980,997,3040,1751,798,1073741824,1989,5571,13072,8205,272,2013/09/29
1,2013/09/30,1005,3597,641,1155,3669,2328,1324,1073741824,2695,1139,-3713,1032,278,2013/10/05
1,2013/10/08,305,2859,155,486,2572,1432,581,1073741824,2547,2986,13321,8204,283,2013/10/10
1,2013/10/16,392,3608,187,611,3545,1985,767,1073741824,3103,1186,-4364,136,294,2013/10/21
1,2013/10/24,358,3086,169,526,2778,1709,702,1073741824,3020,2958,12530,200,299,2013/10/26
1,2013/11/01,489,2911,252,607,3065,1869,915,1073741824,3341,1727,12357,136,308,2013/11/04
1,2013/11/09,545,2910,277,679,3117,1879,849,1073741824,3645,305,12660,201,317,2013/11/13
1,2013/11/17,290,2990,131,437,3111,1658,622,1075838976,3597,4033,11818,136,322,2013/11/18
1,2013/11/25,848,3069,492,921,3192,2353,1240,1073741824,4170,2480,-5304,72,335,2013/12/01
1,2013/12/03,477,2791,257,603,2958,1716,763,1073741824,4056,1754,12206,136,340,2013/12/06
1,2013/12/11,585,2516,304,646,2848,1838,904,1073741824,4088,3013,12158,200,347,2013/12/13
1,2013/12/19,648,2597,333,701,3071,2085,1142,1073741824,4357,1086,-5042,136,358,2013/12/24
1,2013/12/27,705,2421,367,757,2621,1971,1068,1073741824,4297,378,12432,136,365,2013/12/31
2,2013/01/01,710,2504,356,764,2817,1854,972,1073741824,4515,3419,-4708,136,8,2013/01/08
2,2013/01/09,586,2090,302,637,2066,1298,652,1073741824,4236,606,12443,72,13,2013/01/13
2,2013/01/17,624,2015,314,699,2269,1430,690,1073741824,4206,869,-4492,136,22,2013/01/22
2,2013/01/25,568,2408,281,724,2374,1337,539,1073741824,4001,588,12861,200,29,2013/01/29
2,2013/02/02,553,2567,206,654,2800,1757,871,1073741824,3899,886,-4181,200,38,2013/02/07
2,2013/02/10,559,2353,279,659,2404,1555,784,1073741824,3630,561,13362,200,45,2013/02/14
2,2013/02/18,654,3547,352,805,3542,2439,1202,1073741824,3644,3428,-3151,136,56,2013/02/25
2,2013/02/26,619,2474,327,682,2657,1885,1095,1073741824,3165,605,14123,136,61,2013/03/02
2,2013/03/06,655,2705,341,760,2719,1973,1035,1073741824,3002,832,-2729,136,70,2013/03/11
2,2013/03/14,614,2521,313,693,2512,1764,913,1073741824,2672,640,15213,136,77,2013/03/18
2,2013/03/22,718,2739,378,790,2734,1892,1024,1073741824,2542,814,-1826,136,86,2013/03/27
2,2013/03/30,984,3266,522,1001,3649,2641,1517,1073741824,2458,2177,-1009,136,95,2013/04/05
2,2013/04/07,777,3065,425,867,3182,2473,1314,1073741824,2951,5770,-491,200,99,2013/04/09
2,2013/04/15,774,2378,406,788,2473,1864,1163,1073741824,1924,659,17463,72,109,2013/04/19
2,2013/04/23,963,2674,488,941,2784,2354,1489,1073741824,1984,832,828,73,118,2013/04/28
2,2013/05/01,715,2073,377,729,2090,1605,939,1073741824,1521,3228,-16695,136,123,2013/05/03
2,2013/05/09,960,3028,469,993,2968,2197,1275,1073741824,2267,3466,2051,74,136,2013/05/16
2,2013/05/17,777,2601,371,817,2594,1803,930,1073741824,1861,568,-15635,73,141,2013/05/21
2,2013/05/25,654,3413,205,771,3118,2231,1114,1075838976,2344,3419,2909,74,152,2013/06/01
2,2013/06/02,700,3432,384,879,2996,1986,960,1073741824,2254,2232,3210,73,159,2013/06/08
2,2013/06/10,2328,4433,2030,2497,4470,3366,2289,1073741824,2445,3419,3133,1034,168,2013/06/17
2,2013/06/18,1049,3712,788,1221,3176,2180,1149,1073741824,2069,603,-14282,1545,173,2013/06/22
2,2013/06/26,893,3482,617,1046,2983,1901,926,1073741824,2233,870,3621,1801,182,2013/07/01
2,2013/07/04,751,2632,600,881,2342,1538,830,1073741824,2109,579,-15315,1033,189,2013/07/08
2,2013/07/12,540,3645,285,698,3034,1872,820,1073741824,1702,4188,-14525,73,194,2013/07/13
2,2013/07/20,1825,4226,1837,2029,3779,2859,1719,1073741824,1810,3172,-15205,1033,203,2013/07/22
2,2013/07/28,1151,3543,953,1317,3127,2066,1009,1073741824,2195,877,2006,1033,214,2013/08/02
2,2013/08/05,2065,4816,1826,2272,4580,2883,1571,1073741824,2314,2232,1089,1801,223,2013/08/11
2,2013/08/13,1438,3851,1165,1566,3549,2182,1112,1075838976,2154,851,867,1801,230,2013/08/18
2,2013/08/21,504,2525,263,579,2188,1391,643,1073741824,1317,5679,16762,73,240,2013/08/28
2,2013/08/29,704,2626,275,740,2366,1646,831,1073741824,2192,832,-1027,8205,246,2013/09/03
2,2013/09/06,2136,3628,2012,2289,3662,2771,1858,1073741824,2407,2213,-1752,1033,255,2013/09/12
2,2013/09/14,2440,3810,2295,2578,3564,1932,1025,1073741824,2369,834,-2136,1033,262,2013/09/19
2,2013/09/22,1686,3005,1453,1768,2916,2192,1586,1073741824,2383,623,14169,1033,269,2013/09/26
2,2013/09/30,582,2965,292,734,2028,1742,825,1075838976,2692,869,-3495,136,278,2013/10/05
2,2013/10/08,562,2436,257,646,2329,1446,648,1073741824,2552,3200,13146,204,283,2013/10/10
2,2013/10/16,422,3079,218,607,2757,1622,700,1073741824,3109,932,-4583,72,294,2013/10/21
2,2013/10/24,701,2791,379,823,2715,1717,882,1073741824,3224,540,12726,200,301,2013/10/28
2,2013/11/01,508,2613,250,612,2463,1623,832,1073741824,3353,1964,12420,136,308,2013/11/04
2,2013/11/09,507,2806,250,641,2652,1566,627,1073741824,3656,577,12078,138,317,2013/11/13
2,2013/11/17,350,2526,192,457,2346,1359,531,1073741824,3613,4197,11811,140,322,2013/11/18
2,2013/11/25,646,3213,324,773,3124,2037,929,1073741824,4179,2241,-5253,72,335,2013/12/01
2,2013/12/03,544,2496,280,637,2445,1601,842,1073741824,4070,1991,12270,136,340,2013/12/06
2,2013/12/11,618,2470,312,683,2488,1579,787,1073741824,4102,3218,12028,200,347,2013/12/13
2,2013/12/19,768,2226,418,788,2202,1457,792,1073741824,4366,823,-5323,136,358,2013/12/24
2,2013/12/27,642,2282,318,711,2332,1501,787,1073741824,4307,648,12821,136,365,2013/12/31
3,2013/01/01,746,2117,383,756,2321,1804,1155,1073741824,4174,2184,12484,136,4,2013/01/04
3,2013/01/09,758,2129,377,760,2439,1854,1198,1073741824,4180,821,12663,72,13,2013/01/13
3,2013/01/17,763,2149,390,791,2610,1923,1209,1073741824,4152,661,-4490,136,22,2013/01/22
3,2013/01/25,707,2528,320,769,1045,1984,1144,1075576832,3946,803,13098,200,29,2013/01/29
3,2013/02/02,818,2235,415,814,2521,2051,1279,1073741824,3847,678,-4225,136,38,2013/02/07
3,2013/02/10,697,2034,354,722,2389,1866,1153,1073741824,3579,768,13552,200,45,2013/02/14
3,2013/02/18,846,2460,485,859,2583,2142,1270,1075576832,3431,671,-3157,72,54,2013/02/23
3,2013/02/26,801,2286,432,797,2495,2066,1239,1073741824,3116,821,14356,72,61,2013/03/02
3,2013/03/06,864,2460,427,858,2831,2223,1419,1073741824,2958,624,-2704,136,70,2013/03/11
3,2013/03/14,719,2208,395,778,2391,1958,1187,1073741824,2628,856,15396,202,77,2013/03/18
3,2013/03/22,826,2499,430,850,2908,2255,1457,1073741824,2505,606,-1794,136,86,2013/03/27
3,2013/03/30,716,2051,394,715,2206,1844,1166,1073741824,1977,3425,16122,136,91,2013/04/01
3,2013/04/07,909,2546,494,887,2961,2313,1552,1073741824,1903,2247,17055,200,100,2013/04/10
3,2013/04/15,922,2343,510,903,2523,2161,1492,1073741824,1903,867,17734,72,109,2013/04/19
3,2013/04/23,1012,2801,554,1006,3164,2498,1642,1073741824,1972,624,904,73,118,2013/04/28
3,2013/05/01,1077,3161,558,1070,3528,2768,1778,1073741824,2100,2058,1738,137,127,2013/05/07
3,2013/05/09,1086,2829,588,1043,3119,2517,1679,1073741824,1973,698,2685,73,134,2013/05/14
3,2013/05/17,1122,2705,757,1140,2997,2352,1518,1073741824,1868,776,-15364,1033,141,2013/05/21
3,2013/05/25,893,2795,473,935,2794,2231,1373,1073741824,2354,3278,3032,72,152,2013/06/01
3,2013/06/02,966,3048,512,1034,3174,2324,1475,1073741824,2266,2049,3331,73,159,2013/06/08
3,2013/06/10,632,2906,300,774,2713,1920,1014,1073741824,2178,643,3846,138,166,2013/06/15
3,2013/06/18,2210,3782,1981,2387,3621,2976,2010,1073741824,2084,820,-14110,1033,173,2013/06/22
3,2013/06/26,848,3036,436,935,2988,2074,1174,1075838976,2246,662,3792,74,182,2013/07/01
3,2013/07/04,1473,3261,1368,1587,2888,2329,1448,1073741824,1856,3368,-14250,8205,187,2013/07/06
3,2013/07/12,520,2633,261,603,2313,1567,794,1073741824,1717,4324,-14236,73,194,2013/07/13
3,2013/07/20,1755,3782,1773,1940,3667,2383,1442,1073741824,1817,3340,-15027,1033,203,2013/07/22
3,2013/07/28,1117,3441,792,1217,3433,2344,1398,1073741824,2193,669,2128,1289,214,2013/08/02
3,2013/08/05,827,3120,616,971,2934,2041,1035,1073741824,2763,5074,1552,8205,218,2013/08/06
3,2013/08/13,1859,3544,2015,2016,3435,2067,1170,1073741824,1557,4353,-16873,1801,226,2013/08/14
3,2013/08/21,1097,3940,660,1296,3942,2694,1536,1073741824,2284,2030,-83,138,239,2013/08/27
3,2013/08/29,872,3296,494,996,3279,2163,1188,1073741824,2163,624,-1005,1289,246,2013/09/03
3,2013/09/06,1542,3865,1307,1725,3767,2607,1449,1073741824,2752,5053,-830,8205,250,2013/09/07
3,2013/09/14,1419,3107,1074,1490,3048,2035,1107,1073741824,2050,2220,15225,1033,260,2013/09/17
3,2013/09/22,910,2754,700,1016,2865,2049,1180,1073741824,2335,830,14437,1033,269,2013/09/26
3,2013/09/30,611,2279,331,641,2169,1632,978,1073741824,2159,4353,13587,136,274,2013/10/01
3,2013/10/08,681,2387,339,765,2489,1718,979,1073741824,2723,775,13729,200,285,2013/10/12
3,2013/10/16,2358,3645,2148,2470,3556,3166,2215,1073741824,3054,714,-4587,1033,294,2013/10/21
3,2013/10/24,732,2658,383,807,2659,1978,1133,1073741824,3378,2095,-4804,136,303,2013/10/30
3,2013/11/01,606,2298,305,648,2503,1651,1008,1073741824,3295,2156,12464,136,308,2013/11/04
3,2013/11/09,687,2453,348,769,2549,1797,977,1073741824,3598,784,12260,205,317,2013/11/13
3,2013/11/17,595,2271,303,642,2493,1697,1017,1073741824,3707,2165,12250,136,324,2013/11/20
3,2013/11/25,645,2751,334,734,2962,1987,1163,1073741824,4122,2058,-5249,72,335,2013/12/01
3,2013/12/03,640,2716,343,758,2845,1864,1040,1073741824,4165,660,-5481,136,342,2013/12/08
3,2013/12/11,589,2441,312,671,2455,1644,871,1073741824,4044,3378,12057,200,347,2013/12/13
3,2013/12/19,680,2515,359,756,2493,1928,1096,1073741824,4309,615,-5392,136,358,2013/12/24
3,2013/12/27,792,2237,412,823,2424,1800,1177,1073741824,4250,856,12863,136,365,2013/12/31
4,2013/01/01,531,2056,281,666,2289,1568,794,1073741824,4459,3109,-4740,136,8,2013/01/08
4,2013/01/09,596,2171,264,627,475,1721,1025,1075576832,4180,1029,12696,72,13,2013/01/13
4,2013/01/17,542,1673,295,649,2024,1196,619,1073741824,4149,444,-4562,136,22,2013/01/22
4,2013/01/25,513,2265,283,675,2173,1379,686,1073741824,3944,1010,13182,200,29,2013/01/29
4,2013/02/02,630,1927,321,728,2245,1488,855,1073741824,3843,471,-4402,200,38,2013/02/07
4,2013/02/10,617,1994,317,676,2463,1662,985,1075576832,3573,984,13655,200,45,2013/02/14
4,2013/02/18,602,1816,307,701,2174,1491,858,1073741824,3424,454,-3126,72,54,2013/02/23
4,2013/02/26,670,1978,375,760,2147,1599,896,1073741824,3108,1029,14362,136,61,2013/03/02
4,2013/03/06,933,2649,474,957,2928,2551,1565,1073741824,3134,3082,-2475,72,72,2013/03/13
4,2013/03/14,561,2055,297,579,2346,1758,1007,1073741824,2297,5245,14338,200,73,2013/03/14
4,2013/03/22,919,2400,481,886,3040,2499,1680,1073741824,2489,389,-1976,136,86,2013/03/27
4,2013/03/30,1071,2616,556,1036,3051,2791,1907,1073741824,2410,1803,-954,136,95,2013/04/05
4,2013/04/07,897,2664,462,871,2983,2619,1608,1073741824,2908,5607,-378,200,99,2013/04/09
4,2013/04/15,1004,2246,528,980,2246,2245,1544,1075838976,1881,1074,17802,72,109,2013/04/19
4,2013/04/23,895,1862,447,896,2180,1909,1234,1073741824,1948,408,697,73,118,2013/04/28
4,2013/05/01,1161,2770,598,1109,3052,2845,1926,1073741824,2075,1866,1685,73,127,2013/05/07
4,2013/05/09,876,1973,446,910,2324,1958,1205,1073741824,1946,482,2829,73,134,2013/05/14
4,2013/05/17,1109,2665,562,1066,2896,2396,1500,1073741824,2132,1885,2805,137,143,2013/05/23
4,2013/05/25,856,2414,442,897,2793,2166,1283,1073741824,2327,3109,3008,73,152,2013/06/01
4,2013/06/02,789,2072,411,879,2209,1769,1111,1073741824,2239,1857,3300,73,159,2013/06/08
4,2013/06/10,886,2573,446,925,2605,2102,1179,1073741824,2523,4133,3114,137,161,2013/06/10
4,2013/06/18,1696,2919,1647,1813,2732,2263,1472,1073741824,1791,3538,-13909,1801,171,2013/06/20
4,2013/06/26,652,2657,337,775,2523,1832,966,1073741824,2219,454,3851,72,182,2013/07/01
4,2013/07/04,1347,3210,1126,1495,3115,2273,1335,1073741824,1829,3519,-14251,8205,187,2013/07/06
4,2013/07/12,436,2681,233,569,2538,1570,691,1073741824,1690,4441,-14242,73,194,2013/07/13
4,2013/07/20,1590,3592,1648,1794,3233,2126,1052,1073741824,1791,3491,-15021,1801,203,2013/07/22
4,2013/07/28,1041,3026,805,1177,2884,2052,1093,1073741824,2168,461,2064,1801,214,2013/08/02
4,2013/08/05,1406,3806,1345,1639,3489,2495,1372,1073741824,2739,4972,1519,1033,218,2013/08/06
4,2013/08/13,1311,3889,1099,1487,3573,2675,1692,1073741824,2409,3091,592,1033,232,2013/08/20
4,2013/08/21,382,2678,217,542,2441,1433,553,1073741824,1265,5854,16870,141,240,2013/08/28
4,2013/08/29,731,2616,397,867,2646,1793,903,1073741824,2144,408,-1144,1290,246,2013/09/03
4,2013/09/06,694,3486,356,897,3189,2136,983,1073741824,2735,4952,-872,201,250,2013/09/07
4,2013/09/14,1734,3408,1464,1826,3577,2445,1501,1075838976,2039,2403,15193,1033,260,2013/09/17
4,2013/09/22,1240,2545,1104,1352,2613,1938,1244,1073741824,2327,1038,14438,1033,269,2013/09/26
4,2013/09/30,491,1907,246,612,1836,1237,621,1073741824,2636,453,-3443,136,278,2013/10/05
4,2013/10/08,604,2180,302,694,2050,1506,856,1073741824,2720,983,13701,136,285,2013/10/12
4,2013/10/16,498,2121,260,626,2126,1362,703,1073741824,3280,3156,-4392,136,296,2013/10/23
4,2013/10/24,580,2132,275,667,2160,1437,757,1073741824,3377,1903,-4871,136,303,2013/10/30
4,2013/11/01,417,1535,229,504,1549,982,523,1073741824,3299,2339,12421,136,308,2013/11/04
4,2013/11/09,588,1672,296,641,1678,1202,658,1073741824,3601,992,12263,138,317,2013/11/13
4,2013/11/17,563,1966,290,609,2095,1458,781,1073741824,3710,2358,12031,136,324,2013/11/20
4,2013/11/25,690,2239,364,754,2126,1624,842,1073741824,4124,1867,-5270,72,335,2013/12/01
4,2013/12/03,688,1962,338,734,2202,1543,874,1073741824,4168,453,-5511,136,342,2013/12/08
4,2013/12/11,623,2028,322,640,2116,1562,822,1073741824,4049,3528,12028,200,347,2013/12/13
4,2013/12/19,672,2271,357,711,2236,1835,1089,1073741824,4311,408,-5464,136,358,2013/12/24
4,2013/12/27,678,2187,346,715,2186,1704,940,1073741824,4251,1065,12358,136,365,2013/12/31
5,2013/01/01,714,2477,360,782,2913,1925,1068,1073741824,4463,3072,-4733,136,8,2013/01/08
5,2013/01/09,734,2225,357,708,2566,1971,1159,1073741824,4185,1074,12646,72,13,2013/01/13
5,2013/01/17,730,2216,392,744,2782,1913,1156,1073741824,4153,399,-4431,136,22,2013/01/22
5,2013/01/25,695,2324,343,742,2783,1917,1091,1073741824,3948,1056,13128,200,29,2013/01/29
5,2013/02/02,735,2149,324,800,2391,1719,909,1073741824,3846,426,-4316,200,38,2013/02/07
5,2013/02/10,698,2106,377,728,2403,1836,1075,1073741824,3576,1029,13600,200,45,2013/02/14
5,2013/02/18,797,2065,424,840,2431,1800,1024,1073741824,3426,410,-2965,72,54,2013/02/23
5,2013/02/26,904,2212,543,901,2393,2058,1392,1073741824,3110,1074,14303,136,61,2013/03/02
5,2013/03/06,882,2547,481,915,2867,2388,1402,1073741824,3134,3044,-2476,72,72,2013/03/13
5,2013/03/14,707,1904,379,711,2255,1730,1027,1073741824,2446,3585,14901,202,75,2013/03/16
5,2013/03/22,871,2364,464,862,2709,2335,1458,1073741824,2488,344,-1865,136,86,2013/03/27
5,2013/03/30,1373,3010,654,1187,3771,3250,2269,1073741824,2407,1757,-946,136,95,2013/04/05
5,2013/04/07,1140,2961,591,1075,3314,2968,1910,1073741824,2903,5585,-462,200,99,2013/04/09
5,2013/04/15,998,2420,518,917,2921,2417,1622,1073741824,1877,1120,17737,72,109,2013/04/19
5,2013/04/23,980,2491,514,950,2844,2504,1597,1073741824,1942,362,782,73,118,2013/04/28
5,2013/05/01,1409,3131,712,1228,3826,3342,2301,1073741824,2067,1820,1692,73,127,2013/05/07
5,2013/05/09,1094,2689,553,1031,3015,2618,1714,1073741824,1938,438,2982,73,134,2013/05/14
5,2013/05/17,1511,2820,1038,1480,3269,2810,1849,1073741824,1833,1028,-15334,8205,141,2013/05/21
5,2013/05/25,1001,2266,535,973,2481,2096,1343,1073741824,1745,2403,-14615,137,148,2013/05/28
5,2013/06/02,1053,2358,528,1033,2700,2235,1324,1073741824,2229,1811,3316,73,159,2013/06/08
5,2013/06/10,1083,2756,523,1048,2777,2193,1283,1073741824,2420,3063,3228,137,168,2013/06/17
5,2013/06/18,1484,2812,1341,1566,2956,2251,1440,1073741824,1782,3566,-13939,1801,171,2013/06/20
5,2013/06/26,884,2582,445,905,2508,1978,1335,1073741824,2210,410,4013,73,182,2013/07/01
5,2013/07/04,909,1999,935,988,1815,929,352,1073741824,1567,5235,-13643,1801,185,2013/07/04
5,2013/07/12,766,2377,372,747,2309,1755,931,1073741824,1680,4470,-14271,73,194,2013/07/13
5,2013/07/20,1776,3734,1766,1955,3444,2408,1399,1075838976,1782,3529,-15054,1801,203,2013/07/22
5,2013/07/28,1174,2848,795,1220,2829,1958,1022,1073741824,2160,417,2181,1033,214,2013/08/02
5,2013/08/05,1075,2933,1042,1190,2786,2173,1266,1073741824,1419,5246,-15914,1289,217,2013/08/05
5,2013/08/13,1355,3325,974,1409,2931,2041,1001,1073741824,2110,382,1189,1545,230,2013/08/18
5,2013/08/21,982,3134,702,1090,2882,2009,1075,1073741824,1963,1092,-17984,1545,237,2013/08/25
5,2013/08/29,3391,4786,2802,3392,4433,4373,3068,1073741824,2141,362,-1060,1289,246,2013/09/03
5,2013/09/06,1172,3620,964,1357,3633,2406,1253,1073741824,2730,4921,-892,8205,250,2013/09/07
5,2013/09/14,1785,3595,1545,1882,3418,2570,1563,1073741824,2040,2440,15340,1289,260,2013/09/17
5,2013/09/22,1016,2368,498,996,2053,1418,758,1073741824,2329,1084,14376,73,269,2013/09/26
5,2013/09/30,603,1858,287,598,1642,1088,575,1073741824,2161,4500,13481,136,274,2013/10/01
5,2013/10/08,639,2186,382,628,2067,1267,647,1073741824,2297,5235,12674,202,281,2013/10/08
5,2013/10/16,715,2828,347,789,2664,1917,1033,1073741824,3284,3119,-4391,136,296,2013/10/23
5,2013/10/24,769,2237,395,805,2137,1441,765,1073741824,3174,1001,12740,200,301,2013/10/28
5,2013/11/01,654,2356,328,682,2203,1590,874,1073741824,3304,2385,12383,136,308,2013/11/04
5,2013/11/09,727,2226,376,709,2213,1688,1001,1073741824,3438,3547,12007,138,315,2013/11/11
5,2013/11/17,2947,3663,2649,2958,3623,3280,2525,1073741824,3884,416,-5519,1033,326,2013/11/22
5,2013/11/25,739,2610,370,787,2919,1903,1037,1075838976,4129,1821,-5279,72,335,2013/12/01
5,2013/12/03,752,2325,384,831,2269,1517,818,1073741824,4173,399,-5392,136,342,2013/12/08
5,2013/12/11,652,2225,324,678,2164,1598,874,1073741824,4055,3566,12002,200,347,2013/12/13
5,2013/12/19,683,2368,346,761,2543,1649,921,1073741824,4317,363,-5346,72,358,2013/12/24
5,2013/12/27,725,2279,363,755,2276,1717,987,1073741824,4257,1110,12733,136,365,2013/12/31
6,2013/01/01,897,2650,501,910,3171,2233,1301,1073741824,4436,2951,-4800,136,8,2013/01/08
6,2013/01/09,939,2246,524,896,2814,2031,1282,1073741824,4159,1218,12854,72,13,2013/01/13
6,2013/01/17,910,2215,521,877,2689,2061,1242,1073741824,3997,2550,12912,136,20,2013/01/20
6,2013/01/25,830,2272,440,880,2505,1805,1027,1073741824,4062,1684,-4249,200,31,2013/01/31
6,2013/02/02,896,2227,452,868,2688,2299,1410,1073741824,3819,267,-3218,200,38,2013/02/07
6,2013/02/10,809,2087,389,776,2741,2181,1385,1073741824,3550,1182,13825,200,45,2013/02/14
6,2013/02/18,925,2178,460,851,2695,2354,1530,1073741824,3401,254,-3384,136,54,2013/02/23
6,2013/02/26,836,2059,449,801,2508,2050,1329,1073741824,3086,1218,14519,136,61,2013/03/02
6,2013/03/06,886,2780,424,875,3281,2589,1606,1073741824,3432,3998,-2601,200,65,2013/03/06
6,2013/03/14,532,2008,186,529,2377,1986,1166,1073741824,2420,3708,14845,206,75,2013/03/16
6,2013/03/22,939,2337,492,900,2691,2407,1564,1073741824,2466,190,-178,136,86,2013/03/27
6,2013/03/30,1142,2680,595,1040,3099,2887,1882,1073741824,2388,1611,-1055,136,95,2013/04/05
6,2013/04/07,1016,2812,490,954,3426,2872,1766,1073741824,2888,5532,-454,200,99,2013/04/09
6,2013/04/15,895,2365,480,869,2616,2290,1497,1073741824,1861,1273,17999,72,109,2013/04/19
6,2013/04/23,2711,4056,2157,2601,4244,4200,3020,1073741824,2217,2923,1150,1033,120,2013/04/30
6,2013/05/01,1257,3058,673,1173,3536,2893,1889,1073741824,2058,1676,1921,73,127,2013/05/07
6,2013/05/09,1243,3159,619,1157,3641,2919,1860,1073741824,2228,2997,2272,73,136,2013/05/16
6,2013/05/17,1198,3223,606,1138,3626,2847,1778,1073741824,2120,1702,2772,137,143,2013/05/23
6,2013/05/25,897,2412,458,839,2700,2279,1384,1073741824,1745,2541,-14443,73,148,2013/05/28
6,2013/06/02,944,2984,658,1007,2953,2186,1190,1073741824,1948,1218,-14286,8205,157,2013/06/06
6,2013/06/10,973,3067,523,1008,3164,2345,1314,1073741824,2419,2942,3381,137,168,2013/06/17
6,2013/06/18,2516,3640,2591,2650,3899,3056,2068,1073741824,1784,3680,-13810,1033,171,2013/06/20
6,2013/06/26,965,2878,506,967,2856,2350,1411,1073741824,2208,245,3656,72,182,2013/07/01
6,2013/07/04,1274,4054,1146,1440,3991,2794,1459,1073741824,2762,4881,2807,1033,186,2013/07/05
6,2013/07/12,506,2207,276,593,2018,1513,742,1073741824,1679,4569,-14246,73,194,2013/07/13
6,2013/07/20,1538,3273,1561,1703,3143,2434,1376,1073741824,1778,3642,-14926,1033,203,2013/07/22
6,2013/07/28,1391,3199,1094,1486,3182,2473,1410,1073741824,2152,255,1591,1033,214,2013/08/02
6,2013/08/05,883,2234,607,939,2244,1749,899,1073741824,1976,1218,-16603,8205,221,2013/08/09
6,2013/08/13,1823,3800,1536,1915,4077,2706,1573,1073741824,2098,227,704,1033,230,2013/08/18
6,2013/08/21,626,2608,412,680,2552,1745,895,1073741824,1245,5921,16910,8205,240,2013/08/28
6,2013/08/29,1022,2754,775,1102,2787,2122,1198,1073741824,2121,203,156,8205,246,2013/09/03
6,2013/09/06,1832,3612,1709,2022,3648,2714,1628,1073741824,2712,4841,-804,1289,250,2013/09/07
6,2013/09/14,1502,3081,1262,1575,2923,2380,1528,1073741824,2015,2578,15266,1033,260,2013/09/17
6,2013/09/22,994,2432,587,980,2219,1794,1107,1073741824,2304,1227,14602,138,269,2013/09/26
6,2013/09/30,482,2098,234,572,1782,1147,501,1073741824,2134,4588,13439,140,274,2013/10/01
6,2013/10/08,630,1919,322,679,1831,1440,820,1073741824,2696,1191,13354,200,285,2013/10/12
6,2013/10/16,576,1766,288,620,1708,1366,693,1073741824,3257,2998,-4307,136,296,2013/10/23
6,2013/10/24,699,1899,356,710,1987,1611,932,1073741824,3353,1712,-4698,136,303,2013/10/30
6,2013/11/01,777,1648,383,729,1340,1267,769,1075838976,3277,2523,12275,72,308,2013/11/04
6,2013/11/09,817,2081,436,796,2036,1712,956,1073741824,3580,1191,12406,136,317,2013/11/13
6,2013/11/17,981,1919,700,950,2081,1742,958,1073741824,3690,2532,12066,8204,324,2013/11/20
6,2013/11/25,779,2438,365,793,2495,2066,1212,1073741824,4102,1675,-5394,72,335,2013/12/01
6,2013/12/03,702,1677,355,706,1680,1377,814,1073741824,3994,2551,12114,136,340,2013/12/06
6,2013/12/11,690,2436,348,766,2638,1905,1095,1073741824,4315,1649,-5111,72,351,2013/12/17
6,2013/12/19,822,2368,419,819,2265,1992,1271,1075838976,4289,205,-4079,136,358,2013/12/24
6,2013/12/27,727,2368,352,784,2327,1834,1025,1073741824,4230,1263,12517,136,365,2013/12/31
7,2013/01/01,903,2274,494,899,2546,2141,1283,1073741824,4420,2738,-4783,136,8,2013/01/08
7,2013/01/09,729,1887,373,757,2221,1646,950,1073741824,4283,1421,-4836,72,15,2013/01/15
7,2013/01/17,654,1687,363,697,2059,1359,667,1073741824,4111,27,11404,136,22,2013/01/22
7,2013/01/25,547,2171,275,673,667,1629,729,1075576832,3906,1463,13175,200,29,2013/01/29
7,2013/02/02,594,2331,319,709,2413,1740,873,1073741824,3802,21,-10200,136,38,2013/02/07
7,2013/02/10,449,2197,242,600,2256,1491,755,1073741824,3533,1427,13704,200,45,2013/02/14
7,2013/02/18,509,2497,269,637,2527,1727,894,1073741824,3381,37,6561,72,54,2013/02/23
7,2013/02/26,493,2962,286,678,2645,1735,799,1073741824,3065,1472,14391,136,61,2013/03/02
7,2013/03/06,604,3771,299,829,3613,2414,1177,1073741824,3088,2710,-2515,136,72,2013/03/13
7,2013/03/14,192,3380,72,395,3203,1900,726,1073741824,2255,5454,14274,204,73,2013/03/14
7,2013/03/22,651,2915,303,766,2870,2105,1037,1073741824,2443,71,16881,136,86,2013/03/27
7,2013/03/30,498,2795,247,619,2647,1734,814,1073741824,1918,3889,16019,136,91,2013/04/01
7,2013/04/07,875,3756,463,1000,3632,2653,1282,1073741824,2862,5415,-441,200,99,2013/04/09
7,2013/04/15,1043,3021,534,1018,3286,2770,1598,1075838976,2107,1376,542,72,111,2013/04/21
7,2013/04/23,887,3063,387,918,3269,2645,1552,1073741824,1905,56,-15103,8205,118,2013/04/28
7,2013/05/01,1244,3345,665,1164,4086,3386,2141,1073741824,2034,1438,1745,73,127,2013/05/07
7,2013/05/09,1095,2497,582,988,2629,2428,1341,1075838976,1907,49,9045,8205,134,2013/05/14
7,2013/05/17,3866,4973,3363,3859,5352,4783,3457,1073741824,1806,1427,-15129,1033,141,2013/05/21
7,2013/05/25,1108,2866,588,1005,3576,3137,2101,1073741824,2291,2738,3070,73,152,2013/06/01
7,2013/06/02,1285,3047,655,1198,3476,3324,2120,1073741824,2580,4731,2816,141,154,2013/06/03
7,2013/06/10,1368,3012,907,1309,3650,3134,2095,1073741824,2396,2738,3296,1545,168,2013/06/17
7,2013/06/18,2527,3880,2265,2593,4043,3435,2064,1073741824,2296,1421,3573,1801,175,2013/06/24
7,2013/06/26,810,2864,411,824,3241,2566,1517,1073741824,2853,5437,2926,137,179,2013/06/28
7,2013/07/04,1011,2442,820,1010,2801,2288,1428,1073741824,1797,3842,-14038,1033,187,2013/07/06
7,2013/07/12,1224,2398,1182,1301,2588,2437,1562,1073741824,1658,4707,-14138,1033,194,2013/07/13
7,2013/07/20,1222,2651,900,1225,2825,2160,1291,1073741824,2299,1457,2547,1033,207,2013/07/26
7,2013/07/28,1090,2560,713,1095,2757,2146,1142,1073741824,2127,12,15033,1289,214,2013/08/02
7,2013/08/05,1092,2469,835,1168,2527,1992,1118,1073741824,1951,1463,-16358,8205,221,2013/08/09
7,2013/08/13,1748,2929,1560,1850,2773,1892,999,1073741824,2071,44,14913,1801,230,2013/08/18
7,2013/08/21,1234,2936,1006,1361,2786,2313,1530,1073741824,2216,1402,-142,1289,239,2013/08/27
7,2013/08/29,716,2938,537,896,2629,1854,946,1073741824,2097,56,-17000,1289,246,2013/09/03
7,2013/09/06,830,2974,805,1038,2761,1797,874,1073741824,2019,1499,16328,1033,253,2013/09/10
7,2013/09/14,930,3521,844,1191,3076,2180,1075,1073741824,2551,2719,-2346,8205,264,2013/09/21
7,2013/09/22,285,2975,142,482,2917,1584,602,1075838976,2028,3870,14231,76,267,2013/09/24
7,2013/09/30,488,3679,315,727,3132,1959,945,1073741824,2118,4737,13347,204,274,2013/10/01
7,2013/10/08,367,3181,193,589,2877,1588,685,1073741824,2681,1436,13563,136,285,2013/10/12
7,2013/10/16,428,3070,236,625,2663,1688,758,1073741824,3014,47,-4757,72,294,2013/10/21
7,2013/10/24,548,3264,281,734,2974,1943,927,1073741824,3339,1475,-4913,72,303,2013/10/30
7,2013/11/01,522,2907,271,663,2689,1714,781,1073741824,3266,2735,12345,72,308,2013/11/04
7,2013/11/09,735,2739,391,786,2997,2056,1033,1073741824,3567,1445,12265,74,317,2013/11/13
7,2013/11/17,984,2928,501,910,3247,2691,1480,1073741824,3844,9,-13723,76,326,2013/11/22
7,2013/11/25,994,2691,458,889,3231,2846,1653,1073741824,4089,1430,-5310,72,335,2013/12/01
7,2013/12/03,962,2477,515,904,2900,2525,1502,1073741824,4134,16,12514,72,342,2013/12/08
7,2013/12/11,1027,2662,524,902,3170,3030,1824,1073741824,4302,1411,-5361,72,351,2013/12/17
7,2013/12/19,975,2392,485,847,3177,2670,1786,1073741824,4277,53,13627,72,358,2013/12/24
7,2013/12/27,872,2151,452,770,2551,2276,1523,1073741824,4359,1384,-5033,72,2,2013/01/02
8,2013/01/01,716,2109,372,783,2472,1666,937,1073741824,4440,3231,-4767,136,8,2013/01/08
8,2013/01/09,705,1966,347,713,2315,1545,934,1073741824,4159,874,12991,72,13,2013/01/13
8,2013/01/17,679,1990,341,726,2191,1503,841,1073741824,3997,2247,13004,136,20,2013/01/20
8,2013/01/25,691,2643,354,814,2793,1852,1001,1073741824,4069,2012,-4227,200,31,2013/01/31
8,2013/02/02,642,2308,329,761,2384,1593,778,1073741824,3827,616,-3797,200,38,2013/02/07
8,2013/02/10,540,2516,311,686,2592,1559,795,1073741824,3559,829,13913,200,45,2013/02/14
8,2013/02/18,740,2626,387,830,2732,1990,1087,1073741824,3413,606,-3523,136,54,2013/02/23
8,2013/02/26,539,2608,281,683,2423,1689,785,1073741824,3098,883,14693,136,61,2013/03/02
8,2013/03/06,635,3596,323,839,3295,2251,1090,1073741824,3131,3193,-2318,136,72,2013/03/13
8,2013/03/14,721,3768,356,962,3729,2493,1194,1073741824,3337,5023,-2052,200,74,2013/03/15
8,2013/03/22,795,2941,431,864,2860,2102,1145,1073741824,2492,545,-1277,136,86,2013/03/27
8,2013/03/30,747,2699,413,812,2789,1953,1060,1073741824,1964,3472,16112,136,91,2013/04/01
8,2013/04/07,770,3988,416,967,3704,2596,1244,1073741824,2921,5672,-332,200,99,2013/04/09
8,2013/04/15,828,2440,420,838,2427,1717,948,1073741824,1897,928,-17895,72,109,2013/04/19
8,2013/04/23,917,2559,506,920,2821,2467,1498,1073741824,2257,3202,1195,73,120,2013/04/30
8,2013/05/01,1079,3006,583,1055,2755,2539,1572,1075838976,2100,1994,1908,73,127,2013/05/07
8,2013/05/09,930,2758,463,953,2667,2123,1199,1073741824,2271,3268,2300,73,136,2013/05/16
8,2013/05/17,921,2306,648,1006,2217,1798,1060,1073741824,1874,829,-14968,1033,141,2013/05/21
8,2013/05/25,640,2593,330,761,2539,1769,900,1073741824,1789,2239,-14620,73,148,2013/05/28
8,2013/06/02,539,2279,290,597,2134,1655,910,1073741824,1451,5163,-13494,137,153,2013/06/02
8,2013/06/10,642,2746,321,763,2646,1702,860,1073741824,2186,579,3488,74,166,2013/06/15
8,2013/06/18,2010,4046,1873,2240,3532,2223,1252,1073741824,2364,1994,3404,1801,175,2013/06/24
8,2013/06/26,602,3129,315,760,2621,1730,796,1073741824,2254,606,3452,72,182,2013/07/01
8,2013/07/04,1006,4378,669,1241,3815,2698,1365,1073741824,2804,5053,2906,8206,186,2013/07/05
8,2013/07/12,1027,3528,1028,1255,3201,2020,1070,1073741824,1725,4362,-14221,1033,194,2013/07/13
8,2013/07/20,1966,4402,1743,2144,4001,3084,1970,1073741824,2368,2031,2425,1033,207,2013/07/26
8,2013/07/28,926,3209,440,980,3204,2125,1126,1073741824,2195,609,2545,137,214,2013/08/02
8,2013/08/05,394,2636,8,440,2515,1664,809,1073741824,1454,5163,-15785,8205,217,2013/08/05
8,2013/08/13,1626,3763,1385,1755,3811,2723,1634,1073741824,2594,4230,1211,1033,225,2013/08/13
8,2013/08/21,991,3246,510,1069,3148,2286,1151,1073741824,2277,1967,105,74,239,2013/08/27
8,2013/08/29,863,2914,448,934,2961,2115,1125,1073741824,2152,552,-505,73,246,2013/09/03
8,2013/09/06,1514,3174,1398,1652,3323,2396,1328,1073741824,2745,5033,-750,1545,250,2013/09/07
8,2013/09/14,1577,2411,1423,1664,2186,1678,1014,1073741824,2595,3203,-2150,1033,264,2013/09/21
8,2013/09/22,1252,1664,1169,1281,1656,1449,982,1073741824,2058,3444,14467,1033,267,2013/09/24
8,2013/09/30,385,1090,207,412,978,616,275,1073741824,2139,4392,13561,136,274,2013/10/01
8,2013/10/08,571,1177,285,628,998,654,260,1073741824,2702,848,13434,200,285,2013/10/12
8,2013/10/16,392,967,167,465,838,525,200,1073741824,3264,3269,-4246,8204,296,2013/10/23
8,2013/10/24,519,1361,307,628,1256,862,418,1073741824,3356,2040,-4683,136,303,2013/10/30
8,2013/11/01,704,1741,349,720,1542,1130,659,1073741824,3273,2220,12354,136,308,2013/11/04
8,2013/11/09,693,1755,485,806,1535,1032,517,1073741824,3764,2022,-5086,1288,319,2013/11/15
8,2013/11/17,819,1649,654,926,1450,990,531,1073741824,3684,2229,12162,1546,324,2013/11/20
8,2013/11/25,643,1462,315,707,1309,789,353,1073741824,4100,2003,-5368,72,335,2013/12/01
8,2013/12/03,750,1678,384,814,1383,934,456,1075838976,4142,590,-5034,136,342,2013/12/08
8,2013/12/11,733,1606,365,732,1498,983,521,1073741824,4021,3434,12126,200,347,2013/12/13
8,2013/12/19,848,1893,416,835,2059,1463,818,1073741824,4288,553,-4925,136,358,2013/12/24
8,2013/12/27,798,1832,393,788,1954,1470,850,1073741824,4228,920,12577,200,365,2013/12/31
9,2013/01/01,937,2348,505,878,2992,2238,1479,1073741824,4413,2877,-4716,136,8,2013/01/08
9,2013/01/09,1319,2916,714,1301,3591,2759,1821,1073741824,4579,4821,-4485,202,10,2013/01/10
9,2013/01/17,998,2457,547,933,3194,2377,1587,1073741824,4432,3950,-4441,136,17,2013/01/17
9,2013/01/25,526,2284,363,310,2762,1885,1069,1073741824,3459,5943,12658,202,32,2013/02/01
9,2013/02/02,733,2160,159,654,2780,2157,1481,1073741824,3798,173,-4184,200,38,2013/02/07
9,2013/02/10,809,2008,412,799,2362,1947,1274,1073741824,3528,1273,14051,200,45,2013/02/14
9,2013/02/18,982,2649,494,935,6188,2496,1551,1075576832,3545,2877,-3102,201,56,2013/02/25
9,2013/02/26,971,2937,505,980,3169,2763,1653,1073741824,3727,4821,-2883,200,58,2013/02/27
9,2013/03/06,1035,2802,535,983,3327,2678,1769,1073741824,3093,2849,-2406,136,72,2013/03/13
9,2013/03/14,360,2026,159,338,2307,1847,1115,1073741824,2253,5381,14332,8206,73,2013/03/14
9,2013/03/22,1047,2214,565,948,2742,2448,1818,1073741824,2450,92,-1246,136,86,2013/03/27
9,2013/03/30,1084,2854,563,1025,3186,2794,1861,1073741824,2374,1521,-837,136,95,2013/04/05
9,2013/04/07,1027,2853,617,1027,3461,2685,1732,1073741824,2877,5489,-379,200,99,2013/04/09
9,2013/04/15,1022,2328,517,913,2714,2560,1765,1073741824,1852,1363,-17777,72,109,2013/04/19
9,2013/04/23,1396,1827,1385,1433,1812,1535,984,1073741824,1639,2671,-17126,1034,116,2013/04/26
9,2013/05/01,1223,2897,628,1125,3202,2967,2110,1073741824,2056,1584,1862,73,127,2013/05/07
9,2013/05/09,1156,2516,680,1086,2878,2481,1716,1073741824,1933,193,1598,8205,134,2013/05/14
9,2013/05/17,1225,2775,659,1129,3217,2808,1924,1073741824,2122,1612,2998,137,143,2013/05/23
9,2013/05/25,1126,2700,632,1037,3189,2662,1865,1073741824,2319,2877,3137,73,152,2013/06/01
9,2013/06/02,1171,2646,638,1082,2898,2679,1795,1073741824,2232,1575,3482,73,159,2013/06/08
9,2013/06/10,884,2614,469,887,2725,2325,1549,1073741824,2146,135,5573,138,166,2013/06/15
9,2013/06/18,1357,3129,1225,1502,3116,2392,1256,1073741824,2703,4810,3107,1033,170,2013/06/19
9,2013/06/26,710,3184,376,831,3318,2249,1264,1073741824,2882,5521,2897,138,179,2013/06/28
9,2013/07/04,1376,3598,1321,1547,3800,2679,1499,1073741824,2764,4831,2893,1033,186,2013/07/05
9,2013/07/12,583,2232,325,617,2440,1802,1032,1073741824,1685,4618,-14135,73,194,2013/07/13
9,2013/07/20,1009,2981,1112,1156,3000,2094,1138,1073741824,1523,5339,-14327,1033,201,2013/07/20
9,2013/07/28,1309,2686,1069,1365,2729,2233,1397,1073741824,2151,157,3043,1033,214,2013/08/02
9,2013/08/05,806,2416,568,817,2564,1895,1111,1073741824,1412,5360,-15667,8205,217,2013/08/05
9,2013/08/13,1768,3341,1505,1821,3519,2475,1427,1073741824,2091,135,2704,1033,230,2013/08/18
9,2013/08/21,1145,2363,1160,1214,2411,2141,1399,1073741824,1229,5966,16964,1033,240,2013/08/28
9,2013/08/29,947,2684,511,961,2879,2230,1438,1073741824,2109,110,-821,73,246,2013/09/03
9,2013/09/06,1362,2911,1255,1505,2815,2191,1230,1073741824,2701,4801,-808,1545,250,2013/09/07
9,2013/09/14,1221,2333,1022,1283,2547,1967,1330,1073741824,1997,2652,15389,1033,260,2013/09/17
9,2013/09/22,654,2165,356,670,2059,1688,1057,1073741824,2025,3766,14294,141,267,2013/09/24
9,2013/09/30,500,1808,273,528,1751,1267,753,1073741824,2111,4648,13408,8204,274,2013/10/01
9,2013/10/08,688,1935,334,711,1909,1689,1167,1073741824,2674,1281,13547,200,285,2013/10/12
9,2013/10/16,748,2151,364,777,2088,1700,1088,1073741824,3236,2933,-4344,136,296,2013/10/23
9,2013/10/24,542,1706,265,592,1672,1225,780,1073741824,2931,3699,12335,200,299,2013/10/26
9,2013/11/01,707,1953,384,690,1969,1655,1151,1073741824,3253,2606,12366,72,308,2013/11/04
9,2013/11/09,966,2191,619,984,2320,1723,1059,1073741824,3741,1611,-5233,1546,319,2013/11/15
9,2013/11/17,855,2665,722,1055,2573,1752,937,1073741824,4153,5522,-4706,8206,323,2013/11/19
9,2013/11/25,703,2261,355,750,2165,1767,1197,1073741824,4078,1585,-5222,72,335,2013/12/01
9,2013/12/03,839,2194,410,815,2383,1854,1302,1073741824,4122,147,-4823,136,342,2013/12/08
9,2013/12/11,1166,2616,701,1191,2776,2065,1434,1073741824,4292,1566,-5260,72,351,2013/12/17
9,2013/12/19,854,2020,433,811,2098,1718,1210,1073741824,4266,110,-4887,136,358,2013/12/24
9,2013/12/27,964,2110,514,900,2442,1947,1359,1073741824,4350,1539,-4938,136,2,2013/01/02
10,2013/01/01,908,2471,469,885,3068,2363,1669,1073741824,4403,2674,-4736,136,8,2013/01/08
10,2013/01/09,549,1985,270,552,2353,1686,1113,1073741824,4006,3909,12572,200,11,2013/01/11
10,2013/01/17,762,2116,405,761,2646,2012,1264,1073741824,4094,101,11771,136,22,2013/01/22
10,2013/01/25,706,2135,385,732,2515,1964,1285,1073741824,3889,1527,13464,202,29,2013/01/29
10,2013/02/02,802,2121,417,801,2636,2005,1380,1073741824,3786,71,13819,136,38,2013/02/07
10,2013/02/10,692,1962,358,697,2463,1923,1329,1073741824,3516,1500,14002,200,45,2013/02/14
10,2013/02/18,1036,2433,539,947,3028,2480,1852,1073741824,3365,104,11270,136,54,2013/02/23
10,2013/02/26,554,1957,283,555,2371,1951,1248,1073741824,2906,3908,14077,200,59,2013/02/28
10,2013/03/06,1035,2783,553,984,3137,2883,2000,1073741824,3396,3778,-2660,200,65,2013/03/06
10,2013/03/14,781,3013,394,783,3646,2865,1823,1073741824,3277,4671,-2083,201,74,2013/03/15
10,2013/03/22,1041,2914,567,1003,3508,2854,1974,1073741824,2961,3759,-1720,138,81,2013/03/22
10,2013/03/30,1011,2721,540,972,3023,2686,1821,1073741824,2353,1294,-844,202,95,2013/04/05
10,2013/04/07,1348,2945,940,1324,3338,2561,1620,1073741824,2853,5384,-330,204,99,2013/04/09
10,2013/04/15,1001,2981,506,974,3292,2916,1926,1073741824,2100,1304,639,137,111,2013/04/21
10,2013/04/23,1220,3098,916,1249,3467,2760,1986,1073741824,1899,134,-16939,8205,118,2013/04/28
10,2013/05/01,936,3035,504,940,3373,2598,1639,1073741824,2475,4671,1349,137,122,2013/05/02
10,2013/05/09,968,2562,446,919,2770,2324,1567,1073741824,1907,59,-12845,73,134,2013/05/14
10,2013/05/17,1227,2838,1004,1307,3877,2435,1564,1075838976,2097,1385,3033,1033,143,2013/05/23
10,2013/05/25,993,3046,538,972,3484,2767,1779,1073741824,2294,2682,3153,73,152,2013/06/01
10,2013/06/02,1118,2304,1198,1194,2394,1824,1082,1073741824,1391,5476,-13394,1033,153,2013/06/02
10,2013/06/10,873,2705,451,906,2533,2146,1404,1075838976,2122,116,-16627,137,166,2013/06/15
10,2013/06/18,1329,3845,1404,1566,3465,2484,1320,1073741824,2962,5991,2919,1033,172,2013/06/21
10,2013/06/26,906,2794,470,917,2814,2373,1665,1073741824,2189,104,-17595,73,182,2013/07/01
10,2013/07/04,1936,2987,2007,2094,2899,2230,1477,1073741824,1801,3899,-14111,1033,187,2013/07/06
10,2013/07/12,508,2138,429,617,2104,1420,745,1073741824,1661,4747,-14108,1033,194,2013/07/13
10,2013/07/20,2983,4077,2755,3129,3878,2727,1587,1073741824,2300,1394,2297,1801,207,2013/07/26
10,2013/07/28,1235,3049,975,1321,3010,2426,1555,1073741824,2126,84,-17803,1289,214,2013/08/02
10,2013/08/05,1555,3455,1433,1719,3254,2602,1619,1073741824,1948,1536,-16382,1033,221,2013/08/09
10,2013/08/13,1453,3084,1233,1554,3064,2127,1286,1075838976,2065,124,16632,1033,230,2013/08/18
10,2013/08/21,1066,2874,896,1160,2813,2150,1221,1073741824,1913,1563,-17946,1545,237,2013/08/25
10,2013/08/29,2036,3063,1724,2027,3246,2585,1765,1073741824,2088,125,17158,1289,246,2013/09/03
10,2013/09/06,1097,2933,883,1169,3260,2433,1629,1073741824,2007,1572,16293,1033,253,2013/09/10
10,2013/09/14,1746,3367,1519,1863,3449,2524,1654,1073741824,2537,2655,-2300,1033,264,2013/09/21
10,2013/09/22,1130,2601,1134,1269,2473,1945,1312,1073741824,2012,3918,14356,1033,267,2013/09/24
10,2013/09/30,664,1532,770,756,1332,796,410,1073741824,2101,4777,13435,1290,274,2013/10/01
10,2013/10/08,741,2325,375,762,2639,2079,1552,1073741824,2665,1499,13504,138,285,2013/10/12
10,2013/10/16,1490,3571,1488,1737,3386,2655,1463,1073741824,3404,5437,-3672,8205,291,2013/10/18
10,2013/10/24,563,2230,303,600,2226,1746,1060,1073741824,2925,3861,12410,202,299,2013/10/26
10,2013/11/01,590,2228,319,612,2377,1871,1153,1073741824,3247,2800,12329,72,308,2013/11/04
10,2013/11/09,821,2422,538,872,2583,2015,1192,1073741824,3734,1384,-5260,1289,319,2013/11/15
10,2013/11/17,2391,3649,2044,2374,3882,3148,2534,1073741824,3827,71,11755,1034,326,2013/11/22
10,2013/11/25,723,2602,398,762,2657,2247,1391,1075838976,4071,1358,-5223,72,335,2013/12/01
10,2013/12/03,607,2176,328,625,2292,1875,1172,1073741824,3966,2827,12169,136,340,2013/12/06
10,2013/12/11,797,2455,433,792,2677,2232,1452,1073741824,4285,1339,-5282,72,351,2013/12/17
10,2013/12/19,809,2227,442,804,2461,2132,1484,1073741824,4258,134,12648,72,358,2013/12/24
10,2013/12/27,875,2347,470,846,2659,2282,1573,1073741824,4341,1312,-4986,136,2,2013/01/02
11,2013/01/01,709,3309,354,805,3490,2431,1236,1073741824,4385,2508,-4680,136,8,2013/01/08
11,2013/01/09,639,2474,353,670,3014,1922,1082,1073741824,4110,1736,12875,72,13,2013/01/13
11,2013/01/17,736,2473,365,736,3047,2160,1292,1073741824,4076,298,13816,136,22,2013/01/22
11,2013/01/25,778,2471,412,794,3033,2370,1342,1073741824,3871,1717,13317,200,29,2013/01/29
11,2013/02/02,936,3224,465,937,3995,3202,1767,1073741824,4337,5332,-3647,202,35,2013/02/04
11,2013/02/10,658,2264,370,701,2743,2125,1256,1073741824,3497,1690,13853,200,45,2013/02/14
11,2013/02/18,1045,3103,544,997,3731,3258,1961,1073741824,3509,2517,-3273,138,56,2013/02/25
11,2013/02/26,331,2094,208,320,2688,2075,1134,1073741824,2770,5561,13534,205,57,2013/02/26
11,2013/03/06,898,3234,480,915,3676,3096,1696,1073741824,3375,3636,-2619,200,65,2013/03/06
11,2013/03/14,1296,3392,970,1335,3955,3038,1861,1073741824,2729,1113,-1929,140,79,2013/03/20
11,2013/03/22,961,3476,509,997,3726,3116,1810,1073741824,2940,3617,-1797,136,81,2013/03/22
11,2013/03/30,1121,3169,565,1052,3712,3255,1955,1073741824,2332,1103,-1095,136,95,2013/04/05
11,2013/04/07,1560,4038,831,1433,5111,4258,2926,1073741824,2315,2452,-205,201,104,2013/04/14
11,2013/04/15,970,3270,505,993,3408,2738,1617,1073741824,2081,1112,417,72,111,2013/04/21
11,2013/04/23,846,2768,413,815,2851,2235,1238,1073741824,1595,3023,-17188,141,116,2013/04/26
11,2013/05/01,945,3854,488,1028,4210,3002,1627,1073741824,2013,1159,2052,1033,127,2013/05/07
11,2013/05/09,893,3370,431,925,3658,2655,1522,1073741824,1892,252,-15740,137,134,2013/05/14
11,2013/05/17,1571,3694,1308,1636,3801,3295,1965,1073741824,1793,1690,-14886,1033,141,2013/05/21
11,2013/05/25,1031,3491,534,1057,3856,2896,1910,1073741824,2280,2516,3067,137,152,2013/06/01
11,2013/06/02,1370,3204,931,1317,3446,2861,1764,1073741824,1917,1727,-14145,1033,157,2013/06/06
11,2013/06/10,1997,3785,1692,2065,3869,3431,2138,1073741824,2385,2498,3461,1033,168,2013/06/17
11,2013/06/18,619,1937,655,723,1829,1233,596,1073741824,1756,4043,-13653,8205,171,2013/06/20
11,2013/06/26,780,3185,393,842,3392,2371,1339,1073741824,2175,297,-14429,73,182,2013/07/01
11,2013/07/04,1506,2346,1511,1633,2239,1317,594,1073741824,2050,1699,-14520,1801,189,2013/07/08
11,2013/07/12,2343,3849,2297,2414,3525,3084,2002,1073741824,1648,4858,-14086,1033,194,2013/07/13
11,2013/07/20,1522,3972,1418,1720,3980,2524,1220,1073741824,2283,1194,2485,1545,207,2013/07/26
11,2013/07/28,1893,3469,1759,2111,3639,2742,1695,1073741824,2109,288,-15363,1033,214,2013/08/02
11,2013/08/05,1121,2376,1028,1223,2203,1544,872,1073741824,1930,1727,-16476,1801,221,2013/08/09
11,2013/08/13,2791,4583,2464,2862,5192,3808,2510,1073741824,2339,2489,592,1033,232,2013/08/20
11,2013/08/21,1438,3414,1246,1563,3455,2528,1438,1073741824,1893,1754,17947,1033,237,2013/08/25
11,2013/08/29,1149,2934,1314,1321,2685,2086,1174,1073741824,1479,4898,17033,1033,242,2013/08/30
11,2013/09/06,945,3469,768,1080,3340,2164,1048,1073741824,1986,1763,16168,8205,253,2013/09/10
11,2013/09/14,2792,3742,2706,2914,3785,2874,1782,1073741824,2517,2489,-2220,1033,264,2013/09/21
11,2013/09/22,396,2599,194,474,2434,1418,624,1073741824,1749,5571,13850,8205,265,2013/09/22
11,2013/09/30,3955,4766,3767,4035,4933,3757,2576,1073741824,2558,297,14349,1033,278,2013/10/05
11,2013/10/08,448,2593,222,573,2456,1640,849,1073741824,2646,1699,13357,136,285,2013/10/12
11,2013/10/16,626,3148,331,746,3056,2144,1155,1073741824,3205,2563,-4347,72,296,2013/10/23
11,2013/10/24,506,2844,255,652,2775,1680,776,1073741824,3099,1682,12554,202,301,2013/10/28
11,2013/11/01,449,2890,257,587,2824,1729,841,1073741824,3232,2967,12234,72,308,2013/11/04
11,2013/11/09,637,3680,343,836,3677,2382,1161,1073741824,4058,5925,-4422,201,316,2013/11/12
11,2013/11/17,923,3661,694,1120,3393,2398,1164,1073741824,3915,3674,-5049,1545,321,2013/11/17
11,2013/11/25,608,2942,301,703,2912,2065,1058,1073741824,4055,1167,-5475,72,335,2013/12/01
11,2013/12/03,536,2650,291,620,2789,1788,878,1073741824,3951,2995,12076,136,340,2013/12/06
11,2013/12/11,733,3289,353,880,3341,2392,1239,1073741824,4445,4582,-5012,200,346,2013/12/12
11,2013/12/19,643,2588,358,688,2748,2031,1111,1073741824,4241,343,12024,72,358,2013/12/24
11,2013/12/27,743,2759,382,779,2938,2270,1285,1073741824,4324,1114,-4799,72,2,2013/01/02
12,2013/01/01,686,2633,343,787,2895,1940,1108,1073741824,4416,3156,-4689,136,8,2013/01/08
12,2013/01/09,518,2165,265,609,2347,1589,864,1073741824,4135,974,12732,72,13,2013/01/13
12,2013/01/17,540,2484,288,615,2666,1796,1003,1073741824,3858,4451,12707,136,18,2013/01/18
12,2013/01/25,1239,3041,684,1259,3058,2457,1525,1073741824,4047,1930,-4078,200,31,2013/01/31
12,2013/02/02,782,2209,389,819,2433,1937,1189,1073741824,3806,534,-4313,136,38,2013/02/07
12,2013/02/10,661,2018,304,694,2102,1712,1064,1075576832,3537,929,13713,200,45,2013/02/14
12,2013/02/18,867,2062,420,844,2316,1876,1205,1073741824,3392,517,-3103,136,54,2013/02/23
12,2013/02/26,733,2424,395,749,2666,2345,1403,1073741824,2930,3491,14224,200,59,2013/02/28
12,2013/03/06,916,2384,482,921,2540,2147,1384,1073741824,3115,3137,-2371,136,72,2013/03/13
12,2013/03/14,1041,2583,556,1043,2943,2336,1558,1073741824,2793,1875,-2051,72,79,2013/03/20
12,2013/03/22,865,2127,449,869,2583,1989,1272,1073741824,2476,453,-1827,72,86,2013/03/27
12,2013/03/30,763,1777,368,744,1922,1630,1034,1073741824,1948,3538,16225,136,91,2013/04/01
12,2013/04/07,1091,2126,972,1197,2194,1454,762,1073741824,2133,446,191,1545,102,2013/04/12
12,2013/04/15,922,2597,473,926,2229,2133,1414,1075838976,1888,1020,17975,72,109,2013/04/19
12,2013/04/23,955,3010,542,1026,2967,2328,1372,1073741824,2254,3138,1310,137,120,2013/04/30
12,2013/05/01,826,2723,419,912,2917,2082,1258,1073741824,2099,1921,1839,74,127,2013/05/07
12,2013/05/09,791,3248,384,933,3001,2247,1287,1073741824,2273,3203,2413,73,136,2013/05/16
12,2013/05/17,965,2907,693,1094,2768,2108,1215,1073741824,2168,1948,2936,1033,143,2013/05/23
12,2013/05/25,761,3158,389,892,2990,2180,1195,1073741824,2364,3165,3128,74,152,2013/06/01
12,2013/06/02,744,3044,370,870,2994,2013,1155,1073741824,2279,1911,3419,74,159,2013/06/08
12,2013/06/10,778,2854,411,866,2856,1943,1087,1073741824,2192,489,3954,8205,166,2013/06/15
12,2013/06/18,1031,2571,1026,1163,2461,1916,1230,1073741824,1837,3500,-13781,1033,171,2013/06/20
12,2013/06/26,584,3839,295,819,3439,2114,867,1075838976,2927,5672,2976,138,179,2013/06/28
12,2013/07/04,1600,3311,1484,1748,3454,2473,1601,1073741824,2808,5012,2907,1033,186,2013/07/05
12,2013/07/12,2327,3898,2244,2496,3937,2433,1335,1073741824,2957,5682,2574,1801,195,2013/07/14
12,2013/07/20,2254,3579,2694,2485,3206,2202,1154,1073741824,1385,5810,-14593,1801,208,2013/07/27
12,2013/07/28,1049,2815,696,1135,2808,2039,1211,1073741824,2195,516,2193,8205,214,2013/08/02
12,2013/08/05,1035,2153,1161,1204,2157,1631,979,1073741824,1455,5204,-15661,8205,217,2013/08/05
12,2013/08/13,1021,3157,784,1197,2949,2090,1053,1073741824,2591,4181,1197,1545,225,2013/08/13
12,2013/08/21,468,1971,240,490,1933,1555,857,1073741824,1260,5832,17140,137,240,2013/08/28
12,2013/08/29,750,2729,404,841,2653,1885,1016,1073741824,2141,471,-954,74,246,2013/09/03
12,2013/09/06,1321,3243,1218,1499,3110,2473,1319,1073741824,2734,4992,-752,1801,250,2013/09/07
12,2013/09/14,1654,2748,1469,1707,3224,1936,1191,1075838976,2016,2358,15348,1545,260,2013/09/17
12,2013/09/22,634,2307,335,700,2067,1456,806,1073741824,2037,3510,14439,72,267,2013/09/24
12,2013/09/30,452,2135,252,558,1868,1260,645,1073741824,2115,4450,13545,140,274,2013/10/01
12,2013/10/08,558,2057,288,684,1866,1298,731,1073741824,2680,929,13808,136,285,2013/10/12
12,2013/10/16,973,2978,619,1120,2670,2122,1249,1073741824,3432,5694,-3572,8206,291,2013/10/18
12,2013/10/24,582,1752,315,686,1658,1249,740,1073741824,3334,1966,-4799,200,303,2013/10/30
12,2013/11/01,591,1581,322,632,1527,1141,748,1073741824,3249,2293,12481,72,308,2013/11/04
12,2013/11/09,680,2029,361,766,1889,1382,834,1073741824,3552,938,12311,202,317,2013/11/13
12,2013/11/17,750,1776,571,836,1718,1300,792,1073741824,3660,2302,12285,8204,324,2013/11/20
12,2013/11/25,702,1934,369,762,2037,1456,837,1073741824,4076,1921,-5250,72,335,2013/12/01
12,2013/12/03,672,1995,352,722,1860,1512,939,1075838976,3964,2330,12100,136,340,2013/12/06
12,2013/12/11,660,2010,352,701,1958,1363,686,1073741824,3997,3500,12066,200,347,2013/12/13
12,2013/12/19,673,2067,340,778,1951,1475,828,1073741824,4264,471,-5513,136,358,2013/12/24
12,2013/12/27,660,2374,359,778,2474,1674,926,1073741824,4351,1875,-4964,136,2,2013/01/02
13,2013/01/01,832,3057,425,906,3053,2335,1317,1073741824,4407,2933,-4792,72,8,2013/01/08
13,2013/01/09,760,2396,397,793,2752,1881,1157,1073741824,4129,1245,12922,72,13,2013/01/13
13,2013/01/17,841,3043,432,921,3407,2302,1358,1073741824,4426,3988,-4382,136,17,2013/01/17
13,2013/01/25,356,2192,173,205,2525,1614,832,1073741824,3451,5921,12654,202,32,2013/02/01
13,2013/02/02,623,2079,303,677,2251,1779,1031,1073741824,3657,2560,13391,200,36,2013/02/05
13,2013/02/10,696,2068,362,732,2516,1827,1053,1073741824,3524,1209,13906,200,45,2013/02/14
13,2013/02/18,903,2381,476,955,2744,2069,1188,1073741824,3842,4017,-3298,200,49,2013/02/18
13,2013/02/26,503,1633,280,546,1747,1542,927,1073741824,2916,3699,14098,200,59,2013/02/28
13,2013/03/06,978,2486,505,977,2836,2356,1517,1073741824,3094,2905,-2322,136,72,2013/03/13
13,2013/03/14,721,2125,370,779,2282,1906,1196,1073741824,2575,1282,15597,200,77,2013/03/18
13,2013/03/22,847,2597,427,862,2932,2328,1428,1073741824,2452,161,-143,136,86,2013/03/27
13,2013/03/30,663,2306,339,697,2477,1896,1135,1073741824,1924,3747,16086,200,91,2013/04/01
13,2013/04/07,719,2631,351,770,2886,2027,1192,1073741824,1855,2624,17191,204,100,2013/04/10
13,2013/04/15,732,2757,362,772,2725,1837,1016,1073741824,1859,1300,-17849,136,109,2013/04/19
13,2013/04/23,1001,2827,513,994,3067,2334,1423,1073741824,1934,177,2269,141,118,2013/04/28
13,2013/05/01,916,3526,488,1030,3633,2542,1395,1073741824,2068,1658,2017,72,127,2013/05/07
13,2013/05/09,1049,3403,522,1075,3363,2702,1543,1073741824,2240,2979,2356,74,136,2013/05/16
13,2013/05/17,1041,2717,568,1037,2940,2228,1386,1073741824,2135,1675,2829,137,143,2013/05/23
13,2013/05/25,957,2806,503,968,3056,2285,1369,1073741824,2332,2932,3065,73,152,2013/06/01
13,2013/06/02,943,3028,560,1027,2900,2253,1263,1073741824,2247,1647,3306,8205,159,2013/06/08
13,2013/06/10,952,3049,525,1043,2896,2152,1239,1073741824,2529,3988,3179,137,161,2013/06/10
13,2013/06/18,2228,4285,2122,2444,3914,2934,1622,1073741824,2339,1647,3470,1801,175,2013/06/24
13,2013/06/26,644,3295,331,791,3235,2113,1085,1073741824,2227,218,3517,72,182,2013/07/01
13,2013/07/04,1139,3116,1283,1336,2942,1721,797,1073741824,1592,5339,-13480,1801,185,2013/07/04
13,2013/07/12,371,2929,170,531,2724,1764,807,1073741824,1699,4589,-14133,73,194,2013/07/13
13,2013/07/20,2109,4455,2110,2344,4406,2808,1442,1073741824,2778,4881,2450,1033,202,2013/07/21
13,2013/07/28,1075,3451,694,1175,3474,2521,1372,1073741824,2163,229,1401,8205,214,2013/08/02
13,2013/08/05,1105,2646,1023,1239,2417,1830,1023,1073741824,1422,5339,-15710,8205,217,2013/08/05
13,2013/08/13,1517,3581,1188,1666,3705,2768,1719,1073741824,2559,3988,1126,1033,225,2013/08/13
13,2013/08/21,626,2659,326,676,2462,1597,746,1073741824,1233,5944,17077,141,240,2013/08/28
13,2013/08/29,1167,2772,781,1184,2986,2310,1410,1073741824,2114,177,397,1289,246,2013/09/03
13,2013/09/06,1302,2838,1082,1353,3120,2461,1469,1073741824,2029,1282,16222,1033,253,2013/09/10
13,2013/09/14,1783,3151,1518,1826,3240,2441,1559,1073741824,1996,2606,15349,1033,260,2013/09/17
13,2013/09/22,790,1437,387,792,1356,1002,529,1073741824,2281,1264,14715,8206,269,2013/09/26
13,2013/09/30,1550,2148,1408,1593,1990,1645,1179,1073741824,2105,4618,13491,1034,274,2013/10/01
13,2013/10/08,731,1547,368,797,1536,1085,599,1073741824,2670,1209,13406,202,285,2013/10/12
13,2013/10/16,560,1187,275,620,1140,864,502,1073741824,3231,2988,-4428,136,296,2013/10/23
13,2013/10/24,567,991,310,621,877,610,310,1073741824,2923,3652,12432,200,299,2013/10/26
13,2013/11/01,635,1267,325,656,1460,961,542,1075838976,3245,2551,12302,72,308,2013/11/04
13,2013/11/09,675,1956,371,720,1914,1527,848,1073741824,3548,1218,12475,205,317,2013/11/13
13,2013/11/17,690,1784,385,654,1656,1371,736,1073741824,3507,4589,11818,206,322,2013/11/18
13,2013/11/25,772,1923,399,807,1850,1620,955,1073741824,4071,1657,-5401,72,335,2013/12/01
13,2013/12/03,626,1902,318,687,1905,1442,812,1073741824,3962,2578,12133,136,340,2013/12/06
13,2013/12/11,770,2597,415,857,2611,2102,1202,1073741824,4285,1630,-5118,72,351,2013/12/17
13,2013/12/19,654,2596,335,760,2207,1946,1073,1075838976,4258,179,-3874,136,358,2013/12/24
13,2013/12/27,883,2694,441,903,2920,2243,1365,1073741824,4344,1611,-5123,136,2,2013/01/02
14,2013/01/01,595,3263,289,772,3425,2044,925,1073741824,4368,2646,-4686,136,8,2013/01/08
14,2013/01/09,539,2723,253,659,3034,1763,833,1073741824,4090,1581,13014,72,13,2013/01/13
14,2013/01/17,750,2778,362,776,2905,2132,1128,1073741824,3928,2865,12981,136,20,2013/01/20
14,2013/01/25,794,2576,338,801,3122,2172,1214,1073741824,3854,1563,13462,200,29,2013/01/29
14,2013/02/02,687,2312,370,739,2605,1855,982,1073741824,3753,107,13386,136,38,2013/02/07
14,2013/02/10,442,2055,228,503,2258,1634,786,1073741824,3355,3909,13470,200,43,2013/02/12
14,2013/02/18,949,2450,476,931,2653,2113,1183,1073741824,3801,3787,-3353,204,49,2013/02/18
14,2013/02/26,564,1970,275,471,2304,1846,1029,1073741824,2756,5487,13628,201,57,2013/02/26
14,2013/03/06,856,2678,392,879,3073,2394,1390,1073741824,3053,2618,-2368,136,72,2013/03/13
14,2013/03/14,796,2818,410,864,3134,2344,1228,1073741824,2731,1275,-1999,1032,79,2013/03/20
14,2013/03/22,860,2780,465,909,3069,2385,1324,1073741824,2944,3730,-1631,136,81,2013/03/22
14,2013/03/30,857,2740,452,887,2944,2501,1473,1073741824,2873,4641,-987,136,90,2013/03/31
14,2013/04/07,1555,3329,996,1509,3682,2940,1903,1073741824,2848,5374,-243,8204,99,2013/04/09
14,2013/04/15,1683,3486,970,1600,3655,3252,2260,1073741824,1825,1627,-17713,137,109,2013/04/19
14,2013/04/23,735,2805,666,898,2818,1935,945,1073741824,1618,2893,-17012,1033,116,2013/04/26
14,2013/05/01,755,3199,379,869,2981,2242,1228,1073741824,2484,4661,1449,137,122,2013/05/02
14,2013/05/09,774,2630,383,812,2660,2066,1170,1073741824,1923,91,-14283,73,134,2013/05/14
14,2013/05/17,1058,3133,685,1085,3115,2395,1284,1073741824,2115,1349,3182,8205,143,2013/05/23
14,2013/05/25,679,2921,336,801,2722,1850,782,1075838976,2314,2655,3268,74,152,2013/06/01
14,2013/06/02,1425,3061,1289,1575,2879,2207,1190,1073741824,1953,1581,-14310,1801,157,2013/06/06
14,2013/06/10,1145,3299,1047,1385,2892,2050,947,1073741824,2795,5394,3079,1033,163,2013/06/12
14,2013/06/18,1344,3381,1191,1545,3063,2049,1028,1073741824,2322,1321,3438,1801,175,2013/06/24
14,2013/06/26,647,2348,338,728,2278,1594,842,1073741824,2212,128,-13140,72,182,2013/07/01
14,2013/07/04,3153,5353,3112,3354,5224,3609,2135,1073741824,2757,4681,2983,1033,186,2013/07/05
14,2013/07/12,368,2626,184,514,2313,1503,681,1073741824,1685,4778,-14001,74,194,2013/07/13
14,2013/07/20,2712,4097,2630,2902,4117,2435,1316,1073741824,2315,1357,2431,1801,207,2013/07/26
14,2013/07/28,1292,2898,1142,1426,2783,1735,844,1073741824,2138,130,-17418,1801,214,2013/08/02
14,2013/08/05,1437,3435,1254,1601,3214,1894,1018,1073741824,1956,1581,-16293,1801,221,2013/08/09
14,2013/08/13,1602,4332,1395,1820,4252,2745,1439,1073741824,2359,2627,820,1289,232,2013/08/20
14,2013/08/21,1829,3401,1540,1957,3288,2780,2271,1073741824,2205,1294,125,1033,239,2013/08/27
14,2013/08/29,922,3302,514,1045,3029,2192,1192,1073741824,2501,3749,-57,8205,241,2013/08/29
14,2013/09/06,1974,3188,1743,2048,2864,2432,1662,1073741824,2281,1294,-1607,1033,255,2013/09/12
14,2013/09/14,1011,3038,661,1083,2889,1931,956,1073741824,2517,2627,-2194,1033,264,2013/09/21
14,2013/09/22,1054,2930,601,1180,2713,2011,1132,1073741824,2509,1312,-2872,8205,271,2013/09/28
14,2013/09/30,2008,3200,2016,2130,3188,2384,1537,1075838976,3063,5395,-2583,1033,275,2013/10/02
14,2013/10/08,604,1956,304,694,1763,1166,622,1073741824,2630,1545,13525,200,285,2013/10/12
14,2013/10/16,603,2092,300,696,1902,1269,530,1073741824,3191,2701,-4328,72,296,2013/10/23
14,2013/10/24,560,2068,292,663,1822,1228,550,1073741824,3286,1366,-4787,136,303,2013/10/30
14,2013/11/01,630,2374,321,703,2313,1503,687,1073741824,3396,111,14179,72,310,2013/11/06
14,2013/11/09,595,2294,285,663,2150,1521,716,1073741824,3511,1555,12205,8206,317,2013/11/13
14,2013/11/17,680,2302,349,746,2149,1555,810,1073741824,3788,117,11622,72,326,2013/11/22
14,2013/11/25,764,2900,461,898,2764,1859,904,1073741824,4033,1322,-5153,72,335,2013/12/01
14,2013/12/03,596,2164,299,673,2222,1638,865,1073741824,4077,137,11364,136,342,2013/12/08
14,2013/12/11,632,2874,323,810,2933,2072,1031,1073741824,4426,4671,-4907,200,346,2013/12/12
14,2013/12/19,611,2534,295,699,2584,1684,801,1073741824,4220,179,12391,136,358,2013/12/24
14,2013/12/27,633,2583,332,752,2555,1855,934,1073741824,4305,1276,-4916,136,2,2013/01/02
15,2013/01/01,799,2734,412,864,2811,2104,1147,1073741824,4353,2342,-4849,72,8,2013/01/08
15,2013/01/09,813,2419,412,869,2569,1917,1069,1073741824,4216,968,-4498,72,15,2013/01/15
15,2013/01/17,865,2952,448,981,3301,2189,1227,1073741824,4370,3513,-4422,72,17,2013/01/17
15,2013/01/25,807,2128,437,849,2619,1841,1068,1073741824,3839,1900,13297,200,29,2013/01/29
15,2013/02/02,705,1954,357,701,2423,1840,1075,1073741824,3603,3135,13308,200,36,2013/02/05
15,2013/02/10,854,1938,461,821,2486,2060,1255,1073741824,3466,1873,13807,200,45,2013/02/14
15,2013/02/18,967,2194,508,888,2737,2465,1581,1073741824,3479,2351,-3235,138,56,2013/02/25
15,2013/02/26,1155,1473,1222,1233,1612,1369,802,1073741824,2999,1918,14498,1032,61,2013/03/02
15,2013/03/06,966,2338,510,883,2759,2551,1654,1075838976,3347,3503,-2577,200,65,2013/03/06
15,2013/03/14,1396,2106,1307,1538,2509,2229,1574,1073741824,2702,924,-1792,1032,79,2013/03/20
15,2013/03/22,1136,2625,579,1056,3330,2899,1919,1073741824,2914,3484,-1745,74,81,2013/03/22
15,2013/03/30,1060,2488,577,994,3033,2841,1875,1073741824,2839,4434,-993,138,90,2013/03/31
15,2013/04/07,1586,3131,807,1390,3768,3827,2631,1073741824,2295,2287,-124,137,104,2013/04/14
15,2013/04/15,1147,2423,584,1035,2903,2896,2027,1073741824,2064,922,599,73,111,2013/04/21
15,2013/04/23,804,1432,613,822,1814,1557,793,1073741824,1866,534,-17417,1033,118,2013/04/28
15,2013/05/01,1142,2452,657,1081,3129,2769,1887,1073741824,2445,4453,1391,1033,122,2013/05/02
15,2013/05/09,1167,2442,607,1060,2921,2609,1695,1073741824,1885,450,-15672,73,134,2013/05/14
15,2013/05/17,1009,2288,521,956,2450,2146,1304,1073741824,2078,1004,2967,137,143,2013/05/23
15,2013/05/25,1007,2587,517,957,3002,2395,1518,1073741824,2277,2351,3164,73,152,2013/06/01
15,2013/06/02,915,2314,506,954,2649,2075,1171,1073741824,2564,4473,3006,8205,154,2013/06/03
15,2013/06/10,1132,2195,573,1066,1922,1573,972,1073741824,2109,504,-14317,74,166,2013/06/15
15,2013/06/18,1481,2623,1183,1563,2439,1876,1064,1073741824,2286,968,3635,1801,175,2013/06/24
15,2013/06/26,878,2405,434,887,2449,1746,974,1073741824,2175,486,-14456,74,182,2013/07/01
15,2013/07/04,584,2229,271,668,2122,1468,733,1073741824,1792,4149,-13920,142,187,2013/07/06
15,2013/07/12,896,2958,599,966,2731,1924,1076,1073741824,1650,4959,-13991,8205,194,2013/07/13
15,2013/07/20,2903,4049,2814,3097,3867,1975,937,1073741824,2277,1013,2668,1801,207,2013/07/26
15,2013/07/28,2086,3526,1923,2263,3459,2266,1280,1073741824,2100,477,-15602,1801,214,2013/08/02
15,2013/08/05,937,3214,710,1115,2869,1964,900,1073741824,2666,4473,1637,1545,218,2013/08/06
15,2013/08/13,1576,4166,921,1691,4032,2797,1481,1073741824,2493,3512,1171,8205,225,2013/08/13
15,2013/08/21,1365,3008,1058,1455,2830,1996,1036,1073741824,2168,942,344,1801,239,2013/08/27
15,2013/08/29,885,2818,487,959,2905,1886,913,1073741824,2465,3494,-38,74,241,2013/08/29
15,2013/09/06,1302,2591,975,1340,2509,1890,1020,1073741824,2250,940,-1415,1545,255,2013/09/12
15,2013/09/14,4251,4738,4019,4339,4995,3976,2606,1073741824,2489,2324,-2154,1033,264,2013/09/21
15,2013/09/22,1933,2322,1637,1989,2201,1913,1284,1073741824,2484,960,-2728,1033,271,2013/09/28
15,2013/09/30,1168,1854,858,1226,1801,1374,830,1073741824,3037,5238,-2682,8205,275,2013/10/02
15,2013/10/08,736,866,379,788,725,579,371,1075838976,2613,1882,13350,202,285,2013/10/12
15,2013/10/16,749,1234,394,779,1154,833,418,1073741824,3173,2397,-4309,74,296,2013/10/23
15,2013/10/24,658,1292,356,672,1221,882,400,1073741824,3272,1023,-4615,72,303,2013/10/30
15,2013/11/01,603,1535,308,605,1525,1170,682,1073741824,3385,468,12575,72,310,2013/11/06
15,2013/11/09,619,1599,308,628,1684,1190,620,1073741824,3502,1882,12328,136,317,2013/11/13
15,2013/11/17,822,1514,424,768,1679,1265,717,1073741824,3778,480,11796,72,326,2013/11/22
15,2013/11/25,1040,2100,492,940,2100,1771,1060,1073741824,4022,976,-5432,72,335,2013/12/01
15,2013/12/03,812,1985,417,815,2184,1721,1032,1073741824,4067,496,12760,136,342,2013/12/08
15,2013/12/11,802,2315,408,893,2358,1900,1061,1073741824,4412,4473,-5007,200,346,2013/12/12
15,2013/12/19,680,2165,344,718,2296,1896,1077,1073741824,4209,542,12052,72,358,2013/12/24
15,2013/12/27,774,2316,394,808,2542,1860,1086,1073741824,4293,932,-5189,72,2,2013/01/02
16,2013/01/01,1014,2510,555,952,3151,2622,1517,1073741824,4353,2241,-4843,72,8,2013/01/08
16,2013/01/09,883,2349,481,828,2904,2377,1401,1073741824,4215,852,-4417,72,15,2013/01/15
16,2013/01/17,938,2172,488,846,3009,2468,1515,1073741824,4043,612,13276,136,22,2013/01/22
16,2013/01/25,814,1990,423,760,2684,2308,1374,1073741824,3838,2009,13226,202,29,2013/01/29
16,2013/02/02,1021,2611,554,943,3573,3015,1905,1073741824,4303,5197,-3718,205,35,2013/02/04
16,2013/02/10,666,1651,307,588,2223,2033,1420,1073741824,3339,4207,13441,200,43,2013/02/12
16,2013/02/18,942,2380,470,865,3006,2582,1759,1073741824,3475,2250,-3212,137,56,2013/02/25
16,2013/02/26,419,1547,176,266,2038,1763,1202,1073741824,2739,5679,13557,8205,57,2013/02/26
16,2013/03/06,926,2538,504,877,3053,2817,1869,1073741824,3340,3410,-2582,200,65,2013/03/06
16,2013/03/14,1166,2786,740,1122,3270,3077,2077,1073741824,2695,814,-2284,8204,79,2013/03/20
16,2013/03/22,811,1946,391,761,2530,2177,1555,1073741824,2376,657,16344,136,86,2013/03/27
16,2013/03/30,1134,2981,603,1035,3623,3127,2137,1073741824,2830,4366,-1003,138,90,2013/03/31
16,2013/04/07,1011,2601,508,913,3092,2841,1941,1073741824,2800,5145,-325,200,99,2013/04/09
16,2013/04/15,1927,3503,1104,1730,2544,3721,2880,1075838976,1777,2065,-17940,137,109,2013/04/19
16,2013/04/23,773,1923,472,719,2153,2031,1375,1073741824,1567,3265,-17012,8205,116,2013/04/26
16,2013/05/01,1115,2178,736,996,2667,2543,1835,1073741824,1400,4246,-16116,1033,123,2013/05/03
16,2013/05/09,843,1416,864,853,1672,1556,1105,1073741824,1280,5029,-15157,1033,130,2013/05/10
16,2013/05/17,1357,2997,988,1364,3410,3112,2104,1073741824,2062,886,3018,1033,143,2013/05/23
16,2013/05/25,946,2609,481,904,3049,2717,1712,1073741824,2262,2250,3181,73,152,2013/06/01
16,2013/06/02,1493,3369,1204,1541,3911,3275,2072,1073741824,2548,4404,3013,1033,154,2013/06/03
16,2013/06/10,857,2032,443,865,1851,1451,896,1073741824,2094,621,-14385,138,166,2013/06/15
16,2013/06/18,961,1805,1091,1072,1849,1345,764,1073741824,1743,4246,-13589,1033,171,2013/06/20
16,2013/06/26,722,2923,330,820,2999,2003,963,1073741824,2822,5176,3025,73,179,2013/06/28
16,2013/07/04,1423,2789,1448,1642,2928,2296,1432,1073741824,1776,4217,-13840,1034,187,2013/07/06
16,2013/07/12,1183,2923,982,1319,2935,1949,1053,1073741824,2155,551,-15468,1033,198,2013/07/17
16,2013/07/20,1035,2910,1357,1298,2917,1967,936,1073741824,1471,5658,-14112,1033,201,2013/07/20
16,2013/07/28,1561,2974,1429,1739,2688,1898,1014,1073741824,2086,594,-15837,1033,214,2013/08/02
16,2013/08/05,956,2170,838,1112,1819,1139,592,1073741824,1904,2019,-16474,8205,221,2013/08/09
16,2013/08/13,1840,3349,1702,2034,3434,2573,1783,1073741824,2018,621,-17335,1033,230,2013/08/18
16,2013/08/21,2109,3635,2299,2359,3517,2533,1535,1073741824,1568,4246,-17828,1033,235,2013/08/23
16,2013/08/29,701,3098,348,872,3016,2000,984,1073741824,2453,3409,-44,74,241,2013/08/29
16,2013/09/06,923,2916,471,1007,2831,1958,1059,1073741824,1952,2046,16349,141,253,2013/09/10
16,2013/09/14,5255,6135,4989,5414,5399,3551,2051,1073741824,2533,3409,-1577,1033,257,2013/09/14
16,2013/09/22,842,2118,623,947,2031,1346,677,1073741824,2214,2028,14540,8205,269,2013/09/26
16,2013/09/30,1554,2701,1568,1777,2482,1861,1069,1073741824,2751,3419,-2778,1033,273,2013/09/30
16,2013/10/08,526,1500,245,616,1302,828,416,1073741824,2613,1982,13539,136,285,2013/10/12
16,2013/10/16,454,1361,228,532,1252,869,409,1073741824,2947,540,13317,72,294,2013/10/21
16,2013/10/24,565,2155,291,660,2073,1522,807,1073741824,3272,904,-5059,72,303,2013/10/30
16,2013/11/01,517,2040,270,595,2188,1395,743,1073741824,3203,3200,12316,136,308,2013/11/04
16,2013/11/09,598,2063,295,665,1947,1344,666,1073741824,3504,1991,12280,138,317,2013/11/13
16,2013/11/17,658,2485,360,730,2678,1698,854,1073741824,3780,586,12690,72,326,2013/11/22
16,2013/11/25,847,2606,428,884,2805,2092,1133,1073741824,4023,859,-5390,72,335,2013/12/01
16,2013/12/03,853,2394,454,854,2908,2121,1239,1073741824,4069,603,12599,136,342,2013/12/08
16,2013/12/11,1119,2909,660,1063,3617,2783,1650,1073741824,4413,4405,-4907,200,346,2013/12/12
16,2013/12/19,837,2258,433,769,2710,2209,1352,1073741824,4211,649,12848,72,358,2013/12/24
16,2013/12/27,1077,2433,563,919,3328,2844,1872,1073741824,4293,814,-5158,72,2,2013/01/02
17,2013/01/01,509,2115,259,621,2000,1225,525,1073741824,4375,3156,-4698,136,8,2013/01/08
17,2013/01/09,377,1518,191,476,1666,919,395,1073741824,4092,974,12935,72,13,2013/01/13
17,2013/01/17,538,1654,285,616,1938,1034,493,1073741824,4066,498,-4793,200,22,2013/01/22
17,2013/01/25,502,2044,261,610,2037,1283,615,1073741824,4008,1921,-4137,136,31,2013/01/31
17,2013/02/02,503,1888,258,594,5357,1185,602,1075576832,3767,517,-3569,200,38,2013/02/07
17,2013/02/10,456,1875,252,581,1892,1137,439,1073741824,3654,1939,-3444,200,47,2013/02/16
17,2013/02/18,466,2505,230,578,3960,1541,638,1075576832,4016,5683,-2874,200,51,2013/02/20
17,2013/02/26,522,1643,270,618,1590,984,550,1073741824,3045,983,14739,136,61,2013/03/02
17,2013/03/06,474,1957,248,573,1826,1138,594,1073741824,2896,462,-2981,136,70,2013/03/11
17,2013/03/14,602,2130,309,710,2060,1370,659,1073741824,2774,1875,-2032,72,79,2013/03/20
17,2013/03/22,503,1892,255,602,1909,1182,515,1073741824,2459,447,-902,136,86,2013/03/27
17,2013/03/30,690,2224,369,765,2326,1510,775,1073741824,2397,1857,-798,136,95,2013/04/05
17,2013/04/07,532,2370,278,641,2327,1482,692,1073741824,2911,5650,-243,200,99,2013/04/09
17,2013/04/15,657,2242,335,721,2250,1489,800,1073741824,1890,1028,-17704,72,109,2013/04/19
17,2013/04/23,529,1666,268,647,1822,1217,564,1073741824,2267,3137,1394,74,120,2013/04/30
17,2013/05/01,609,2351,302,716,2333,1558,742,1073741824,2118,1921,1897,74,127,2013/05/07
17,2013/05/09,562,2314,282,683,2172,1436,731,1073741824,2001,534,2683,74,134,2013/05/14
17,2013/05/17,567,2064,298,680,1964,1339,669,1073741824,2194,1939,2983,138,143,2013/05/23
17,2013/05/25,663,1872,370,733,1807,1261,653,1073741824,1829,2330,-14193,73,148,2013/05/28
17,2013/06/02,616,1587,679,741,1447,901,480,1073741824,1500,5224,-13256,8205,153,2013/06/02
17,2013/06/10,972,2492,772,1107,2360,1589,968,1073741824,2227,489,3746,1033,166,2013/06/15
17,2013/06/18,1398,2790,1318,1592,2586,1589,803,1073741824,2403,1911,3594,1801,175,2013/06/24
17,2013/06/26,367,2144,192,512,1810,1073,508,1073741824,2955,5671,2984,138,179,2013/06/28
17,2013/07/04,499,1475,578,619,1252,658,328,1073741824,1662,5215,-13304,8206,185,2013/07/04
17,2013/07/12,668,2621,672,849,2312,1357,714,1073741824,1765,4441,-14016,8205,194,2013/07/13
17,2013/07/20,1834,2809,1935,1990,2824,1910,1313,1073741824,1856,3472,-14674,1801,203,2013/07/22
17,2013/07/28,679,2396,464,841,2214,1285,579,1073741824,2216,516,2019,1289,214,2013/08/02
17,2013/08/05,1248,3143,1073,1443,2964,1859,918,1073741824,2316,1912,1601,1801,223,2013/08/11
17,2013/08/13,824,2481,625,984,2341,1462,847,1073741824,2603,4181,1276,8205,225,2013/08/13
17,2013/08/21,489,1955,240,588,1757,1111,574,1073741824,1680,3529,-17532,141,235,2013/08/23
17,2013/08/29,510,1715,258,644,1903,997,494,1075838976,2134,463,-143,74,246,2013/09/03
17,2013/09/06,1051,2399,992,1218,2247,1393,672,1073741824,2037,1010,16398,1801,253,2013/09/10
17,2013/09/14,1989,3001,1895,2070,2851,1776,1066,1073741824,1991,2367,15555,1545,260,2013/09/17
17,2013/09/22,314,1886,157,449,1614,798,332,1073741824,2003,3528,14608,78,267,2013/09/24
17,2013/09/30,2204,3259,2123,2367,3297,2554,1847,1073741824,2568,497,-3591,1033,278,2013/10/05
17,2013/10/08,265,1647,123,413,1419,726,215,1073741824,2410,3491,13354,136,283,2013/10/10
17,2013/10/16,1492,3051,1441,1695,2674,2073,1225,1073741824,3398,5693,-3526,1034,291,2013/10/18
17,2013/10/24,370,2556,193,580,2170,1206,474,1073741824,3291,1957,-4820,200,303,2013/10/30
17,2013/11/01,342,1644,176,460,1553,841,321,1073741824,3201,2312,12390,136,308,2013/11/04
17,2013/11/09,432,1808,209,574,1658,952,342,1073741824,3504,946,12578,138,317,2013/11/13
17,2013/11/17,322,2182,113,462,1945,1002,324,1073741824,3610,2321,12184,200,324,2013/11/20
17,2013/11/25,387,2218,208,545,2073,1081,388,1073741824,4031,1921,-5291,72,335,2013/12/01
17,2013/12/03,455,1499,232,562,1373,794,339,1073741824,3915,2348,12201,200,340,2013/12/06
17,2013/12/11,408,2315,209,574,2210,1219,427,1073741824,4433,5013,-4773,200,346,2013/12/12
17,2013/12/19,438,2798,212,606,2677,1456,600,1073741824,4419,4162,-4873,136,353,2013/12/19
17,2013/12/27,452,1896,243,579,1887,1069,464,1073741824,4308,1875,-5008,136,2,2013/01/02
18,2013/01/01,774,1917,382,788,2023,1407,922,1073741824,4354,2775,-4769,136,8,2013/01/08
18,2013/01/09,685,1349,438,669,1302,879,522,1073741824,3847,5434,12221,200,9,2013/01/09
18,2013/01/17,493,900,254,561,970,598,266,1073741824,3912,2754,12959,200,20,2013/01/20
18,2013/01/25,358,1348,175,145,1724,1154,786,1073741824,3395,5999,12667,201,32,2013/02/01
18,2013/02/02,690,1559,347,707,1749,1115,658,1073741824,3743,58,875,200,38,2013/02/07
18,2013/02/10,657,1519,310,660,1848,1317,877,1073741824,3474,1399,13915,200,45,2013/02/14
18,2013/02/18,585,1200,313,665,1287,766,473,1073741824,3330,30,-1861,200,54,2013/02/23
18,2013/02/26,562,1400,256,555,1413,1101,722,1073741824,2867,3842,14250,200,59,2013/02/28
18,2013/03/06,615,1579,320,645,1696,1322,968,1073741824,2689,2763,14901,200,68,2013/03/09
18,2013/03/14,508,1258,220,448,1231,896,595,1073741824,2200,5455,14466,206,73,2013/03/14
18,2013/03/22,1369,1862,729,1282,1813,1541,1180,1073741824,2208,2781,15816,200,84,2013/03/25
18,2013/03/30,972,2379,499,965,2342,1821,1249,1073741824,2884,4731,-981,140,90,2013/03/31
18,2013/04/07,1657,2118,1602,1729,1982,1561,1036,1073741824,1827,2800,17317,1033,100,2013/04/10
18,2013/04/15,1802,3094,956,1622,3253,2982,2464,1073741824,1841,1490,-17717,138,109,2013/04/19
18,2013/04/23,1877,3302,1435,1864,3416,3036,2235,1073741824,2216,2756,1382,1034,120,2013/04/30
18,2013/05/01,816,1657,541,871,1468,946,519,1073741824,2066,1467,2194,8200,127,2013/05/07
18,2013/05/09,911,2385,415,912,2319,1695,1040,1073741824,2245,2821,2497,136,136,2013/05/16
18,2013/05/17,1717,2531,1445,1775,2651,2310,1753,1073741824,1856,1399,-14783,1032,141,2013/05/21
18,2013/05/25,968,2312,486,949,2179,1817,1223,1073741824,2344,2784,3195,136,152,2013/06/01
18,2013/06/02,1352,2360,1064,1377,2411,2108,1439,1073741824,2261,1466,3462,8206,159,2013/06/08
18,2013/06/10,620,1099,460,731,1046,624,374,1073741824,2451,2766,3584,1032,168,2013/06/17
18,2013/06/18,988,1853,1204,1104,1787,1239,733,1073741824,1581,5444,-12972,1033,169,2013/06/18
18,2013/06/26,817,1659,406,843,1634,1236,875,1073741824,2904,5468,3055,136,179,2013/06/28
18,2013/07/04,2958,3312,3202,3093,3237,2097,1332,1073741824,1859,3832,-13903,1033,187,2013/07/06
18,2013/07/12,781,1627,625,809,1490,1094,700,1073741824,1716,4708,-13973,1033,194,2013/07/13
18,2013/07/20,2091,2906,1935,2188,2778,2313,1458,1073741824,2342,1502,2630,1033,207,2013/07/26
18,2013/07/28,1620,2342,1429,1725,2276,1532,876,1073741824,2164,34,-1093,1801,214,2013/08/02
18,2013/08/05,1653,2435,1469,1715,2313,1887,1290,1073741824,1980,1436,-16364,1033,221,2013/08/09
18,2013/08/13,1117,1909,959,1199,1889,1299,745,1073741824,2840,5458,1150,1801,227,2013/08/15
18,2013/08/21,1247,2751,436,1111,2793,2331,1633,1073741824,2220,1440,341,8202,239,2013/08/27
18,2013/08/29,1025,1310,446,984,1191,785,349,1073741824,2516,3854,71,137,241,2013/08/29
18,2013/09/06,5560,6014,5350,5726,5394,3702,2230,1073741824,2681,4740,-720,1033,250,2013/09/07
18,2013/09/14,1195,1628,1276,1273,1677,1260,823,1073741824,1682,4738,15198,1033,258,2013/09/15
18,2013/09/22,2576,2896,1954,2498,2600,2272,1725,1073741824,2236,1454,14767,1033,269,2013/09/26
18,2013/09/30,1904,2554,2101,2025,2380,1885,1071,1073741824,2053,4727,13551,1801,274,2013/10/01
18,2013/10/08,1232,1696,1017,1272,1515,1056,609,1073741824,2617,1409,13480,8204,285,2013/10/12
18,2013/10/16,707,1830,241,680,1838,1282,743,1073741824,3181,2840,-4369,202,296,2013/10/23
18,2013/10/24,792,1390,376,829,1284,840,536,1073741824,3062,1382,12970,200,301,2013/10/28
18,2013/11/01,833,1735,444,794,1639,1211,790,1073741824,3190,2717,12307,136,308,2013/11/04
18,2013/11/09,1038,1924,770,1082,1852,1363,835,1073741824,3680,1494,-5013,1801,319,2013/11/15
18,2013/11/17,830,1890,402,815,2056,1514,1019,1073741824,3770,65,7,1033,326,2013/11/22
18,2013/11/25,375,1212,159,479,1139,652,260,1073741824,4016,1466,-5352,72,335,2013/12/01
18,2013/12/03,672,1813,316,709,1874,1246,727,1073741824,4058,54,2418,200,342,2013/12/08
18,2013/12/11,706,1940,379,729,1803,1318,817,1073741824,4231,1449,-5043,136,351,2013/12/17
18,2013/12/19,756,2111,393,804,2129,1679,1182,1073741824,4362,2747,-5057,136,360,2013/12/26
18,2013/12/27,635,1785,294,688,1704,1191,698,1073741824,4290,1421,-5114,136,2,2013/01/02
19,2013/01/01,483,1925,256,605,1871,1032,428,1073741824,4329,2416,-4701,136,8,2013/01/08
19,2013/01/09,309,1469,143,402,1404,808,324,1073741824,3931,4120,12557,200,11,2013/01/11
19,2013/01/17,612,1675,321,689,1848,1056,514,1073741824,4349,3579,-4430,136,17,2013/01/17
19,2013/01/25,523,1445,268,600,1451,798,397,1073741824,3815,1827,13451,200,29,2013/01/29
19,2013/02/02,530,1437,258,601,1394,801,366,1073741824,3714,386,13717,200,38,2013/02/07
19,2013/02/10,489,1466,240,557,1513,802,314,1073741824,3446,1791,13973,200,45,2013/02/14
19,2013/02/18,610,1572,318,662,4267,1053,515,1075576832,3465,2425,-3048,200,56,2013/02/25
19,2013/02/26,466,1841,275,404,1940,1328,618,1073741824,2715,5614,13621,204,57,2013/02/26
19,2013/03/06,659,1992,337,693,2179,1481,741,1073741824,3337,3569,-2577,200,65,2013/03/06
19,2013/03/14,841,1745,438,822,1808,1335,772,1073741824,2498,1873,15398,200,77,2013/03/18
19,2013/03/22,782,1688,410,776,1757,1350,720,1073741824,2604,2369,-1320,136,88,2013/03/29
19,2013/03/30,695,1741,316,718,1979,1439,740,1073741824,2842,4493,-954,8200,90,2013/03/31
19,2013/04/07,793,1856,409,780,1911,1503,846,1073741824,2819,5248,-270,200,99,2013/04/09
19,2013/04/15,3822,5056,2203,3257,6447,5896,5617,1073741824,1799,1882,-17630,136,109,2013/04/19
19,2013/04/23,692,1958,351,738,2074,1375,600,1073741824,2358,3550,793,141,113,2013/04/23
19,2013/05/01,750,1911,397,760,2085,1564,888,1073741824,2465,4513,1525,202,122,2013/05/02
19,2013/05/09,2137,2769,1706,2097,2661,2395,1710,1073741824,1909,369,-15064,1032,134,2013/05/14
19,2013/05/17,767,2160,288,717,2372,1798,1000,1073741824,2105,1086,3332,8204,143,2013/05/23
19,2013/05/25,545,1903,272,598,2015,1273,508,1073741824,2306,2424,3346,72,152,2013/06/01
19,2013/06/02,698,1707,328,718,1734,1412,763,1073741824,2591,4522,3034,204,154,2013/06/03
19,2013/06/10,1480,2351,1118,1546,2201,1747,1137,1073741824,2141,426,-14874,8204,166,2013/06/15
19,2013/06/18,879,1675,580,869,1493,1025,517,1073741824,1793,4120,-13458,8204,171,2013/06/20
19,2013/06/26,656,1341,352,706,1256,804,379,1073741824,1946,3079,-13828,72,180,2013/06/29
19,2013/07/04,2270,2891,2347,2400,2704,1896,1211,1073741824,1824,4101,-13806,1033,187,2013/07/06
19,2013/07/12,919,1583,762,1007,1400,989,609,1073741824,1681,4928,-13873,8206,194,2013/07/13
19,2013/07/20,2714,3670,2692,2869,3489,2938,1887,1073741824,2744,4552,2542,1033,202,2013/07/21
19,2013/07/28,1208,2122,940,1289,1955,1287,705,1073741824,2123,397,-16251,1545,214,2013/08/02
19,2013/08/05,1326,2378,1009,1421,2168,1086,503,1073741824,2223,1058,1472,1801,223,2013/08/11
19,2013/08/13,1738,2717,1663,1892,2447,1751,1026,1073741824,1755,3098,-16923,1801,228,2013/08/16
19,2013/08/21,1279,2666,1039,1387,2608,1936,1364,1073741824,2178,1031,212,1033,239,2013/08/27
19,2013/08/29,561,2119,132,657,1911,1113,471,1073741824,2474,3560,3,8204,241,2013/08/29
19,2013/09/06,1872,2951,1785,2044,2687,1965,1110,1073741824,2639,4503,-701,1801,250,2013/09/07
19,2013/09/14,2393,3379,2182,2482,3220,2693,1657,1073741824,2482,2397,-2159,1033,264,2013/09/21
19,2013/09/22,808,1862,349,812,1573,1050,593,1073741824,1943,4130,14441,136,267,2013/09/24
19,2013/09/30,855,2771,484,1042,2405,1629,905,1073741824,3027,5279,-2644,8206,275,2013/10/02
19,2013/10/08,407,1639,172,504,1361,720,246,1073741824,2368,4101,13084,8204,283,2013/10/10
19,2013/10/16,542,1762,264,645,1524,805,237,1073741824,3153,2480,-4321,136,296,2013/10/23
19,2013/10/24,508,1811,259,612,1504,804,227,1073741824,3247,1103,-4775,136,303,2013/10/30
19,2013/11/01,515,1380,261,577,1204,676,318,1073741824,3171,3051,12312,72,308,2013/11/04
19,2013/11/09,400,1651,188,502,1313,677,198,1073741824,3473,1809,12222,136,317,2013/11/13
19,2013/11/17,562,1487,267,594,1361,788,290,1073741824,3584,3060,12114,136,324,2013/11/20
19,2013/11/25,539,1679,276,627,1338,693,252,1073741824,3995,1060,-5101,72,335,2013/12/01
19,2013/12/03,531,1571,274,611,1288,677,305,1073741824,4039,405,12101,136,342,2013/12/08
19,2013/12/11,328,1461,164,332,1224,724,296,1073741824,3808,5614,11622,200,345,2013/12/11
19,2013/12/19,543,1296,260,601,1199,707,311,1073741824,4183,450,12433,72,358,2013/12/24
19,2013/12/27,445,1609,225,542,1399,724,190,1073741824,4267,1013,-4890,72,2,2013/01/02
20,2013/01/01,894,2168,485,883,2625,1908,1396,1073741824,4332,2305,-4765,136,8,2013/01/08
20,2013/01/09,760,1942,408,734,2290,1833,1315,1073741824,4056,1955,12757,72,13,2013/01/13
20,2013/01/17,952,2640,510,922,3060,2494,1700,1073741824,4349,3475,-4373,136,17,2013/01/17
20,2013/01/25,672,1772,364,690,2051,1410,1003,1073741824,3818,1946,13232,200,29,2013/01/29
20,2013/02/02,1036,2733,433,1054,3278,2604,1802,1073741824,3868,2332,-3787,8206,40,2013/02/09
20,2013/02/10,595,1691,310,611,1911,1284,824,1073741824,3446,1919,13749,200,45,2013/02/14
20,2013/02/18,689,2394,392,745,2726,1775,858,1073741824,3463,2314,-3140,136,56,2013/02/25
20,2013/02/26,521,2004,293,517,2078,1577,1027,1073741824,2837,4197,14099,8204,59,2013/02/28
20,2013/03/06,873,2471,462,859,3005,2261,1547,1073741824,3332,3475,-2640,200,65,2013/03/06
20,2013/03/14,659,2101,267,645,2327,1717,1104,1073741824,2319,4217,14943,1034,75,2013/03/16
20,2013/03/22,1079,2803,570,1030,3090,2663,1888,1073741824,2902,3447,-1672,138,81,2013/03/22
20,2013/03/30,932,2594,521,924,3043,2252,1492,1073741824,2832,4414,-1014,136,90,2013/03/31
20,2013/04/07,868,2596,484,868,2900,2288,1414,1073741824,2807,5186,-324,200,99,2013/04/09
20,2013/04/15,876,2159,513,893,2928,1858,1162,1075838976,2061,878,791,138,111,2013/04/21
20,2013/04/23,1206,2858,709,1165,3234,2655,1966,1073741824,2157,2278,1416,73,120,2013/04/30
20,2013/05/01,933,2677,536,948,2959,2266,1481,1073741824,2448,4434,1473,137,122,2013/05/02
20,2013/05/09,1341,2947,927,1338,3117,2618,1774,1073741824,2186,2351,2556,1033,136,2013/05/16
20,2013/05/17,446,1713,187,415,1799,1145,693,1073741824,1511,4168,-14477,8205,139,2013/05/19
20,2013/05/25,957,2364,527,929,2558,2098,1509,1073741824,2286,2314,3288,73,152,2013/06/01
20,2013/06/02,1288,2603,1127,1346,2752,2203,1370,1073741824,2571,4444,3084,1289,154,2013/06/03
20,2013/06/10,927,2094,540,947,2170,1837,1337,1073741824,2121,550,-14439,74,166,2013/06/15
20,2013/06/18,1738,2934,1506,1814,2998,2264,1484,1073741824,2296,923,3859,1801,175,2013/06/24
20,2013/06/26,783,2643,393,821,2494,1747,994,1073741824,2847,5217,3087,74,179,2013/06/28
20,2013/07/04,2479,3565,2466,2640,3449,2286,1208,1075838976,2729,4454,3107,1033,186,2013/07/05
20,2013/07/12,2632,3649,2746,2831,3705,2520,1573,1073741824,1915,3144,-14426,1801,196,2013/07/15
20,2013/07/20,3206,4260,3043,3376,4025,3210,2020,1073741824,2283,959,2844,1801,207,2013/07/26
20,2013/07/28,2024,3179,1905,2161,3028,2250,1308,1073741824,2105,531,-15853,1033,214,2013/08/02
20,2013/08/05,1543,2848,1637,1684,2616,1812,983,1073741824,1640,4197,-15918,1033,219,2013/08/07
20,2013/08/13,2956,4141,2853,3081,4307,3310,2406,1073741824,2784,5217,1065,1033,227,2013/08/15
20,2013/08/21,1890,3114,1672,1977,3277,2329,1725,1073741824,2164,895,15,1033,239,2013/08/27
20,2013/08/29,1132,3041,688,1147,3485,2292,1481,1075838976,2459,3456,63,1033,241,2013/08/29
20,2013/09/06,1602,3416,1473,1730,3271,2515,1576,1073741824,2924,5824,-727,1033,252,2013/09/09
20,2013/09/14,3693,4572,3464,3825,4892,3739,2543,1073741824,2476,2287,-2268,1033,264,2013/09/21
20,2013/09/22,676,2159,385,678,2136,1435,866,1073741824,1943,4207,14304,142,267,2013/09/24
20,2013/09/30,1260,2970,1278,1437,2803,2040,1172,1073741824,3022,5217,-2623,8206,275,2013/10/02
20,2013/10/08,615,2091,320,658,2153,1491,918,1073741824,2593,1918,13574,200,285,2013/10/12
20,2013/10/16,546,2429,313,656,2166,1385,640,1075838976,3334,5238,-3589,201,291,2013/10/18
20,2013/10/24,773,1884,395,738,2190,1725,1308,1073741824,3250,976,-4954,136,303,2013/10/30
20,2013/11/01,793,2154,449,759,2505,2001,1529,1073741824,3362,514,12301,72,310,2013/11/06
20,2013/11/09,985,2916,532,995,3217,2275,1435,1073741824,3781,4464,-4701,72,314,2013/11/10
20,2013/11/17,576,1962,367,548,2158,1652,1053,1073741824,3446,4989,11762,140,322,2013/11/18
20,2013/11/25,817,1729,462,792,1968,1453,1024,1073741824,4000,932,-5252,72,335,2013/12/01
20,2013/12/03,866,2165,483,831,2544,2024,1530,1073741824,4044,540,12458,72,342,2013/12/08
20,2013/12/11,841,2501,440,878,2759,1784,1024,1073741824,4391,4444,-4967,200,346,2013/12/12
20,2013/12/19,727,1870,383,711,2066,1295,816,1073741824,4187,576,12729,72,358,2013/12/24
20,2013/12/27,927,2187,516,865,2491,2229,1642,1073741824,4270,877,-5066,72,2,2013/01/02
21,2013/01/01,420,648,386,537,773,548,346,1073741824,3912,4928,12224,208,2,2013/01/02
21,2013/01/09,553,1591,227,525,2039,1327,900,1073741824,4035,1799,12965,148,13,2013/01/13
21,2013/01/17,513,1383,219,506,1558,1252,853,1073741824,3872,3060,12980,208,20,2013/01/20
21,2013/01/25,519,1552,342,655,1794,1112,627,1073741824,3942,1112,-4325,212,31,2013/01/31
21,2013/02/02,342,599,253,522,693,430,191,1073741824,3701,343,13431,192,38,2013/02/07
21,2013/02/10,560,1484,334,642,1587,1030,602,1073741824,3432,1763,13975,208,45,2013/02/14
21,2013/02/18,871,1632,682,1001,1145,1109,709,1073741824,3938,5311,-2952,192,51,2013/02/20
21,2013/02/26,290,625,551,580,636,861,480,1073741824,2824,4091,14149,198,59,2013/02/28
21,2013/03/06,583,661,453,752,586,310,150,1073741824,3330,3598,-2508,192,65,2013/03/06
21,2013/03/14,1148,2338,740,1141,2398,2034,1375,1073741824,2691,1049,-1804,8212,79,2013/03/20
21,2013/03/22,935,2334,388,830,2479,2144,1404,1073741824,2602,2406,-1242,208,88,2013/03/29
21,2013/03/30,1142,1621,992,1218,1517,1163,692,1073741824,2311,1032,-489,1810,95,2013/04/05
21,2013/04/07,1130,2530,605,1030,2728,2426,1685,1073741824,2823,5269,-207,208,99,2013/04/09
21,2013/04/15,1740,3059,1370,1764,3426,2666,1836,1073741824,2083,1049,606,1281,111,2013/04/21
21,2013/04/23,752,1653,350,739,1534,1163,624,1073741824,2184,2434,1393,146,120,2013/04/30
21,2013/05/01,449,666,265,564,642,500,279,1073741824,1446,4110,-15923,8212,123,2013/05/03
21,2013/05/09,889,1795,569,886,1655,1156,569,1073741824,2220,2507,2712,8193,136,2013/05/16
21,2013/05/17,1013,2596,434,927,2783,2126,1351,1073741824,2122,1130,2959,145,143,2013/05/23
21,2013/05/25,861,2114,510,842,2066,1652,1115,1073741824,1761,3051,-14180,149,148,2013/05/28
21,2013/06/02,803,2659,394,889,2377,1686,1019,1073741824,2242,1095,3865,129,159,2013/06/08
21,2013/06/10,811,1576,625,909,1486,950,464,1073741824,2161,379,-13685,8213,166,2013/06/15
21,2013/06/18,917,1810,782,970,1688,1330,907,1073741824,1814,4100,-13424,1297,171,2013/06/20
21,2013/06/26,927,2285,519,902,2349,1683,1088,1073741824,2225,360,-13943,65,182,2013/07/01
21,2013/07/04,1788,2055,1995,1944,1878,1258,625,1073741824,1844,4081,-13754,1297,187,2013/07/06
21,2013/07/12,591,1588,272,570,1423,1089,661,1073741824,1700,4908,-13833,194,194,2013/07/13
21,2013/07/20,3550,4119,3221,3588,4241,3407,2368,1073741824,2317,1139,2640,1025,207,2013/07/26
21,2013/07/28,1250,2328,1012,1306,2144,1642,1019,1073741824,2136,362,-16383,1809,214,2013/08/02
21,2013/08/05,862,1996,686,896,1952,1306,722,1073741824,1671,4091,-15854,8197,219,2013/08/07
21,2013/08/13,1178,2171,883,1231,2097,1663,1163,1073741824,2054,388,-16567,1297,230,2013/08/18
21,2013/08/21,1342,1886,1099,1500,1893,1732,1475,1073741824,2182,1067,323,1297,239,2013/08/27
21,2013/08/29,1252,2181,1032,1312,2080,1565,1031,1073741824,2048,405,17153,1297,246,2013/09/03
21,2013/09/06,787,1403,773,977,1320,728,324,1073741824,2936,5891,-678,1041,252,2013/09/09
21,2013/09/14,2449,3035,2182,2501,3025,2764,1970,1073741824,2476,2433,-2080,1041,264,2013/09/21
21,2013/09/22,1266,1550,938,1377,1471,1164,839,1073741824,2193,1809,14832,69,269,2013/09/26
21,2013/09/30,1592,2355,1773,1733,2249,1674,1066,1073741824,2012,4928,13527,1537,274,2013/10/01
21,2013/10/08,434,859,345,585,767,594,286,1073741824,2350,4082,13113,214,283,2013/10/10
21,2013/10/16,4130,4536,3870,4184,4606,3940,3115,1073741824,2907,307,12681,1025,294,2013/10/21
21,2013/10/24,409,1099,229,530,1110,778,431,1073741824,3022,1745,12706,192,301,2013/10/28
21,2013/11/01,567,1764,261,550,1658,1198,759,1073741824,3151,3032,12319,128,308,2013/11/04
21,2013/11/09,547,1703,294,669,1553,1100,644,1073741824,3762,4562,-4606,212,314,2013/11/10
21,2013/11/17,392,1086,169,477,1174,865,491,1073741824,3564,3032,12118,194,324,2013/11/20
21,2013/11/25,485,1012,162,552,1002,651,387,1073741824,3977,1104,-5514,144,335,2013/12/01
21,2013/12/03,345,893,177,480,796,418,131,1073741824,4020,370,11949,128,342,2013/12/08
21,2013/12/11,581,771,613,820,792,619,377,1073741824,4372,4552,-4870,8196,346,2013/12/12
21,2013/12/19,606,1609,263,612,1645,1268,823,1073741824,4164,415,12313,144,358,2013/12/24
21,2013/12/27,620,1900,321,686,1667,1233,736,1075838976,4250,1050,-4776,128,2,2013/01/02
22,2013/01/01,651,2747,326,736,2857,1819,1009,1073741824,4166,550,13201,72,6,2013/01/06
22,2013/01/09,567,2874,270,651,3074,1880,1030,1073741824,4038,1973,12880,72,13,2013/01/13
22,2013/01/17,596,2467,310,660,2585,1853,1032,1073741824,3876,3200,12914,136,20,2013/01/20
22,2013/01/25,602,2322,290,666,2681,1742,991,1073741824,3800,1964,13358,200,29,2013/01/29
22,2013/02/02,733,2514,372,778,2772,2102,1207,1073741824,3699,532,13453,200,38,2013/02/07
22,2013/02/10,626,2522,314,699,2681,1905,1090,1073741824,3431,1927,13882,200,45,2013/02/14
22,2013/02/18,817,3523,441,935,3538,2702,1367,1073741824,3930,5217,-2975,202,51,2013/02/20
22,2013/02/26,1722,3446,1280,1756,3507,2954,1761,1073741824,3634,4444,-2825,8206,58,2013/02/27
22,2013/03/06,950,2798,489,920,3425,2633,1648,1073741824,3321,3456,-2531,200,65,2013/03/06
22,2013/03/14,816,2487,393,859,2711,2130,1247,1073741824,2680,869,-1751,8200,79,2013/03/20
22,2013/03/22,935,2977,510,986,3544,2591,1596,1073741824,2896,3447,-1682,136,81,2013/03/22
22,2013/03/30,939,2507,699,943,2527,2154,1376,1073741824,1834,4246,16152,8205,91,2013/04/01
22,2013/04/07,922,3110,493,946,3544,2592,1551,1073741824,2806,5186,-235,200,99,2013/04/09
22,2013/04/15,843,2856,440,916,3032,2203,1278,1073741824,2063,868,611,137,111,2013/04/21
22,2013/04/23,1073,3336,585,1118,3189,2493,1412,1073741824,2161,2268,1399,136,120,2013/04/30
22,2013/05/01,926,2802,465,952,2805,2098,1214,1073741824,2013,914,2318,137,127,2013/05/07
22,2013/05/09,840,2951,532,954,2780,1990,1189,1073741824,1899,513,-15411,8206,134,2013/05/14
22,2013/05/17,836,2808,427,916,2599,1976,1122,1073741824,2096,949,3022,8206,143,2013/05/23
22,2013/05/25,824,3307,413,926,3475,2379,1351,1073741824,2296,2296,3242,8206,152,2013/06/01
22,2013/06/02,908,3173,562,996,3025,2233,1249,1073741824,2216,913,3444,8206,159,2013/06/08
22,2013/06/10,1018,3259,833,1190,3184,2085,1083,1073741824,2496,3475,3356,1033,161,2013/06/10
22,2013/06/18,1225,3202,1079,1358,2932,2133,1407,1073741824,1786,4217,-13452,8205,171,2013/06/20
22,2013/06/26,552,2673,296,629,2664,1721,890,1073741824,1939,3190,-13839,72,180,2013/06/29
22,2013/07/04,1968,3395,2086,2146,3117,2073,1063,1073741824,1817,4197,-13787,1801,187,2013/07/06
22,2013/07/12,1924,3717,1864,2143,3368,2165,1060,1073741824,2885,5238,2743,1033,195,2013/07/14
22,2013/07/20,2102,3190,2530,2302,2950,2304,1195,1073741824,1509,5647,-13940,1033,201,2013/07/20
22,2013/07/28,2085,3204,1905,2230,3028,2182,1340,1073741824,2112,541,-15414,1801,214,2013/08/02
22,2013/08/05,861,2623,748,971,2473,1797,979,1073741824,1646,4207,-15809,1289,219,2013/08/07
22,2013/08/13,1987,3319,1781,2085,3496,2591,1891,1073741824,2033,567,-16925,1033,230,2013/08/18
22,2013/08/21,2097,3272,1830,2150,3393,2863,2077,1075838976,2163,887,420,1033,239,2013/08/27
22,2013/08/29,996,2417,855,1104,2390,1676,900,1073741824,1735,3228,17306,1545,244,2013/09/01
22,2013/09/06,806,2777,406,920,2682,1710,826,1073741824,2232,886,-1417,137,255,2013/09/12
22,2013/09/14,2620,3545,2368,2676,3743,2954,2120,1073741824,2467,2277,-2087,1033,264,2013/09/21
22,2013/09/22,1702,2597,1440,1821,2383,1961,1468,1073741824,2188,1982,14712,1033,269,2013/09/26
22,2013/09/30,1235,2309,1373,1408,2086,1542,796,1073741824,3010,5207,-2543,8206,275,2013/10/02
22,2013/10/08,823,1760,415,888,1808,1251,676,1073741824,2814,950,-3961,200,287,2013/10/14
22,2013/10/16,912,1698,445,925,1683,1258,855,1073741824,3137,2351,-4280,136,296,2013/10/23
22,2013/10/24,645,1875,320,707,2018,1547,962,1073741824,3233,960,-4609,136,303,2013/10/30
22,2013/11/01,688,1625,343,697,1700,1299,810,1073741824,3158,3172,12401,136,308,2013/11/04
22,2013/11/09,711,2187,372,810,2112,1577,893,1073741824,3763,4454,-4629,136,314,2013/11/10
22,2013/11/17,724,1784,382,768,1719,1119,591,1073741824,3571,3181,12048,140,324,2013/11/20
22,2013/11/25,613,2231,337,679,2078,1560,885,1073741824,3816,1963,12271,72,333,2013/11/29
22,2013/12/03,843,2255,440,854,2296,1867,1090,1073741824,4026,561,11917,136,342,2013/12/08
22,2013/12/11,329,1907,178,273,1956,1359,641,1073741824,3796,5679,11586,200,345,2013/12/11
22,2013/12/19,663,2314,344,704,2005,1856,1152,1075838976,4169,596,12218,72,358,2013/12/24
22,2013/12/27,710,2591,352,766,2840,2022,1222,1073741824,4252,870,-4694,72,2,2013/01/02