site-id,lat,lon,tile-h,tile-v,pixel-col,pixel_row
1,20.642243,93.073223,26,6,3406,4491
2,16.619846,94.999704,27,7,494,1622
3,18.330653,95.645518,27,7,380,801
4,20.357012,94.704249,26,6,4218,4628
5,22.399105,95.660529,26,6,4052,3648
id,Date,250m 16 days NDVI,250m 16 days EVI,250m 16 days VI Quality,250m 16 days red reflectance,250m 16 days NIR reflectance,250m 16 days blue reflectance,250m 16 days MIR reflectance,250m 16 days view zenith angle,250m 16 days sun zenith angle,250m 16 days relative azimuth angle,250m 16 days composite day of the year,250m 16 days pixel reliability,actual_date
1,2003/01/01,3753,2246,2116,1096,2413,578,1811,113,4764,2556,5,0,N\A
1,2003/01/17,3619,2238,2116,1191,2542,613,1958,165,4591,2457,21,0,N\A
1,2003/02/02,3345,2134,2116,1308,2623,676,2396,1232,4101,416,46,0,N\A
1,2003/02/18,2961,1439,2116,878,1617,540,1963,151,3806,2247,53,0,N\A
1,2003/03/06,3148,1661,2116,1026,1969,525,2102,2735,3166,2221,67,0,N\A
1,2003/03/22,2925,1459,2189,982,1794,503,2061,4688,2482,2220,81,1,N\A
1,2003/04/07,2967,1624,2257,1083,1997,590,2243,2800,2074,2077,99,1,N\A
1,2003/04/23,3629,2188,34838,1162,2486,578,2115,3794,1431,1894,122,3,N\A
1,2003/05/09,3106,1804,2189,1207,2295,595,2198,4678,1206,1836,129,1,N\A
1,2003/05/25,4552,3334,34837,1268,3387,681,2025,2490,2019,-162,151,1,N\A
1,2003/06/10,1979,920,3294,1074,1604,487,451,2490,2094,-204,167,3,N\A
1,2003/06/26,984,1718,2066,3000,3655,2950,2093,5869,2764,-155,187,3,N\A
1,2003/07/12,2792,1480,34842,987,1752,634,559,4602,2541,-119,201,3,N\A
1,2003/07/28,5374,2984,3226,674,2240,422,588,4592,2590,-34,217,3,N\A
1,2003/08/13,5685,2073,35874,365,1327,256,335,77,2083,2109,229,3,N\A
1,2003/08/29,5959,5977,2066,723,2856,1103,716,5888,1872,2274,255,3,N\A
1,2003/09/14,7884,8498,2185,482,4075,853,1466,3683,3116,373,272,1,N\A
1,2003/09/30,7797,5743,2185,481,3886,260,602,2572,3194,428,279,1,N\A
1,2003/10/16,7431,4978,2185,494,3352,262,622,1286,3773,526,302,1,N\A
1,2003/11/01,7283,5021,2116,559,3556,265,680,2763,3751,2404,307,0,N\A
1,2003/11/17,4708,2979,2116,1061,2949,463,1282,278,4321,2382,325,0,N\A
1,2003/12/03,4035,2582,2116,1164,2739,597,1509,333,4621,2351,341,0,N\A
1,2003/12/19,3562,2225,2116,1235,2602,621,1935,1086,4839,563,1,0,N\A
2,2003/01/01,3237,1803,2116,1062,2079,580,1667,2840,4573,499,9,0,N\A
2,2003/01/17,2976,1813,2116,1396,2579,619,1874,3874,4575,460,18,0,N\A
2,2003/02/02,5531,2947,2116,611,2124,394,1591,1381,3657,2237,46,0,N\A
2,2003/02/18,7085,4395,2116,482,2826,318,1233,96,3493,543,55,0,N\A
2,2003/03/06,7504,5396,2116,484,3395,375,1499,116,2998,129,71,0,N\A
2,2003/03/22,5754,4348,2116,958,3555,583,2116,2775,2712,180,89,0,N\A
2,2003/04/07,4862,2925,2116,889,2572,470,1764,65,2115,174,103,0,N\A
2,2003/04/23,4234,2431,2185,932,2301,509,1947,2625,1618,1797,117,1,N\A
2,2003/05/09,3826,2500,2186,1284,2876,622,2177,3883,2277,-133,130,3,N\A
2,2003/05/25,2639,2259,2066,1284,2205,1296,932,5954,1048,1432,145,3,N\A
2,2003/06/10,2009,1660,2066,1783,2680,1316,948,5426,2686,-251,164,3,N\A
2,2003/06/26,2584,1891,34838,1374,2332,1055,1038,1530,2251,-260,192,3,N\A
2,2003/07/12,2600,2128,2062,1554,2646,1219,908,1602,2256,-185,208,3,N\A
2,2003/07/28,7383,1739,36074,126,837,183,137,6384,1078,1628,216,3,N\A
2,2003/08/13,4589,6019,2066,1108,2988,1577,1420,4791,2681,2,235,3,N\A
2,2003/08/29,4344,5479,2062,1565,3969,1652,1465,3931,2559,62,242,3,N\A
2,2003/09/14,8011,4701,34961,314,2844,170,515,1309,2434,2186,270,1,N\A
2,2003/09/30,6846,5203,2062,376,2009,856,924,3737,2646,2319,284,3,N\A
2,2003/10/16,7143,4924,2185,577,3463,303,880,1548,3519,494,304,1,N\A
2,2003/11/01,6497,4162,2116,650,3062,330,981,57,3637,447,311,0,N\A
2,2003/11/17,5104,3044,2116,876,2703,394,1319,2767,3872,2405,325,0,N\A
2,2003/12/03,3379,1934,2116,1097,2217,577,1871,117,4312,2284,343,0,N\A
2,2003/12/19,2712,1292,2116,943,1645,497,1454,116,4447,2309,359,0,N\A
3,2003/01/01,3361,1875,2116,1081,2176,542,1797,113,4561,2532,7,0,N\A
3,2003/01/17,3377,1871,2116,1106,2234,507,1892,180,4375,2249,23,0,N\A
3,2003/02/02,2959,1669,2116,1181,2174,585,2080,207,4036,2188,39,0,N\A
3,2003/02/18,2736,1773,2116,1522,2669,751,2919,2591,3725,372,57,0,N\A
3,2003/03/06,2684,1665,2116,1399,2426,720,2851,134,3074,2151,71,0,N\A
3,2003/03/22,2806,1544,2120,1187,2113,566,2230,4747,2253,2171,83,1,N\A
3,2003/04/07,2651,1937,2185,1839,3166,944,3415,3664,2647,145,98,1,N\A
3,2003/04/23,4311,3854,34842,874,2199,1180,2441,5402,1120,1830,122,3,N\A
3,2003/05/09,2669,1959,3298,1454,2513,1030,2219,5891,2635,-142,141,3,N\A
3,2003/05/25,3917,2275,35034,1034,2366,525,1655,3937,1426,1509,156,3,N\A
3,2003/06/10,2801,1788,2066,1214,2159,831,941,6376,2879,-208,166,3,N\A
3,2003/06/26,1642,1715,2066,1595,2222,1687,779,5433,1313,1465,186,3,N\A
3,2003/07/12,2934,2717,2066,1624,2973,1374,1391,4651,2610,-161,203,3,N\A
3,2003/07/28,6411,3064,35038,502,2296,90,504,6423,1026,1715,216,3,N\A
3,2003/08/13,6170,4491,35878,607,2563,709,801,4697,1487,1832,227,3,N\A
3,2003/08/29,7974,4090,36002,287,2547,61,521,4688,1648,2029,243,3,N\A
3,2003/09/14,7251,3450,2185,328,2059,198,387,1526,2528,2203,270,1,N\A
3,2003/09/30,6848,3839,2061,382,2042,470,1174,147,2854,2392,279,1,N\A
3,2003/10/16,6815,3675,2185,454,2397,254,730,1545,3454,2378,302,1,N\A
3,2003/11/01,6125,3302,2116,568,2364,290,1014,181,3770,2283,311,0,N\A
3,2003/11/17,5265,3036,2116,761,2454,411,1441,2939,4017,2419,325,0,N\A
3,2003/12/03,3288,1844,2116,1089,2156,564,1949,361,4448,2440,343,0,N\A
3,2003/12/19,2990,1626,2116,1146,2124,529,2117,362,4579,2436,359,0,N\A
4,2003/01/01,3412,1585,2116,835,1700,409,1509,3918,4576,2396,3,0,N\A
4,2003/01/17,3065,1587,2116,1010,1903,520,1889,1681,4493,2333,21,0,N\A
4,2003/02/02,3311,1959,2116,1204,2396,588,2016,314,3987,2277,46,0,N\A
4,2003/02/18,2996,1818,2116,1332,2472,639,2070,243,3490,2254,62,0,N\A
4,2003/03/06,2641,1695,2116,1479,2541,768,2310,293,2946,2256,78,0,N\A
4,2003/03/22,3023,1773,2116,1207,2253,633,1952,2920,2265,2109,92,0,N\A
4,2003/04/07,3402,2071,2185,1237,2513,605,1822,2901,1809,1999,108,1,N\A
4,2003/04/23,2989,1665,2185,1150,2131,574,1623,3908,1530,1963,115,1,N\A
4,2003/05/09,2863,1557,2185,1119,2017,575,1780,3927,1314,1785,131,1,N\A
4,2003/05/25,3335,2081,2257,1271,2543,652,2113,1726,1581,1642,149,1,N\A
4,2003/06/10,4950,3103,2262,938,2777,479,1393,5797,2638,-170,164,3,N\A
4,2003/06/26,5781,4477,2066,913,3416,656,1106,6327,2912,-150,189,3,N\A
4,2003/07/12,4842,2485,34966,728,2095,362,688,4717,1393,1657,202,3,N\A
4,2003/07/28,3982,2661,2066,945,2196,815,800,5402,1268,1719,209,3,N\A
4,2003/08/13,3475,2170,34842,673,1390,956,767,5966,1316,2024,232,3,N\A
4,2003/08/29,6758,4723,34966,616,3185,438,955,5270,2952,191,251,3,N\A
4,2003/09/14,7614,3534,2116,277,2045,160,429,244,2748,2287,270,0,N\A
4,2003/09/30,7877,4048,2116,280,2359,160,446,270,3199,2368,286,0,N\A
4,2003/10/16,7743,5431,2185,459,3610,248,773,2471,3869,538,304,1,N\A
4,2003/11/01,7265,4284,2116,445,2810,224,695,1672,3828,2409,309,0,N\A
4,2003/11/17,5708,3353,2120,733,2683,339,925,4004,4108,2441,323,0,N\A
4,2003/12/03,3560,1715,2116,850,1790,425,1480,3050,4576,2417,348,0,N\A
4,2003/12/19,2916,1456,2116,958,1747,527,1812,941,4805,559,359,0,N\A
5,2003/01/01,5374,2963,2116,683,2270,397,1148,693,4807,2353,14,0,N\A
5,2003/01/17,4871,2788,2116,816,2366,449,1437,670,4738,524,23,0,N\A
5,2003/02/02,4096,2227,2116,907,2166,464,1447,652,4387,486,39,0,N\A
5,2003/02/18,3290,1759,2116,991,1963,546,2086,2046,3818,2280,53,0,N\A
5,2003/03/06,2615,1410,2185,1122,1917,608,2337,712,3037,2202,78,1,N\A
5,2003/03/22,2583,1360,2185,1078,1829,600,2306,2064,2692,2182,85,1,N\A
5,2003/04/07,2539,1547,2185,1362,2289,731,2773,2040,2254,157,112,1,N\A
5,2003/04/23,2387,1371,2185,1299,2114,674,2342,684,1754,1895,126,1,N\A
5,2003/05/09,2860,1468,2258,1056,1902,511,1299,757,1636,1732,142,3,N\A
5,2003/05/25,2865,1661,2189,1219,2198,637,1910,4197,1209,1727,147,1,N\A
5,2003/06/10,3063,2087,2066,1691,3185,725,2101,5576,2531,-129,164,3,N\A
5,2003/06/26,3001,1788,2066,942,1750,814,1462,4948,1241,1638,186,3,N\A
5,2003/07/12,3549,3109,34838,975,2048,1236,1877,1991,1718,1703,197,3,N\A
5,2003/07/28,3526,2139,34842,1103,2305,650,1257,6067,1148,1915,216,3,N\A
5,2003/08/13,5926,3984,34842,951,3718,275,1430,6164,3075,116,237,3,N\A
5,2003/08/29,2870,2514,2066,2003,3616,1280,2363,5017,2980,233,251,3,N\A
5,2003/09/14,4092,2638,2066,924,2204,749,745,6505,2485,2432,271,3,N\A
5,2003/09/30,1607,920,2116,1423,1968,760,359,2040,3541,506,288,0,N\A
5,2003/10/16,3230,1738,2185,1050,2052,526,654,686,3836,2428,302,1,N\A
5,2003/11/01,3353,1787,2116,993,1995,525,1505,670,4152,586,311,0,N\A
5,2003/11/17,3357,1586,2116,818,1645,469,1809,1858,4780,581,336,0,N\A
5,2003/12/03,4198,2056,2116,724,1772,450,1472,902,4857,2429,350,0,N\A
5,2003/12/19,5156,2519,2116,613,1918,353,1296,891,4903,2371,1,0,N\A