site-id,lat,lon,tile-h,tile-v,pixel-col,pixel_row
1,22.388955,87.887762,26,6,606,3653
2,22.109358,87.641725,26,6,574,3787
3,25.367479,84.121043,25,6,2884,2223
4,16.614743,81.682847,25,7,3970,1624
5,16.107974,80.633416,25,7,3584,1868
6,10.868029,79.425993,25,7,3840,4383
id,Date,250m 16 days NDVI,250m 16 days EVI,250m 16 days VI Quality,250m 16 days red reflectance,250m 16 days NIR reflectance,250m 16 days blue reflectance,250m 16 days MIR reflectance,250m 16 days view zenith angle,250m 16 days sun zenith angle,250m 16 days relative azimuth angle,250m 16 days composite day of the year,250m 16 days pixel reliability,actual_date
1,2009/01/01,5379,1824,2257,377,1255,198,647,2021,4805,2373,8,1,N\A
1,2009/01/17,4931,2138,2185,557,1641,308,684,706,4675,522,26,1,N\A
1,2009/02/02,6442,2803,2257,386,1784,218,625,3181,3920,2297,47,1,N\A
1,2009/02/18,6454,3387,2185,501,2325,249,692,716,3802,402,58,1,N\A
1,2009/03/06,5910,2709,2185,500,1945,215,750,694,3474,2253,65,1,N\A
1,2009/03/22,7208,4095,2185,430,2651,223,556,2045,2566,2154,88,1,N\A
1,2009/04/07,5694,3001,2116,620,2260,309,752,720,2378,2068,97,0,N\A
1,2009/04/23,3605,1986,2185,965,2053,553,1570,2055,1689,1952,120,1,N\A
1,2009/05/09,2874,1655,2185,1227,2217,617,1879,720,1699,1865,129,1,N\A
1,2009/05/25,4621,2527,2257,834,2267,413,644,2040,1910,-93,147,1,N\A
1,2009/06/10,5566,3404,2185,784,2753,400,877,2059,1961,-147,163,1,N\A
1,2009/06/26,4903,2315,3222,661,1933,289,420,788,1939,-120,186,3,N\A
1,2009/07/12,3556,3272,2062,1427,3002,1271,1558,3269,2300,-60,204,3,N\A
1,2009/07/28,5557,3089,2262,689,2413,346,578,4220,2482,-16,213,3,N\A
1,2009/08/13,4284,3911,2062,1070,2674,1179,1092,751,2236,182,234,3,N\A
1,2009/08/29,6385,3011,2257,443,2008,223,439,3162,2298,2207,255,1,N\A
1,2009/09/14,7149,3525,34837,372,2238,165,373,734,2855,379,266,1,N\A
1,2009/09/30,6534,3910,2185,586,2796,291,711,3232,3521,463,284,1,N\A
1,2009/10/16,6515,3158,2185,442,2095,222,503,733,3791,551,298,1,N\A
1,2009/11/01,6507,2964,2185,407,1924,210,477,2009,4095,2411,312,1,N\A
1,2009/11/17,5475,2749,2116,644,2203,252,477,2050,4532,588,323,0,N\A
1,2009/12/03,4574,2120,2257,666,1789,339,901,727,4884,542,346,1,N\A
1,2009/12/19,5309,2453,2257,561,1831,301,966,743,4974,536,362,1,N\A
2,2009/01/01,3961,1971,2257,753,1741,497,286,3059,4655,2365,15,1,N\A
2,2009/01/17,6653,3579,2185,476,2369,267,516,870,4662,481,26,1,N\A
2,2009/02/02,8353,5807,2257,329,3668,169,739,870,4281,441,42,1,N\A
2,2009/02/18,8795,5984,2116,231,3606,119,652,531,3995,2295,49,0,N\A
2,2009/03/06,8173,5632,2185,353,3513,214,683,530,3465,2220,65,1,N\A
2,2009/03/22,4763,3420,2116,1255,3538,584,1679,3316,2876,249,92,0,N\A
2,2009/04/07,3275,1928,2116,1196,2361,591,1786,558,2378,2101,97,0,N\A
2,2009/04/23,1813,1158,2116,1727,2492,846,2511,2168,2182,127,115,0,N\A
2,2009/05/09,1703,889,2116,1261,1779,638,1784,557,1713,1823,129,0,N\A
2,2009/05/25,1458,1677,2066,1736,2329,1854,1771,4847,1113,1635,157,3,N\A
2,2009/06/10,1562,2326,2062,2678,3670,2544,2810,3372,2172,-154,172,3,N\A
2,2009/06/26,1307,2156,2066,3022,3931,2870,1574,4328,2360,-147,181,3,N\A
2,2009/07/12,1260,4549,2066,2610,3363,3318,1992,6450,867,1669,194,3,N\A
2,2009/07/28,1522,1933,2066,1790,2433,1981,1108,4328,2500,-19,213,3,N\A
2,2009/08/13,1578,1584,2066,1720,2365,1668,844,4318,2596,80,229,3,N\A
2,2009/08/29,741,2347,2066,3778,4383,4081,1831,4033,1979,2148,246,3,N\A
2,2009/09/14,1792,446,2257,474,681,258,-1000,3363,3090,371,268,1,N\A
2,2009/09/30,-608,-154,2185,628,556,361,161,3363,3511,464,284,1,N\A
2,2009/10/16,130,30,2185,528,542,316,119,1854,3596,2380,296,1,N\A
2,2009/11/01,1406,355,2185,498,661,290,-1000,2205,4099,551,307,1,N\A
2,2009/11/17,1612,442,2261,546,756,288,82,4042,4350,2446,326,1,N\A
2,2009/12/03,1920,695,2257,732,1080,396,258,3040,4762,2410,351,1,N\A
2,2009/12/19,3134,1082,2257,587,1123,302,125,1845,4846,2400,360,1,N\A
3,2009/01/01,5314,2533,2257,596,1948,291,968,2100,5004,2384,13,1,N\A
3,2009/01/17,7442,4789,2257,463,3158,249,873,562,4796,513,31,1,N\A
3,2009/02/02,7515,4880,2185,449,3166,259,820,565,4361,422,47,1,N\A
3,2009/02/18,7344,4754,2116,473,3090,289,825,792,4061,2262,54,0,N\A
3,2009/03/06,4200,2350,2116,889,2177,508,1371,544,3251,409,79,0,N\A
3,2009/03/22,3348,1795,2116,997,2001,534,1460,828,2907,2186,86,0,N\A
3,2009/04/07,2453,1457,2116,1378,2274,689,2049,838,2367,2148,102,0,N\A
3,2009/04/23,2018,1294,2116,1607,2420,848,2712,537,1895,102,127,0,N\A
3,2009/05/09,1968,1313,2116,1736,2587,907,2801,3026,2128,102,129,0,N\A
3,2009/05/25,2500,1703,2116,1602,2670,881,2890,574,1739,-104,159,0,N\A
3,2009/06/10,2540,1975,2116,1950,3278,1090,3409,1904,1911,-78,168,0,N\A
3,2009/06/26,2032,1936,2066,2036,3075,1584,3226,4076,2289,-57,186,3,N\A
3,2009/07/12,2731,2206,2062,1949,3414,1135,2520,628,2015,-12,207,3,N\A
3,2009/07/28,3025,1993,35038,1471,2747,743,1688,4066,2511,84,218,3,N\A
3,2009/08/13,4624,2278,34838,720,1959,358,683,2064,2157,2113,237,3,N\A
3,2009/08/29,6598,3460,2185,483,2357,229,443,589,2758,371,255,1,N\A
3,2009/09/14,7121,4100,2185,441,2623,262,569,774,2858,2239,262,1,N\A
3,2009/09/30,7833,4686,2185,356,2930,178,553,598,3692,531,287,1,N\A
3,2009/10/16,8102,5019,2185,315,3006,199,581,774,3858,2386,294,1,N\A
3,2009/11/01,8020,5075,2185,343,3122,199,663,3209,4206,2438,308,1,N\A
3,2009/11/17,4331,2489,2185,928,2346,490,1232,2091,4859,2444,333,1,N\A
3,2009/12/03,3134,1761,2257,1114,2131,584,1582,792,5044,2407,342,1,N\A
3,2009/12/19,2690,1365,2185,1043,1811,535,1898,3064,5306,572,353,1,N\A
4,2009/01/01,3140,1230,2185,686,1314,356,256,2315,4545,498,8,1,N\A
4,2009/01/17,4472,1675,2185,524,1372,248,321,1890,4029,2291,29,1,N\A
4,2009/02/02,8470,5190,2257,257,3103,125,591,1891,3635,2251,45,1,N\A
4,2009/02/18,8907,6389,2185,224,3876,124,574,486,3465,2172,54,1,N\A
4,2009/03/06,9776,6574,2261,41,3634,29,424,4130,2478,2164,75,1,N\A
4,2009/03/22,7988,5650,2189,412,3684,224,560,4141,1954,2061,91,1,N\A
4,2009/04/07,6295,4379,2116,746,3281,438,952,533,2060,1963,102,0,N\A
4,2009/04/23,3764,2388,2116,1220,2693,613,1777,531,1819,1764,118,0,N\A
4,2009/05/09,4201,2419,2262,984,2410,477,1319,4958,1183,1628,130,3,N\A
4,2009/05/25,3549,2418,2262,1472,3092,690,1816,6327,2826,-205,149,3,N\A
4,2009/06/10,2728,1770,2186,1507,2638,761,1913,3097,1673,1443,164,3,N\A
4,2009/06/26,2376,1489,2066,1033,1677,942,937,6102,1233,1403,192,3,N\A
4,2009/07/12,1970,914,2185,986,1470,553,568,415,2041,1590,198,1,N\A
4,2009/07/28,1507,700,2185,1141,1546,525,378,432,2017,1688,214,1,N\A
4,2009/08/13,4694,3025,3098,765,2119,736,462,995,2187,54,239,3,N\A
4,2009/08/29,7250,4213,2185,441,2767,215,561,3503,2482,62,241,1,N\A
4,2009/09/14,8769,5967,2261,234,3570,133,630,4110,2140,2224,267,1,N\A
4,2009/09/30,8489,5227,2185,253,3097,135,449,986,3033,441,287,1,N\A
4,2009/10/16,8240,5500,2185,331,3431,177,528,2333,3362,477,296,1,N\A
4,2009/11/01,8186,5955,2257,395,3962,181,645,3485,3685,483,305,1,N\A
4,2009/11/17,3548,1935,2116,1020,2142,503,1753,968,4242,571,335,0,N\A
4,2009/12/03,3265,1539,2116,900,1773,400,1429,1873,4313,2394,349,0,N\A
4,2009/12/19,3420,1696,2185,933,1903,427,1192,468,4430,2377,358,1,N\A
5,2009/01/01,4959,2399,2185,648,1923,337,1211,390,4411,545,6,1,N\A
5,2009/01/17,6981,4490,2185,564,3173,271,850,391,4244,519,22,1,N\A
5,2009/02/02,7292,4821,2257,511,3264,274,652,1804,3792,372,47,1,N\A
5,2009/02/18,6664,4374,2185,630,3147,339,1047,394,3493,297,54,1,N\A
5,2009/03/06,5449,3658,2185,888,3015,508,1747,3035,3178,262,72,1,N\A
5,2009/03/22,4102,2426,2116,1022,2444,523,1777,363,2523,242,86,0,N\A
5,2009/04/07,3658,2116,2185,1061,2285,559,1776,1102,1870,1867,109,1,N\A
5,2009/04/23,3117,1914,2116,1285,2449,661,2045,354,1912,-25,118,0,N\A
5,2009/05/09,3215,1700,2185,1017,1981,521,1635,2431,1578,1616,132,1,N\A
5,2009/05/25,3579,1713,35038,834,1764,427,1348,5225,1308,1397,153,3,N\A
5,2009/06/10,2636,1450,34842,933,1601,758,1091,6312,1182,1291,167,3,N\A
5,2009/06/26,2059,842,34838,777,1180,518,1025,2348,1861,1460,180,3,N\A
5,2009/07/12,1854,710,2118,797,1160,423,1083,992,1995,1589,205,3,N\A
5,2009/07/28,1821,869,2186,1109,1603,540,1391,3091,2406,-134,216,3,N\A
5,2009/08/13,1286,850,2062,1189,1540,1114,976,2367,1807,1768,228,3,N\A
5,2009/08/29,4359,1869,2116,623,1586,326,510,1028,2116,2022,253,0,N\A
5,2009/09/14,7749,3897,2185,293,2311,150,541,3529,2162,2194,267,1,N\A
5,2009/09/30,7741,3885,2185,294,2310,147,442,417,2726,388,278,1,N\A
5,2009/10/16,8402,4196,2185,203,2339,111,348,1046,3281,2349,301,1,N\A
5,2009/11/01,8721,6715,2261,288,4219,175,712,4095,3698,469,305,1,N\A
5,2009/11/17,6632,3824,2116,542,2677,263,589,1055,4078,2389,333,0,N\A
5,2009/12/03,5306,3057,2116,765,2495,392,992,400,4285,598,342,0,N\A
5,2009/12/19,4666,2590,2185,812,2233,452,1342,3072,4578,512,360,1,N\A
6,2009/01/01,6332,3208,2185,496,2209,245,770,443,4008,472,6,1,N\A
6,2009/01/17,6382,3526,2189,554,2509,263,798,5282,3401,2312,25,1,N\A
6,2009/02/02,5387,3642,2120,1004,3349,437,1448,5012,3944,312,42,1,N\A
6,2009/02/18,4600,2621,2116,875,2366,453,1593,1038,2891,2088,61,0,N\A
6,2009/03/06,5591,3343,2116,718,2539,431,1520,1056,2456,1981,77,0,N\A
6,2009/03/22,5767,3727,2116,789,2939,434,1584,416,2381,106,86,0,N\A
6,2009/04/07,5416,3239,2116,787,2647,402,1498,1074,1907,1674,109,0,N\A
6,2009/04/23,4436,2797,2185,1137,2950,476,1746,416,2034,-195,118,1,N\A
6,2009/05/09,3646,2130,2185,1124,2414,536,1387,2441,1819,1464,132,1,N\A
6,2009/05/25,3918,2359,2116,1123,2570,530,1747,3146,2534,-370,152,0,N\A
6,2009/06/10,5588,3225,2190,721,2548,362,1094,6373,1616,1179,167,3,N\A
6,2009/06/26,4598,3397,34842,1343,3630,648,1825,5704,3098,-345,179,3,N\A
6,2009/07/12,4130,2608,2262,1175,2829,537,1471,5861,1571,1366,208,3,N\A
6,2009/07/28,3882,2815,2066,1592,3613,696,1851,5704,3055,-249,211,3,N\A
6,2009/08/13,5207,2716,3226,705,2237,316,1211,5877,1238,1743,240,3,N\A
6,2009/08/29,4344,2611,2116,996,2526,514,1450,1011,1985,1899,253,0,N\A
6,2009/09/14,4504,2533,2116,863,2278,466,1389,479,2187,173,262,0,N\A
6,2009/09/30,3068,1612,2116,1090,2055,485,784,481,2421,270,278,0,N\A
6,2009/10/16,3569,1623,34961,771,1627,409,490,3156,3027,392,296,1,N\A
6,2009/11/01,5657,2021,2261,411,1482,94,370,4510,2796,2369,306,1,N\A
6,2009/11/17,8806,6623,2261,261,4113,152,931,6221,4205,434,332,1,N\A
6,2009/12/03,8996,5601,2061,177,3351,33,522,2404,3690,2369,340,1,N\A
6,2009/12/19,8711,7597,2261,352,5112,208,1023,6232,4571,417,364,1,N\A