site-id,lat,lon,tile-h,tile-v,pixel-col,pixel_row
1,11.285329,104.86298,28,7,1361,4183
2,11.231328,104.839001,28,7,1358,4208
4,11.206289,104.880867,28,7,1382,4220
5,11.210508,104.916488,28,7,1399,4218
6,11.168756,104.92255,28,7,1408,4238
7,11.139514,104.950413,28,7,1427,4253
8,11.135424,104.931886,28,7,1419,4254
9,11.085529,104.807618,28,7,1368,4278
10,11.097829,104.816336,28,7,1371,4273
11,11.118883,104.828184,28,7,1373,4262
12,11.131352,104.828403,28,7,1371,4256
17,11.051932,104.732049,28,7,1339,4295
20,11.256236,104.669843,28,7,1275,4197
id,Date,250m 16 days NDVI,250m 16 days EVI,250m 16 days VI Quality,250m 16 days red reflectance,250m 16 days NIR reflectance,250m 16 days blue reflectance,250m 16 days MIR reflectance,250m 16 days view zenith angle,250m 16 days sun zenith angle,250m 16 days relative azimuth angle,250m 16 days composite day of the year,250m 16 days pixel reliability,actual_date
1,2013/01/01,3003,2264,2116,1811,3366,942,3382,1348,4080,453,10,0,N\A
1,2013/01/17,2965,2082,2116,1633,3010,837,2858,144,3933,2472,17,0,N\A
1,2013/02/02,2735,2058,2185,1920,3366,977,3349,1384,3600,363,42,1,N\A
1,2013/02/18,4395,2857,3298,985,2530,394,1966,6531,2625,2280,50,3,N\A
1,2013/03/06,2665,1920,2185,1787,3086,920,3515,144,2889,2018,65,1,N\A
1,2013/03/22,2636,2117,2066,1743,2991,1125,2421,6484,3194,-7,96,3,N\A
1,2013/04/07,3832,3045,2066,1437,3223,1021,2438,6492,3037,-114,112,3,N\A
1,2013/04/23,5250,4462,2066,1223,3927,898,1827,6508,3016,-213,128,3,N\A
1,2013/05/09,5450,3942,2118,926,3145,495,1708,3928,1645,1426,134,3,N\A
1,2013/05/25,5513,4086,34842,945,3268,489,1914,5518,1563,1276,148,3,N\A
1,2013/06/10,4881,4388,2062,1437,4178,763,2305,2682,2550,-386,163,3,N\A
1,2013/06/26,5019,4159,34842,1235,3724,1103,1908,5518,1784,1264,180,3,N\A
1,2013/07/12,3969,3598,2066,1715,3973,790,2663,6048,3173,-285,199,3,N\A
1,2013/07/28,2967,1491,2066,885,1632,1008,515,5508,1580,1422,212,3,N\A
1,2013/08/13,2891,1863,2116,1480,2684,721,762,3966,1679,1629,230,0,N\A
1,2013/08/29,4827,3970,35874,1268,3635,733,1034,3781,2508,41,252,3,N\A
1,2013/09/14,3019,2547,2062,1778,3316,1728,1654,2664,2394,118,259,3,N\A
1,2013/09/30,7836,5483,2257,439,3619,234,734,3825,2861,312,284,1,N\A
1,2013/10/16,7961,6089,2120,480,4229,229,790,4750,3160,349,293,1,N\A
1,2013/11/01,7378,4915,2116,508,3367,250,698,91,3060,2567,305,0,N\A
1,2013/11/17,3455,1954,2116,1163,2391,488,950,2874,3620,2368,335,0,N\A
1,2013/12/03,2795,1873,2116,1671,2968,758,1789,1349,3988,492,346,0,N\A
1,2013/12/19,2898,1839,2185,1438,2612,705,2061,2917,3876,2333,2,1,N\A
2,2013/01/01,3437,2209,2116,1412,2891,617,2376,1366,4077,475,10,0,N\A
2,2013/01/17,3088,2000,2116,1421,2691,713,2379,117,3929,2204,17,0,N\A
2,2013/02/02,3042,2025,2116,1521,2851,741,2760,99,3683,2299,33,0,N\A
2,2013/02/18,5179,3138,2262,771,2428,408,1942,6531,2621,2279,50,3,N\A
2,2013/03/06,2971,2017,2185,1562,2883,785,3032,128,2888,2174,65,1,N\A
2,2013/03/22,3185,2724,34842,1771,3427,936,3536,4690,2942,84,85,3,N\A
2,2013/04/07,3710,2172,34838,962,2097,288,1871,3995,1623,1783,102,3,N\A
2,2013/04/23,4437,3255,2066,1155,2998,843,1101,6514,3019,-211,128,3,N\A
2,2013/05/09,3841,2058,3154,840,1888,453,604,3924,1649,1425,134,3,N\A
2,2013/05/25,4736,3334,34842,1032,2889,615,1111,4823,1776,1286,157,3,N\A
2,2013/06/10,3676,3053,2062,1573,3402,783,1840,116,2286,1368,161,3,N\A
2,2013/06/26,4875,4233,34842,1363,3957,736,1480,6521,3321,-300,192,3,N\A
2,2013/07/12,3176,2093,2116,1654,3194,630,1440,83,2374,1732,193,0,N\A
2,2013/07/28,3304,2777,34842,1696,3370,1536,1445,5508,1583,1421,212,3,N\A
2,2013/08/13,1886,1387,2116,2234,3273,1061,1180,1582,1965,1657,232,0,N\A
2,2013/08/29,4910,3554,34842,1037,3038,733,815,5432,2808,47,254,3,N\A
2,2013/09/14,3817,2880,2062,1336,2986,1187,1258,2673,2393,111,259,3,N\A
2,2013/09/30,7570,5196,2257,471,3407,281,892,3835,2860,307,284,1,N\A
2,2013/10/16,7632,5406,2120,485,3612,275,888,4760,3159,353,293,1,N\A
2,2013/11/01,7930,5495,2116,412,3569,224,758,2729,3280,443,307,0,N\A
2,2013/11/17,7124,4789,2116,554,3299,306,816,2865,3616,2375,335,0,N\A
2,2013/12/03,4914,3161,2116,994,2915,492,1200,1567,3817,2350,344,0,N\A
2,2013/12/19,3315,2148,2116,1386,2761,677,1855,1321,4099,506,362,0,N\A
4,2013/01/01,3226,2053,2116,1460,2851,623,2301,1312,4072,444,10,0,N\A
4,2013/01/17,3359,2195,2116,1422,2861,668,2387,164,3925,2156,17,0,N\A
4,2013/02/02,3020,2002,2116,1518,2832,738,2635,143,3679,2198,33,0,N\A
4,2013/02/18,3587,3162,2262,1746,3700,867,3097,6492,3824,184,64,3,N\A
4,2013/03/06,3177,2163,2185,1557,3007,746,2869,171,2883,2084,65,1,N\A
4,2013/03/22,3333,2733,2066,1627,3254,817,3148,4670,2938,85,85,3,N\A
4,2013/04/07,3976,2738,34842,1145,2657,596,1816,4878,1402,1692,109,3,N\A
4,2013/04/23,4935,3881,34842,1162,3427,864,1294,6496,3014,-215,128,3,N\A
4,2013/05/09,5052,4298,2066,1276,3882,949,1510,5443,2799,-297,142,3,N\A
4,2013/05/25,5771,4049,2122,825,3077,442,1529,5529,1567,1275,148,3,N\A
4,2013/06/10,5554,4046,2066,914,3198,1076,787,6102,1665,1210,171,3,N\A
4,2013/06/26,5044,4017,34838,1158,3516,700,1960,3976,2013,1327,182,3,N\A
4,2013/07/12,4882,4372,2066,1428,4153,724,2303,6036,3173,-288,199,3,N\A
4,2013/07/28,3972,3233,2118,1455,3373,594,1847,1600,2092,1534,216,3,N\A
4,2013/08/13,2955,2016,2116,1790,3292,721,1634,1627,1960,1653,232,0,N\A
4,2013/08/29,3850,2486,35934,1071,2412,491,737,5550,1319,1819,244,3,N\A
4,2013/09/14,4427,3077,34842,1073,2778,872,510,4851,1758,2150,269,3,N\A
4,2013/09/30,7098,4492,2257,503,2964,305,680,3806,2855,309,284,1,N\A
4,2013/10/16,7779,5648,2120,473,3787,261,823,4731,3153,347,293,1,N\A
4,2013/11/01,7237,4014,2116,420,2621,191,493,111,3053,2132,305,0,N\A
4,2013/11/17,7061,4488,2116,530,3077,276,753,2902,3612,2371,335,0,N\A
4,2013/12/03,5578,3545,2116,824,2903,425,1077,1609,3813,2360,344,0,N\A
4,2013/12/19,3313,2144,2116,1435,2857,652,1963,1276,4095,473,362,0,N\A
5,2013/01/01,3157,2099,2116,1571,3021,691,2457,1276,4070,440,10,0,N\A
5,2013/01/17,2825,1916,2116,1581,2826,810,2659,198,3923,2201,17,0,N\A
5,2013/02/02,4036,2753,2262,1119,2634,502,2261,5540,3167,2284,36,3,N\A
5,2013/02/18,3246,2996,2262,1976,3876,931,3497,6484,3822,183,64,3,N\A
5,2013/03/06,2854,2083,2185,1757,3161,914,3566,207,2880,2106,65,1,N\A
5,2013/03/22,2793,2345,34842,1823,3236,1131,2695,6472,3190,-5,96,3,N\A
5,2013/04/07,3431,2678,34838,1491,3049,899,3047,2977,1688,1674,111,3,N\A
5,2013/04/23,4146,3331,34842,1386,3350,979,1860,6484,3011,-215,128,3,N\A
5,2013/05/09,3949,3394,2066,1585,3654,784,1767,5426,2796,-295,142,3,N\A
5,2013/05/25,4614,3343,2190,1099,2982,550,2179,5545,1564,1276,148,3,N\A
5,2013/06/10,5695,4102,34842,871,3176,1085,961,6114,1662,1207,171,3,N\A
5,2013/06/26,4733,4205,2066,1452,4062,926,1898,6002,3166,-328,183,3,N\A
5,2013/07/12,4582,3543,34842,1213,3265,852,1909,5529,1731,1318,196,3,N\A
5,2013/07/28,3222,2394,34894,1433,2796,782,2061,1636,2088,1537,216,3,N\A
5,2013/08/13,2798,2159,2116,1831,3254,1036,1933,1663,1956,1656,232,0,N\A
5,2013/08/29,4746,3785,34838,1231,3455,754,1104,3740,2502,43,252,3,N\A
5,2013/09/14,5605,3555,2066,747,2653,1207,696,6113,1506,2201,267,3,N\A
5,2013/09/30,6839,4173,2257,531,2829,300,578,3778,2852,309,284,1,N\A
5,2013/10/16,7717,5620,2120,497,3858,252,795,4710,3151,355,293,1,N\A
5,2013/11/01,7142,3494,2116,351,2106,221,342,145,3051,2204,305,0,N\A
5,2013/11/17,8003,5595,2116,405,3652,210,656,2930,3611,2374,335,0,N\A
5,2013/12/03,7235,5573,2116,653,4072,354,868,189,3776,2355,337,0,N\A
5,2013/12/19,3816,2392,2120,1258,2811,551,1321,4024,3797,2364,358,0,N\A
6,2013/01/01,2990,2149,2116,1896,3514,810,2403,1266,4066,460,10,0,N\A
6,2013/01/17,3440,2421,2116,1573,3223,750,2576,209,3920,2352,17,0,N\A
6,2013/02/02,3084,2317,2257,1852,3504,906,3289,1311,3588,366,42,1,N\A
6,2013/02/18,3384,2541,2066,1420,2873,1143,2425,6114,2401,2215,59,3,N\A
6,2013/03/06,2814,2043,2185,1800,3210,901,3363,225,2877,2009,65,1,N\A
6,2013/03/22,2787,2442,34842,1946,3450,1270,2979,6460,3186,-8,96,3,N\A
6,2013/04/07,4107,2497,34842,947,2267,592,1785,4898,1399,1686,109,3,N\A
6,2013/04/23,4287,3758,2118,1542,3857,813,2657,1248,2123,-222,122,3,N\A
6,2013/05/09,4431,3559,2118,1318,3416,694,2396,3985,1644,1420,134,3,N\A
6,2013/05/25,3953,2884,2116,1654,3817,666,2377,2636,2425,-355,147,0,N\A
6,2013/06/10,4881,4100,35874,1295,3765,554,1063,2618,2551,-384,163,3,N\A
6,2013/06/26,5424,3500,2116,926,3122,399,728,2621,2628,-388,179,0,N\A
6,2013/07/12,4860,2772,2116,913,2640,339,613,162,2371,1378,193,0,N\A
6,2013/07/28,4158,3625,2066,1564,3791,1354,1185,4005,1827,1473,214,3,N\A
6,2013/08/13,2948,2129,2185,1709,3138,882,1406,1673,1957,1671,232,1,N\A
6,2013/08/29,4287,3235,35874,1235,3089,724,1092,3730,2500,36,252,3,N\A
6,2013/09/14,4342,2920,2062,1041,2639,613,785,2599,2384,120,259,3,N\A
6,2013/09/30,7558,5099,2257,469,3373,260,646,3778,2850,314,284,1,N\A
6,2013/10/16,8338,6968,2189,433,4779,238,912,6019,3414,330,295,1,N\A
6,2013/11/01,7108,3739,2116,405,2396,202,468,165,3047,2403,305,0,N\A
6,2013/11/17,6256,4245,2116,759,3296,388,971,2939,3607,2366,335,0,N\A
6,2013/12/03,4314,2868,2116,1148,2890,613,1620,1276,3976,495,346,0,N\A
6,2013/12/19,3802,2470,2120,1234,2748,644,1933,4039,3793,2366,358,0,N\A
7,2013/01/01,3244,2304,34837,1833,3594,732,3034,1239,4063,469,10,1,N\A
7,2013/01/17,3072,2366,2116,1941,3663,949,3481,2590,4077,430,19,0,N\A
7,2013/02/02,3045,2332,2257,1926,3613,945,3445,1276,3584,338,42,1,N\A
7,2013/02/18,4204,2922,2262,1116,2735,586,2337,6126,2397,2217,59,3,N\A
7,2013/03/06,2744,2002,2185,1897,3332,907,3545,264,2873,2155,65,1,N\A
7,2013/03/22,2778,2508,2066,2042,3613,1308,3241,6454,3184,-7,96,3,N\A
7,2013/04/07,3199,2743,2066,1775,3445,1439,2721,6459,3029,-115,112,3,N\A
7,2013/04/23,4148,3185,2066,1297,3136,838,1606,6472,3009,-213,128,3,N\A
7,2013/05/09,3591,2884,34842,1517,3217,924,2115,4868,1597,1340,141,3,N\A
7,2013/05/25,3925,2944,34894,1302,2985,633,1789,2977,2023,1336,159,3,N\A
7,2013/06/10,3927,3303,2066,1539,3530,1245,1144,6472,3279,-327,176,3,N\A
7,2013/06/26,4881,2939,2120,919,2672,437,679,4033,2011,1317,182,0,N\A
7,2013/07/12,5732,3228,2116,680,2507,325,527,204,2369,1564,193,0,N\A
7,2013/07/28,6024,5459,2062,1130,4555,780,1055,2609,2551,-283,211,3,N\A
7,2013/08/13,6140,4500,2116,867,3626,467,830,1709,1954,1660,232,0,N\A
7,2013/08/29,6409,3572,35878,515,2354,716,842,5582,1311,1815,244,3,N\A
7,2013/09/14,3455,3524,2066,2255,4636,1881,1428,5980,2975,108,263,3,N\A
7,2013/09/30,5427,3207,2257,764,2578,403,583,3749,2845,312,284,1,N\A
7,2013/10/16,6845,4217,2189,547,2921,284,746,6007,3411,331,295,1,N\A
7,2013/11/01,7601,5168,2116,478,3507,230,782,2621,3266,446,307,0,N\A
7,2013/11/17,6731,4462,2116,672,3440,262,732,2967,3602,2377,335,0,N\A
7,2013/12/03,4575,3342,2116,1317,3539,643,1711,1239,3971,507,346,0,N\A
7,2013/12/19,3505,2273,2120,1372,2853,640,1833,4062,3788,2367,358,0,N\A
8,2013/01/01,3078,2161,34893,1805,3411,755,2941,1257,4064,473,10,1,N\A
8,2013/01/17,2949,2093,2116,1721,3161,839,3138,225,3917,2276,17,0,N\A
8,2013/02/02,4412,2407,35038,780,2012,486,1918,5553,3160,2285,36,3,N\A
8,2013/02/18,4103,2875,2262,1148,2746,597,2471,6118,2397,2219,59,3,N\A
8,2013/03/06,2865,2120,2185,1821,3284,928,3418,245,2874,2140,65,1,N\A
8,2013/03/22,2872,2574,2066,1991,3596,1297,3227,6460,3186,-8,96,3,N\A
8,2013/04/07,3474,2572,2066,1373,2835,817,1718,4908,1397,1688,109,3,N\A
8,2013/04/23,4160,3374,2066,1402,3400,886,2252,6484,3013,-211,128,3,N\A
8,2013/05/09,3784,2913,34842,1383,3067,930,2214,4858,1598,1340,141,3,N\A
8,2013/05/25,4358,3134,2122,1139,2899,581,1894,5561,1568,1271,148,3,N\A
8,2013/06/10,3868,3336,2066,1614,3651,1281,1149,6472,3280,-329,176,3,N\A
8,2013/06/26,3074,1844,2116,1356,2560,584,424,2608,2629,-390,179,0,N\A
8,2013/07/12,4121,2124,2116,888,2133,375,692,196,2370,1570,193,0,N\A
8,2013/07/28,5667,4584,35874,1036,3747,666,991,2627,2552,-283,211,3,N\A
8,2013/08/13,5854,4209,2116,884,3381,514,927,1691,1955,1660,232,0,N\A
8,2013/08/29,5433,3840,34842,900,3042,299,597,4898,1498,1942,253,3,N\A
8,2013/09/14,2858,2232,2062,1623,2922,1389,1731,2581,2381,107,259,3,N\A
8,2013/09/30,6133,3956,2257,766,3196,325,716,3764,2846,312,284,1,N\A
8,2013/10/16,7916,5781,2189,464,3989,204,887,6014,3412,329,295,1,N\A
8,2013/11/01,7958,5654,2116,419,3686,234,780,2636,3266,441,307,0,N\A
8,2013/11/17,7273,5089,2116,551,3491,314,838,2958,3603,2377,335,0,N\A
8,2013/12/03,5036,3330,2116,1021,3093,489,1292,1663,3805,2341,344,0,N\A
8,2013/12/19,3761,2416,2120,1233,2720,631,1951,4052,3789,2367,358,0,N\A
9,2013/01/01,4069,2458,34965,1068,2534,538,1748,5519,3661,2376,4,1,N\A
9,2013/01/17,3298,2167,2116,1393,2764,708,2470,119,3919,2378,17,0,N\A
9,2013/02/02,3150,2184,2116,1638,3145,764,2614,111,3674,2484,33,0,N\A
9,2013/02/18,4401,2783,2261,1122,2886,503,2287,6079,2402,2215,59,1,N\A
9,2013/03/06,3024,2177,2116,1700,3174,860,3163,128,2881,1927,65,0,N\A
9,2013/03/22,3511,2423,34838,1237,2576,659,2811,3986,1928,1958,86,3,N\A
9,2013/04/07,3834,2308,34965,1148,2576,533,2126,4848,1410,1687,109,1,N\A
9,2013/04/23,4404,3426,2066,1264,3254,966,1432,6514,3025,-214,128,3,N\A
9,2013/05/09,5493,3707,34894,833,2864,446,1778,3928,1658,1418,134,3,N\A
9,2013/05/25,3646,1948,2116,980,2105,473,291,1563,2095,1379,152,0,N\A
9,2013/06/10,3822,3745,36885,1175,2629,1330,1371,2692,2564,-401,163,1,N\A
9,2013/06/26,3309,1908,4164,1128,2244,586,392,2701,2642,-394,179,0,N\A
9,2013/07/12,3242,1715,2116,1171,2295,392,496,74,2384,1259,193,0,N\A
9,2013/07/28,3208,2646,34838,1672,3252,970,768,1554,2102,1519,216,3,N\A
9,2013/08/13,3568,2364,34893,1407,2968,654,826,1591,1968,1666,232,1,N\A
9,2013/08/29,3010,2431,4309,1877,3494,1084,1266,5529,1323,1810,244,1,N\A
9,2013/09/14,6451,5248,2062,856,3968,731,790,3806,2606,185,268,3,N\A
9,2013/09/30,7860,5888,2257,471,3932,275,779,3844,2853,311,284,1,N\A
9,2013/10/16,8653,7592,2189,365,5056,240,937,6048,3416,326,295,1,N\A
9,2013/11/01,7691,5171,2116,445,3410,233,746,1385,3356,471,314,0,N\A
9,2013/11/17,6864,4388,2116,577,3103,290,818,2870,3603,2371,335,0,N\A
9,2013/12/03,5234,3980,2120,1186,3791,606,1441,4720,4152,471,341,1,N\A
9,2013/12/19,3185,2114,2116,1455,2815,729,2254,1320,4089,489,362,0,N\A
10,2013/01/01,4002,2434,34965,1117,2608,533,1874,5519,3662,2376,4,1,N\A
10,2013/01/17,3220,2207,2116,1481,2888,779,2489,129,3919,2409,17,0,N\A
10,2013/02/02,3157,2152,2116,1619,3113,730,2793,102,3674,2039,33,0,N\A
10,2013/02/18,4647,3300,35038,1062,2906,510,2103,6531,2610,2277,50,3,N\A
10,2013/03/06,2980,2136,2116,1653,3057,873,3061,136,2881,1973,65,0,N\A
10,2013/03/22,3191,2735,2262,1776,3441,945,3350,4691,2940,80,85,3,N\A
10,2013/04/07,3647,2528,34842,1218,2617,653,2453,4858,1408,1684,109,3,N\A
10,2013/04/23,3949,3257,2066,1490,3435,1053,2057,6508,3023,-214,128,3,N\A
10,2013/05/09,3948,3020,34894,1334,3075,673,2543,3928,1657,1420,134,3,N\A
10,2013/05/25,4935,3345,2122,942,2778,437,1163,5518,1578,1276,148,3,N\A
10,2013/06/10,3867,1861,35874,731,1653,437,567,2682,2562,-387,163,3,N\A
10,2013/06/26,3667,2284,2116,1262,2724,573,723,2691,2640,-382,179,0,N\A
10,2013/07/12,3730,2196,2116,1201,2630,476,855,81,2383,1338,193,0,N\A
10,2013/07/28,3730,2646,2062,1242,2720,935,754,2884,1893,1562,223,3,N\A
10,2013/08/13,6237,4617,2120,896,3867,421,765,5436,2835,-80,238,1,N\A
10,2013/08/29,7320,5095,35874,517,3342,248,660,3985,1616,1826,246,3,N\A
10,2013/09/14,6481,5349,34838,867,4061,689,837,3806,2607,185,268,3,N\A
10,2013/09/30,7614,5540,2257,523,3862,258,851,3835,2853,310,284,1,N\A
10,2013/10/16,8210,7002,2189,476,4843,281,940,6048,3417,328,295,1,N\A
10,2013/11/01,7805,5738,2116,481,3902,251,841,2719,3270,450,307,0,N\A
10,2013/11/17,5767,3481,2116,738,2749,365,976,2874,3604,2365,335,0,N\A
10,2013/12/03,4640,3428,2120,1280,3497,668,1702,4720,4152,470,341,1,N\A
10,2013/12/19,2993,2009,2116,1525,2828,769,2342,1311,4089,485,362,0,N\A
11,2013/01/01,3520,2176,34893,1246,2600,603,1850,116,4017,2331,1,1,N\A
11,2013/01/17,3372,2190,2116,1397,2819,663,2278,129,3921,2126,17,0,N\A
11,2013/02/02,3265,2168,2116,1564,3081,663,2479,107,3676,2194,33,0,N\A
11,2013/02/18,2998,2201,34837,1561,2898,944,2486,2701,3491,298,51,1,N\A
11,2013/03/06,3137,2221,2116,1643,3145,813,3159,143,2881,2087,65,0,N\A
11,2013/03/22,3699,2771,34838,1348,2931,493,2327,3995,1928,1952,86,3,N\A
11,2013/04/07,3553,2174,34842,1045,2197,417,1933,4005,1622,1782,102,3,N\A
11,2013/04/23,4264,3535,2066,1423,3539,1002,1957,6508,3022,-215,128,3,N\A
11,2013/05/09,4689,4038,34838,1395,3859,719,1876,3835,2516,-315,140,3,N\A
11,2013/05/25,5777,4537,34842,967,3613,685,1041,5436,2919,-341,158,3,N\A
11,2013/06/10,4553,3010,3154,979,2616,517,835,137,2293,1253,161,3,N\A
11,2013/06/26,5546,3490,35878,749,2615,361,834,5521,1797,1259,180,3,N\A
11,2013/07/12,3821,2561,2116,1211,2709,714,1646,91,2380,1518,193,0,N\A
11,2013/07/28,3426,2441,2066,1310,2676,999,741,4828,1624,1517,221,3,N\A
11,2013/08/13,3064,1930,2116,1341,2526,697,1028,1600,1966,1647,232,0,N\A
11,2013/08/29,6708,4816,3222,663,3366,367,798,3782,2507,36,252,3,N\A
11,2013/09/14,4584,3478,2062,1180,3178,1181,1678,2664,2390,112,259,3,N\A
11,2013/09/30,7927,5780,2257,443,3833,244,859,3825,2853,308,284,1,N\A
11,2013/10/16,8298,6512,2189,397,4270,238,915,4750,3151,346,293,1,N\A
11,2013/11/01,7965,5905,2116,434,3833,273,908,2719,3271,446,307,0,N\A
11,2013/11/17,7179,4934,2116,568,3459,296,807,2883,3605,2369,335,0,N\A
11,2013/12/03,5397,4190,2120,1209,4045,584,1333,4710,4153,468,341,1,N\A
11,2013/12/19,3104,1985,2116,1449,2754,669,1953,1303,4089,477,362,0,N\A
12,2013/01/01,3565,2544,2185,1490,3141,781,2499,3806,4240,431,12,1,N\A
12,2013/01/17,3379,2187,2116,1348,2724,678,2388,127,3922,2166,17,0,N\A
12,2013/02/02,3270,2193,2116,1524,3005,703,2751,107,3676,2243,33,0,N\A
12,2013/02/18,4115,2814,2262,1108,2658,575,2195,6084,2404,2215,59,3,N\A
12,2013/03/06,3066,2166,2185,1680,3166,813,3011,144,2882,2123,65,1,N\A
12,2013/03/22,4269,2834,35038,1036,2580,515,2450,5540,1717,2018,84,3,N\A
12,2013/04/07,3451,2212,34842,1129,2319,550,1936,4005,1621,1777,102,3,N\A
12,2013/04/23,4488,3687,2066,1349,3546,989,1732,6509,3021,-216,128,3,N\A
12,2013/05/09,4531,3344,34838,1145,3043,583,2122,3933,1654,1420,134,3,N\A
12,2013/05/25,5423,3659,2122,846,2851,418,1242,5519,1575,1276,148,3,N\A
12,2013/06/10,4259,3321,2118,1301,3232,664,1262,135,2292,1329,161,3,N\A
12,2013/06/26,4382,2579,2116,1003,2568,456,808,3957,2021,1321,182,0,N\A
12,2013/07/12,5018,3041,34842,797,2403,492,1431,6048,3180,-288,199,3,N\A
12,2013/07/28,3581,3187,34838,1774,3754,914,2065,2710,2562,-278,211,3,N\A
12,2013/08/13,2693,1802,2116,1697,2948,770,1090,1600,1965,1654,232,0,N\A
12,2013/08/29,7708,4931,34842,394,3045,240,685,4848,1507,1937,253,3,N\A
12,2013/09/14,3934,3189,2062,1455,3343,803,1186,2664,2391,109,259,3,N\A
12,2013/09/30,7998,5924,2257,429,3857,262,797,3825,2853,306,284,1,N\A
12,2013/10/16,7816,6267,2120,539,4399,298,902,4750,3152,353,293,1,N\A
12,2013/11/01,8157,6011,2116,397,3913,223,782,2719,3272,444,307,0,N\A
12,2013/11/17,7191,5048,2116,573,3507,322,830,2874,3607,2372,335,0,N\A
12,2013/12/03,5562,4396,2120,1190,4173,580,1318,4720,4155,475,341,1,N\A
12,2013/12/19,3118,2096,2116,1530,2917,741,2054,1303,4091,469,362,0,N\A
17,2013/01/01,3722,2325,2116,1206,2636,600,1956,38,4016,2538,1,0,N\A
17,2013/01/17,3554,2316,2116,1323,2782,663,2469,57,3920,2047,17,0,N\A
17,2013/02/02,3184,2219,2116,1560,3018,794,2896,36,3676,2313,33,0,N\A
17,2013/02/18,2942,2184,2116,1885,3457,904,3053,26,3314,1637,49,0,N\A
17,2013/03/06,3054,2203,2185,1713,3220,853,3324,64,2885,2200,65,1,N\A
17,2013/03/22,4558,3074,35038,1005,2689,525,2469,5508,1721,2014,84,3,N\A
17,2013/04/07,4498,3548,2066,1268,3342,1022,1842,6515,3050,-120,112,3,N\A
17,2013/04/23,4301,3281,2066,1251,3140,975,1181,6534,3033,-218,128,3,N\A
17,2013/05/09,4764,3932,34962,1290,3638,437,1897,3892,2527,-317,140,3,N\A
17,2013/05/25,4962,3612,2122,1035,3074,500,1877,5487,1587,1275,148,3,N\A
17,2013/06/10,3602,3135,34894,1708,3632,788,2397,57,2304,1167,161,3,N\A
17,2013/06/26,5958,3729,2262,675,2665,334,1046,6531,1605,1184,178,3,N\A
17,2013/07/12,4420,4072,34842,1628,4208,737,2315,6082,3193,-287,199,3,N\A
17,2013/07/28,3446,2979,34838,1732,3554,771,1685,2774,2573,-279,211,3,N\A
17,2013/08/13,2526,1759,2116,1720,2883,891,1124,1527,1975,1649,232,0,N\A
17,2013/08/29,4766,2423,36002,668,1885,269,585,5508,1328,1812,244,3,N\A
17,2013/09/14,4385,2990,2062,1053,2698,1154,1007,3854,2612,178,268,3,N\A
17,2013/09/30,6969,4763,2185,608,3404,317,751,3883,2856,304,284,1,N\A
17,2013/10/16,7223,5080,2120,576,3573,304,832,4790,3153,351,293,1,N\A
17,2013/11/01,6478,3144,2116,452,2115,214,558,1448,3357,489,314,0,N\A
17,2013/11/17,6250,3519,2116,581,2518,299,677,2819,3602,2369,335,0,N\A
17,2013/12/03,5474,3288,2116,794,2715,383,846,45,3770,2419,337,0,N\A
17,2013/12/19,4160,2441,2116,998,2420,513,1350,72,3967,2230,353,0,N\A
20,2013/01/01,3638,2515,2185,1433,3072,717,2638,3930,4260,429,12,1,N\A
20,2013/01/17,3384,2190,2116,1342,2715,680,2561,56,3941,571,17,0,N\A
20,2013/02/02,3009,2121,2116,1597,2972,847,2797,75,3696,283,33,0,N\A
20,2013/02/18,3088,2294,2116,1749,3312,903,3040,82,3334,355,49,0,N\A
20,2013/03/06,2972,2194,2185,1758,3245,914,3500,45,2902,-79,65,1,N\A
20,2013/03/22,3554,2430,2262,1213,2551,637,2450,5465,1738,2020,84,3,N\A
20,2013/04/07,3700,2133,34841,1120,2436,498,1681,4758,1424,1690,109,1,N\A
20,2013/04/23,3491,3193,2066,1877,3891,1291,2051,5521,2739,-214,126,3,N\A
20,2013/05/09,4937,3884,35038,1162,3429,601,2463,4712,1612,1352,141,3,N\A
20,2013/05/25,4792,3615,2122,1125,3196,602,2522,5444,1579,1283,148,3,N\A
20,2013/06/10,3469,2438,2066,1277,2634,1538,1384,6022,1676,1214,171,3,N\A
20,2013/06/26,5752,3782,34842,758,2811,339,1669,6493,1594,1187,178,3,N\A
20,2013/07/12,4035,3121,2066,1336,3144,965,2054,5423,1748,1325,196,3,N\A
20,2013/07/28,3302,2670,2066,1601,3180,1236,2409,4728,1636,1524,221,3,N\A
20,2013/08/13,3933,3316,34842,1544,3546,917,2054,6082,3034,-127,231,3,N\A
20,2013/08/29,5035,4296,2062,1286,3895,844,1911,3902,2526,42,252,3,N\A
20,2013/09/14,3402,2679,2066,1517,3082,2204,1618,4738,1776,2144,269,3,N\A
20,2013/09/30,7123,4572,2257,500,2976,325,717,3950,2875,305,284,1,N\A
20,2013/10/16,7068,5098,2120,620,3610,356,1022,4840,3171,346,293,1,N\A
20,2013/11/01,7387,5318,2116,536,3567,338,1083,2858,3291,442,307,0,N\A
20,2013/11/17,7098,5437,2116,665,3919,393,1126,2858,3670,482,323,0,N\A
20,2013/12/03,5192,3232,2116,881,2784,447,1197,3842,3675,2384,342,0,N\A
20,2013/12/19,3776,2177,2116,1110,2457,487,1448,28,3988,564,353,0,N\A