8,10.865556,-3.072778,17,7,837,1096
9,13.2829,30.4783,20,7,1159,806

No data
No dataid,Date,8-day daytime 1km grid Land-surface Temperature,Quality control for daytime LST and emissivity,Average time of daytime Land-surface Temperature observation,Average view zenith angle of daytime Land-surface Temperature,8-day nighttime 1km grid Land-surface Temperature,Quality control for nighttime LST and emissivity,Average time of nighttime Land-surface Temperature observation,Average view zenith angle of nighttime Land-surface Temperature,Band 31 emissivity,Band 32 emissivity,the days in clear-sky conditions and with validate LSTs,the nights in clear-sky conditions and with validate LSTs,actual_date
8,2002/07/04,0,2,255,255,14796,0,19,95,246,248,0,2,N\A
8,2002/07/12,15217,0,133,47,14769,0,17,60,246,248,128,14,N\A
8,2002/07/20,15133,65,137,90,14729,0,17,73,245,247,16,161,N\A
8,2002/07/28,15067,65,132,34,0,2,255,255,246,248,1,0,N\A
8,2002/08/05,14877,65,129,8,14786,0,15,41,246,248,1,18,N\A
8,2002/08/13,15075,65,133,46,14786,0,14,30,246,248,128,10,N\A
8,2002/08/21,14980,65,134,69,14730,0,15,45,246,247,28,52,N\A
8,2002/08/29,15121,65,133,49,14674,65,13,19,246,248,60,8,N\A
8,2002/09/06,14973,65,135,74,14730,0,15,47,246,248,22,53,N\A
8,2002/09/14,15004,65,130,22,14764,0,14,29,246,248,148,10,N\A
8,2002/09/22,15182,65,132,41,14735,0,16,55,246,248,26,247,N\A
8,2002/09/30,14864,65,133,55,14634,0,14,30,245,247,140,10,N\A
8,2002/10/08,15173,65,136,88,14720,65,12,12,246,248,84,16,N\A
8,2002/10/16,15343,65,135,75,14709,65,15,51,246,248,168,122,N\A
8,2002/10/24,15571,0,135,71,14644,0,18,70,246,248,222,135,N\A
8,2002/11/01,15631,0,135,76,14577,0,14,30,246,248,139,10,N\A
8,2002/11/09,15794,0,136,78,14639,0,14,40,246,248,223,244,N\A
8,2002/11/17,15905,0,134,60,14539,0,17,67,246,248,190,124,N\A
8,2002/11/25,15827,0,135,73,14419,0,16,62,246,248,219,127,N\A
8,2002/12/03,15807,0,133,53,14451,65,20,103,246,248,54,84,N\A
8,2002/12/11,15868,0,135,73,14552,0,16,53,246,248,216,253,N\A
8,2002/12/19,15993,0,133,57,14484,0,17,63,246,248,191,126,N\A
8,2002/12/27,16013,0,134,59,14430,0,17,67,246,248,30,31,N\A
8,2003/01/01,16076,0,134,66,14403,0,17,64,246,248,254,247,N\A
8,2003/01/09,15928,0,135,77,14444,0,14,37,246,248,61,171,N\A
8,2003/01/17,15846,0,135,78,14542,65,18,73,246,248,112,144,N\A
8,2003/01/25,15993,0,135,69,14443,65,17,67,246,248,253,248,N\A
8,2003/02/02,16211,0,134,66,14628,0,17,65,246,248,254,247,N\A
8,2003/02/10,16071,65,132,45,14745,0,18,84,247,248,69,2,N\A
8,2003/02/18,16329,0,134,58,14691,0,15,41,246,248,58,16,N\A
8,2003/02/26,15994,0,136,80,14517,0,17,68,246,248,188,248,N\A
8,2003/03/06,16004,0,134,66,14567,0,16,58,246,248,74,119,N\A
8,2003/03/14,16404,0,135,68,14517,65,18,73,246,248,29,58,N\A
8,2003/03/22,15923,0,134,58,14656,0,17,64,246,248,96,196,N\A
8,2003/03/30,16222,0,136,82,14784,0,18,77,245,247,13,91,N\A
8,2003/04/07,16038,0,136,82,14877,0,17,72,246,248,66,148,N\A
8,2003/04/15,0,2,255,255,14909,65,12,12,246,248,0,128,N\A
8,2003/04/23,16110,0,136,82,14666,0,18,82,246,248,66,224,N\A
8,2003/05/01,16290,0,133,50,14890,0,18,71,246,248,21,240,N\A
8,2003/05/09,15923,65,137,98,14916,0,19,86,245,247,70,49,N\A
8,2003/05/17,15867,65,135,77,14771,65,21,106,246,248,1,18,N\A
8,2003/05/25,0,2,255,255,0,2,255,255,0,0,0,0,N\A
8,2003/06/02,15296,65,136,81,0,2,255,255,245,247,165,0,N\A
8,2003/06/10,15405,0,134,59,14775,0,20,98,246,248,98,164,N\A
8,2003/06/18,15241,0,132,43,14854,0,17,69,246,248,65,10,N\A
8,2003/06/26,14964,129,141,129,14710,0,17,65,247,249,4,196,N\A
8,2003/07/04,0,2,255,255,0,2,255,255,0,0,0,0,N\A
8,2003/07/12,0,2,255,255,14845,0,15,41,246,248,0,16,N\A
8,2003/07/20,15034,65,134,64,14758,65,20,90,246,247,228,24,N\A
8,2003/07/28,0,2,255,255,14709,65,16,54,246,248,0,50,N\A
8,2003/08/05,15061,65,135,70,14376,65,23,126,247,248,49,16,N\A
8,2003/08/13,0,2,255,255,0,2,255,255,0,0,0,0,N\A
8,2003/08/21,15004,65,133,47,14711,0,18,79,246,247,4,50,N\A
8,2003/08/29,14916,0,128,3,0,2,255,255,246,248,128,0,N\A
8,2003/09/06,15034,65,139,118,0,2,255,255,246,248,40,0,N\A
8,2003/09/14,14887,65,138,111,14655,65,15,41,246,248,80,16,N\A
8,2003/09/22,15139,65,135,68,14836,0,14,29,245,247,48,32,N\A
8,2003/09/30,15221,0,132,37,14689,65,16,63,246,248,42,38,N\A
8,2003/10/08,15372,65,135,65,14744,0,17,66,246,248,28,104,N\A
8,2003/10/16,15338,65,135,67,14866,0,16,55,246,248,252,208,N\A
8,2003/10/24,15424,0,133,54,14772,0,17,70,246,248,117,194,N\A
8,2003/11/01,15400,65,134,58,14755,65,18,78,246,248,58,149,N\A
8,2003/11/09,15819,0,135,68,14637,0,16,60,246,248,180,226,N\A
8,2003/11/17,15671,65,135,69,14565,65,19,86,246,248,110,225,N\A
8,2003/11/25,15938,0,134,66,14456,0,17,62,246,248,125,186,N\A
8,2003/12/03,15668,0,135,68,14435,0,15,51,246,248,252,118,N\A
8,2003/12/11,15879,0,135,77,14419,0,15,50,246,248,237,235,N\A
8,2003/12/19,15901,0,135,75,14519,0,17,73,246,248,222,183,N\A
8,2003/12/27,15997,0,133,50,14504,65,19,89,246,248,21,26,N\A
8,2004/01/01,15946,0,136,79,14463,0,16,56,246,248,247,190,N\A
8,2004/01/09,15953,0,135,71,14546,65,17,66,246,248,110,222,N\A
8,2004/01/17,15799,0,136,86,0,2,255,255,246,248,183,0,N\A
8,2004/01/25,16182,0,134,63,14577,0,18,71,246,248,238,210,N\A
8,2004/02/02,15938,0,136,88,14587,0,15,52,246,248,21,191,N\A
8,2004/02/10,15863,0,133,50,14665,0,16,58,246,248,15,27,N\A
8,2004/02/18,16075,0,136,82,14540,65,16,59,246,248,209,187,N\A
8,2004/02/26,15892,65,134,65,14638,0,22,121,245,247,11,1,N\A
8,2004/03/05,15577,0,136,79,14583,0,15,41,246,248,247,189,N\A
8,2004/03/13,16129,0,133,49,14510,0,18,72,246,248,47,207,N\A
8,2004/03/21,16309,0,134,62,14912,0,16,55,245,247,16,160,N\A
8,2004/03/29,15931,0,135,65,14783,0,23,126,246,248,224,128,N\A
8,2004/04/06,16096,65,135,79,14974,0,17,70,246,247,131,35,N\A
8,2004/04/14,15705,65,135,76,14894,65,22,121,245,247,8,1,N\A
8,2004/04/22,15457,0,132,34,14823,0,14,28,246,248,64,1,N\A
8,2004/04/30,15557,0,136,90,14951,0,18,83,246,248,10,16,N\A
8,2004/05/08,15597,65,134,62,14922,0,17,73,246,248,87,46,N\A
8,2004/05/16,15279,65,137,102,14741,0,13,20,246,248,2,2,N\A
8,2004/05/24,15842,65,134,63,14604,0,15,47,245,247,16,161,N\A
8,2004/06/01,15308,0,132,37,14626,0,18,84,246,248,160,16,N\A
8,2004/06/09,15263,65,133,54,14738,0,17,63,246,248,22,9,N\A
8,2004/06/17,15373,0,133,58,14748,0,17,64,246,248,46,15,N\A
8,2004/06/25,15567,0,135,77,14841,0,16,56,246,248,20,160,N\A
8,2004/07/03,15212,65,139,113,14726,0,11,6,246,248,66,8,N\A
8,2004/07/11,15039,65,136,88,14670,65,13,28,246,248,21,52,N\A
8,2004/07/19,14969,65,133,51,0,2,255,255,246,248,136,0,N\A
8,2004/07/27,14906,65,134,64,14783,0,15,40,246,248,130,128,N\A
8,2004/08/04,15074,0,133,47,0,2,255,255,246,248,32,0,N\A
8,2004/08/12,0,2,255,255,14819,0,16,55,246,248,0,160,N\A
8,2004/08/20,14853,65,132,36,0,2,255,255,245,247,160,0,N\A
8,2004/08/28,15023,65,134,63,14831,0,17,69,246,248,198,32,N\A
8,2004/09/05,15045,65,134,58,14572,65,23,126,246,248,3,128,N\A
8,2004/09/13,14972,0,132,35,14687,0,14,28,245,247,18,1,N\A
8,2004/09/21,15138,65,136,83,14705,65,18,83,246,248,194,16,N\A
8,2004/09/29,15243,65,136,86,14695,0,16,52,246,248,244,167,N\A
8,2004/10/07,15445,0,134,56,14698,0,16,51,246,248,239,202,N\A
8,2004/10/15,15463,0,135,73,14743,0,18,74,246,248,246,162,N\A
8,2004/10/23,15429,0,132,38,14697,0,19,95,246,248,167,20,N\A
8,2004/10/31,15465,65,132,35,14734,65,18,71,246,248,82,3,N\A
8,2004/11/08,15625,0,133,50,14410,65,16,65,246,248,174,28,N\A
8,2004/11/16,15783,0,136,78,14582,65,15,40,246,248,247,189,N\A
8,2004/11/24,15630,0,134,65,14532,0,18,73,246,248,235,223,N\A
8,2004/12/02,15807,0,135,73,14541,0,14,41,246,248,119,61,N\A
8,2004/12/10,15864,0,133,56,14680,0,16,52,246,248,239,82,N\A
8,2004/12/18,16014,0,136,83,14598,0,15,49,246,248,213,173,N\A
8,2004/12/26,15880,0,133,49,14597,65,18,74,246,248,47,19,N\A
8,2005/01/01,15596,0,135,70,14563,0,16,55,246,248,95,247,N\A
8,2005/01/09,15591,0,135,69,14453,0,17,62,246,248,163,66,N\A
8,2005/01/17,15851,0,136,78,14497,0,15,43,246,248,223,245,N\A
8,2005/01/25,15809,0,134,66,14740,0,18,84,245,247,175,64,N\A
8,2005/02/02,15611,0,136,78,14596,0,17,68,246,248,223,159,N\A
8,2005/02/10,15816,0,137,98,14619,65,20,104,246,248,34,84,N\A
8,2005/02/18,16074,0,137,93,14775,0,19,87,246,248,65,163,N\A
8,2005/02/26,15254,65,133,47,14556,0,22,121,247,248,128,4,N\A
8,2005/03/06,16085,0,135,76,14617,0,15,46,246,248,80,89,N\A
8,2005/03/14,16114,0,132,36,14655,0,13,33,246,247,180,184,N\A
8,2005/03/22,15976,65,137,90,14823,65,19,84,246,248,199,131,N\A
8,2005/03/30,15895,65,133,48,14841,0,17,64,246,248,128,36,N\A
8,2005/04/07,16319,65,134,62,14939,0,16,55,246,248,64,1,N\A
8,2005/04/15,0,2,255,255,14925,0,18,84,245,247,0,64,N\A
8,2005/04/23,15100,65,134,62,14824,0,17,69,246,248,64,128,N\A
8,2005/05/01,15545,0,135,69,14796,0,20,103,246,248,163,84,N\A
8,2005/05/09,15767,0,136,86,14834,0,18,73,246,248,68,45,N\A
8,2005/05/17,15946,65,133,52,14697,0,20,106,246,248,161,16,N\A
8,2005/05/25,15739,0,134,62,14841,0,17,62,246,248,64,165,N\A
8,2005/06/02,14949,65,132,43,14634,0,20,106,246,248,176,16,N\A
8,2005/06/10,15308,0,135,77,14766,0,17,65,245,247,80,152,N\A
8,2005/06/18,14922,65,131,26,14739,0,17,63,246,248,144,66,N\A
8,2005/06/26,15226,65,134,62,14701,0,17,64,246,248,64,24,N\A
8,2005/07/04,14956,65,132,35,14734,0,17,63,246,248,1,24,N\A
8,2005/07/12,15128,65,138,107,14580,65,9,0,246,247,17,64,N\A
8,2005/07/20,14806,65,139,118,14648,0,22,121,247,248,2,4,N\A
8,2005/07/28,14972,65,137,94,14655,65,16,56,246,248,208,199,N\A
8,2005/08/05,0,2,255,255,0,2,255,255,0,0,0,0,N\A
8,2005/08/13,0,2,255,255,0,2,255,255,0,0,0,0,N\A
8,2005/08/21,15101,65,133,48,14629,0,11,6,246,248,128,32,N\A
8,2005/08/29,0,2,255,255,14756,65,16,49,245,247,0,132,N\A
8,2005/09/06,15128,65,132,43,14759,0,20,104,246,248,176,84,N\A
8,2005/09/14,15282,65,137,101,14772,0,17,63,246,248,20,36,N\A
8,2005/09/22,14942,65,135,76,14821,0,15,40,246,248,139,2,N\A
8,2005/09/30,14828,0,130,17,14768,65,16,60,246,248,10,37,N\A
8,2005/10/08,15418,0,134,67,14765,0,13,23,246,248,59,34,N\A
8,2005/10/16,15478,0,133,46,14637,65,15,47,246,248,90,214,N\A
8,2005/10/24,15696,65,134,66,14711,0,17,62,246,248,175,90,N\A
8,2005/11/01,15728,0,137,94,14699,0,17,63,246,248,208,153,N\A
8,2005/11/09,15796,0,133,49,14516,0,17,62,246,248,183,126,N\A
8,2005/11/17,15856,0,136,83,14599,0,19,92,246,248,217,171,N\A
8,2005/11/25,15699,0,134,60,14697,0,16,62,246,248,190,102,N\A
8,2005/12/03,15869,0,136,78,14498,0,16,62,246,248,223,255,N\A
8,2005/12/11,16071,0,133,46,14556,0,17,62,246,248,189,126,N\A
8,2005/12/19,16058,0,137,90,14528,0,17,71,246,248,215,191,N\A
8,2005/12/27,15831,0,133,54,14531,0,18,72,246,247,31,30,N\A
8,2006/01/01,15950,0,135,69,14423,0,15,43,246,248,253,43,N\A
8,2006/01/09,15932,0,134,58,14552,0,17,65,246,248,238,196,N\A
8,2006/01/17,15991,0,135,69,14473,65,17,64,246,248,253,209,N\A
8,2006/01/25,16129,0,134,66,14562,0,17,68,246,248,206,135,N\A
8,2006/02/02,16243,0,134,62,14567,65,17,66,246,248,221,121,N\A
8,2006/02/10,15884,0,137,90,14622,0,14,32,246,248,18,86,N\A
8,2006/02/18,16199,0,133,56,14640,0,19,85,246,248,244,208,N\A
8,2006/02/26,16301,0,134,58,14633,0,18,82,246,248,238,229,N\A
8,2006/03/06,16346,0,136,84,14607,0,17,65,246,248,129,75,N\A
8,2006/03/14,16007,0,137,89,14705,0,16,61,246,248,94,69,N\A
8,2006/03/22,16258,0,135,73,14673,0,18,70,246,248,157,56,N\A
8,2006/03/30,15893,65,131,25,14820,0,15,44,246,248,40,68,N\A
8,2006/04/07,16243,65,136,79,14837,0,14,67,246,248,189,248,N\A
8,2006/04/15,15947,65,132,34,14826,0,16,58,245,247,8,65,N\A
8,2006/04/23,15791,65,135,69,14890,0,12,11,246,248,132,128,N\A
8,2006/05/01,0,2,255,255,0,2,255,255,0,0,0,0,N\A
8,2006/05/09,16047,65,133,47,14838,0,14,33,246,248,4,136,N\A
8,2006/05/17,15910,65,134,62,0,2,255,255,247,248,2,0,N\A
8,2006/05/25,15322,65,132,37,14897,65,16,54,246,248,81,8,N\A
8,2006/06/02,15341,65,134,62,14790,0,19,95,246,248,2,37,N\A
8,2006/06/10,15110,65,135,71,14618,0,20,98,246,248,133,88,N\A
8,2006/06/18,15342,65,137,94,14804,0,19,90,246,249,82,133,N\A
8,2006/06/26,15042,0,134,59,14744,0,17,70,246,248,193,194,N\A
8,2006/07/04,15094,65,134,61,14831,0,18,73,246,248,144,144,N\A
8,2006/07/12,15204,65,134,51,14737,0,14,33,246,248,17,163,N\A
8,2006/07/20,14919,65,134,61,14746,65,20,107,247,248,144,128,N\A
8,2006/07/28,0,2,255,255,14729,0,11,6,246,248,0,1,N\A
8,2006/08/05,15081,65,132,26,0,2,255,255,247,249,40,0,N\A
8,2006/08/13,15044,65,134,50,14747,65,15,42,245,247,21,40,N\A
8,2006/08/21,14980,65,134,51,14768,0,19,96,246,248,104,1,N\A
8,2006/08/29,15045,0,134,48,14756,0,14,29,246,248,112,32,N\A
8,2006/09/06,14915,65,140,119,0,2,255,255,245,247,16,0,N\A
8,2006/09/14,15048,65,136,72,14741,0,13,18,246,248,156,33,N\A
8,2006/09/22,15182,0,136,68,14769,0,16,52,246,248,120,81,N\A
8,2006/09/30,15205,65,135,64,14721,0,15,50,246,248,145,97,N\A
8,2006/10/08,15000,65,133,35,14756,0,20,107,246,248,8,128,N\A
8,2006/10/16,15516,65,135,67,14680,65,16,52,246,248,229,224,N\A
8,2006/10/24,15377,65,133,46,14730,0,18,72,246,248,226,240,N\A
8,2006/11/01,15711,0,136,68,14648,0,16,61,246,248,252,251,N\A
8,2006/11/09,15746,0,135,60,14584,65,17,64,246,248,190,247,N\A
8,2006/11/17,15821,0,136,69,14420,0,16,61,246,248,253,251,N\A
8,2006/11/25,15951,0,135,71,14370,0,17,65,246,248,210,247,N\A
8,2006/12/03,15767,0,136,69,14403,0,16,61,246,248,253,251,N\A
8,2006/12/11,15827,0,134,56,14497,65,16,59,246,248,250,246,N\A
8,2006/12/19,16082,0,136,69,14423,0,16,61,246,247,253,251,N\A
8,2006/12/27,15868,0,137,75,14427,0,15,51,246,248,14,23,N\A
8,2007/01/01,15395,0,136,65,14405,65,20,98,246,248,224,213,N\A
8,2007/01/09,15670,0,137,82,14533,0,16,60,246,248,231,175,N\A
8,2007/01/17,15823,0,134,56,14456,0,17,65,246,248,239,95,N\A
8,2007/01/25,16154,0,137,86,14401,0,16,56,246,248,117,155,N\A
8,2007/02/02,16149,0,134,56,14493,0,16,54,246,248,239,94,N\A
8,2007/02/10,16117,0,138,91,14570,0,15,52,246,248,245,191,N\A
8,2007/02/18,16044,0,135,66,14399,65,19,86,246,248,235,199,N\A
8,2007/02/26,16065,0,136,71,14633,0,15,52,246,248,215,191,N\A
8,2007/03/06,16268,0,133,45,14426,65,19,86,246,248,175,199,N\A
8,2007/03/14,16040,0,137,84,14727,0,16,49,246,248,113,135,N\A
8,2007/03/22,15906,0,130,10,14642,0,18,84,246,248,5,16,N\A
8,2007/03/30,15423,0,135,62,14751,0,17,69,246,248,16,32,N\A
8,2007/04/07,15826,0,133,40,14878,0,15,44,246,248,12,24,N\A
8,2007/04/15,15489,0,135,62,14760,0,14,35,246,248,16,48,N\A
8,2007/04/23,15454,65,134,46,0,2,255,255,246,248,9,0,N\A
8,2007/05/01,15617,65,137,90,14841,0,19,96,246,248,4,8,N\A
8,2007/05/09,15597,65,138,102,0,2,255,255,245,247,2,0,N\A
8,2007/05/17,0,2,255,255,14803,0,16,56,246,248,0,134,N\A
8,2007/05/25,15647,0,132,24,14723,65,20,106,246,248,128,4,N\A
8,2007/06/02,15791,65,133,35,14793,0,16,55,246,248,64,137,N\A
8,2007/06/10,15879,0,135,62,14684,0,19,94,246,248,40,69,N\A
8,2007/06/18,15296,0,137,87,14709,0,16,56,246,248,17,39,N\A
8,2007/06/26,0,2,255,255,14781,0,13,19,246,247,0,2,N\A
8,2007/07/04,15051,65,134,54,14719,0,17,63,246,248,22,9,N\A
8,2007/07/12,15166,65,134,54,0,2,255,255,246,248,35,0,N\A
8,2007/07/20,15149,65,136,69,0,2,255,255,245,247,81,0,N\A
8,2007/07/28,0,2,255,255,14733,0,20,106,246,248,0,4,N\A
8,2007/08/05,0,2,255,255,14806,65,18,83,246,249,0,40,N\A
8,2007/08/13,15241,65,139,101,14813,65,16,55,247,248,72,64,N\A
8,2007/08/21,15075,65,135,62,14597,65,12,12,246,248,16,4,N\A
8,2007/08/29,15278,65,134,48,0,2,255,255,246,248,32,0,N\A
8,2007/09/06,15253,0,137,77,14705,65,12,12,246,248,192,4,N\A
8,2007/09/14,15126,0,134,49,14834,65,18,84,246,248,237,16,N\A
8,2007/09/22,15281,65,136,71,14719,65,17,71,246,247,215,26,N\A
8,2007/09/30,15304,65,134,53,14820,0,17,66,246,248,231,86,N\A
8,2007/10/08,15710,0,137,82,14686,0,16,55,246,248,209,160,N\A
8,2007/10/16,15666,65,134,55,14753,0,18,82,246,248,139,7,N\A
8,2007/10/24,15861,0,136,81,0,2,255,255,246,248,196,0,N\A
8,2007/11/01,15684,0,135,65,14673,0,17,69,246,248,235,83,N\A
8,2007/11/09,15871,0,134,54,14620,65,17,69,246,248,83,171,N\A
8,2007/11/17,15867,0,135,66,14587,0,16,62,246,247,206,92,N\A
8,2007/11/25,15827,0,140,110,14628,65,18,74,246,248,36,162,N\A
8,2007/12/03,15757,0,135,60,14434,65,23,126,246,248,201,128,N\A
8,2007/12/11,16087,0,135,71,14562,0,15,51,246,248,215,191,N\A
8,2007/12/19,15941,0,135,65,14520,0,18,73,246,248,235,223,N\A
8,2007/12/27,15946,0,135,68,14405,0,17,62,246,248,23,15,N\A
8,2008/01/01,15728,0,136,74,14367,0,17,63,246,248,125,253,N\A
8,2008/01/09,16040,0,135,64,14487,65,14,34,246,248,185,232,N\A
8,2008/01/17,15809,0,133,46,14473,0,17,67,246,248,122,249,N\A
8,2008/01/25,15914,0,135,67,14434,0,16,62,246,248,191,254,N\A
8,2008/02/02,16003,0,135,69,14531,0,16,60,246,248,127,125,N\A
8,2008/02/10,16084,0,136,77,14597,0,16,62,246,248,175,254,N\A
8,2008/02/18,15929,0,135,69,14628,0,17,64,246,248,115,253,N\A
8,2008/02/26,16088,0,135,67,14510,0,18,72,246,248,191,126,N\A
8,2008/03/05,16155,0,135,58,14473,0,19,90,246,248,90,44,N\A
8,2008/03/13,15869,0,136,65,14592,0,16,56,246,248,135,46,N\A
8,2008/03/21,15564,0,132,40,14326,65,16,65,246,248,96,224,N\A
8,2008/03/29,16154,0,134,53,14622,0,16,60,246,248,151,134,N\A
8,2008/04/06,16117,0,136,69,14645,0,17,67,246,248,94,248,N\A
8,2008/04/14,15973,0,136,69,14828,0,18,75,246,248,33,66,N\A
8,2008/04/22,0,2,255,255,14980,65,17,62,246,248,0,132,N\A
8,2008/04/30,16252,65,135,59,14835,0,13,27,246,248,164,130,N\A
8,2008/05/08,15739,65,136,77,14916,65,22,121,246,247,64,8,N\A
8,2008/05/16,15395,0,136,76,14682,0,17,64,246,248,160,132,N\A
8,2008/05/24,15847,65,131,16,14775,65,13,19,246,248,8,16,N\A
8,2008/06/01,15652,0,132,29,14798,65,17,70,246,248,17,244,N\A
8,2008/06/09,15334,65,135,66,14747,0,17,70,246,247,100,201,N\A
8,2008/06/17,15238,65,137,87,14721,0,18,80,246,248,46,88,N\A
8,2008/06/25,15173,65,136,67,0,2,255,255,246,248,12,0,N\A
8,2008/07/03,15364,65,134,48,14758,0,17,66,246,248,1,26,N\A
8,2008/07/11,14998,65,135,56,14842,0,17,69,246,249,66,1,N\A
8,2008/07/19,15116,65,135,62,14803,0,19,96,246,248,128,64,N\A
8,2008/07/27,14937,0,131,19,14818,65,15,40,246,248,34,4,N\A
8,2008/08/04,15210,65,135,61,14707,65,22,111,246,248,141,68,N\A
8,2008/08/12,0,2,255,255,0,2,255,255,0,0,0,0,N\A
8,2008/08/20,0,2,255,255,0,2,255,255,0,0,0,0,N\A
8,2008/08/28,14920,65,136,79,14793,0,20,91,246,247,28,137,N\A
8,2008/09/05,15078,0,132,29,14708,65,22,112,246,248,17,68,N\A
8,2008/09/13,15199,65,138,102,14756,0,21,106,245,247,16,32,N\A
8,2008/09/21,15137,0,132,29,14678,65,16,56,246,248,17,146,N\A
8,2008/09/29,15058,65,135,59,14688,0,14,36,246,248,24,208,N\A
8,2008/10/07,15208,0,133,36,14756,0,14,27,246,248,149,130,N\A
8,2008/10/15,15462,0,137,90,14797,0,19,86,246,248,80,161,N\A
8,2008/10/23,15537,0,135,67,14732,0,18,72,246,248,191,126,N\A
8,2008/10/31,15634,0,135,63,14543,0,17,54,246,248,124,245,N\A
8,2008/11/08,15769,0,135,67,14504,0,19,72,246,248,191,126,N\A
8,2008/11/16,15863,0,136,70,14414,0,19,74,246,248,94,188,N\A
8,2008/11/24,15967,0,135,67,14532,0,17,62,246,248,191,254,N\A
8,2008/12/02,15648,0,136,69,14443,0,18,67,246,248,127,249,N\A
8,2008/12/10,15958,0,136,77,14529,0,19,77,246,248,175,54,N\A
8,2008/12/18,15787,0,135,60,14524,65,18,63,246,248,123,252,N\A
8,2008/12/26,15785,0,136,77,14500,65,18,68,246,248,59,62,N\A
8,2009/01/01,15727,0,135,60,14477,0,17,56,246,248,188,215,N\A
8,2009/01/09,15845,0,135,66,14503,0,15,31,246,248,125,9,N\A
8,2009/01/17,15528,0,133,46,14306,0,16,49,246,248,226,3,N\A
8,2009/01/25,15945,0,136,69,14416,0,18,70,246,248,253,250,N\A
8,2009/02/02,16195,0,137,80,14687,0,21,99,246,248,90,164,N\A
8,2009/02/10,15954,0,137,77,14609,0,17,60,246,248,61,59,N\A
8,2009/02/18,15565,0,136,65,14500,0,18,71,246,248,216,244,N\A
8,2009/02/26,15728,0,136,66,14659,65,19,76,246,248,125,98,N\A
8,2009/03/06,16138,0,136,72,14625,0,15,37,246,248,26,22,N\A
8,2009/03/14,15829,0,138,82,14760,65,13,12,246,248,165,128,N\A
8,2009/03/22,15840,0,135,58,14722,0,16,48,246,248,58,3,N\A
8,2009/03/30,16012,0,138,93,14820,0,14,21,246,248,161,160,N\A
8,2009/04/07,16065,65,137,69,14698,65,18,69,246,248,38,4,N\A
8,2009/04/15,16020,65,137,75,14758,0,14,23,246,248,177,137,N\A
8,2009/04/23,15264,0,131,15,14953,0,16,40,246,248,32,16,N\A
8,2009/05/01,15242,65,138,92,14717,0,15,39,246,248,161,35,N\A
8,2009/05/09,15545,65,135,57,14697,65,21,106,246,248,58,128,N\A
8,2009/05/17,15746,65,136,69,14709,65,14,84,246,248,253,208,N\A
8,2009/05/25,15509,0,135,61,14796,0,20,91,246,248,144,177,N\A
8,2009/06/02,15851,0,135,62,14863,0,16,43,246,248,5,43,N\A
8,2009/06/10,15345,0,135,62,14724,0,19,73,246,248,2,144,N\A
8,2009/06/18,15357,65,139,111,14587,0,22,115,246,248,32,64,N\A
8,2009/06/26,15260,65,134,56,14732,0,18,73,246,248,194,197,N\A
8,2009/07/04,15328,65,134,47,14796,65,17,54,246,248,4,8,N\A
8,2009/07/12,15219,65,139,103,14815,65,18,72,246,247,86,148,N\A
8,2009/07/20,15536,65,135,62,14796,0,19,84,246,248,5,74,N\A
8,2009/07/28,0,2,255,255,14862,0,18,69,246,248,0,4,N\A
8,2009/08/05,15095,65,133,42,14858,0,17,54,246,248,65,8,N\A
8,2009/08/13,0,2,255,255,0,2,255,255,0,0,0,0,N\A
8,2009/08/21,15277,65,137,90,14589,65,22,114,246,248,128,64,N\A
8,2009/08/29,14940,0,130,9,0,2,255,255,247,248,160,0,N\A
8,2009/09/06,14920,65,133,36,14863,0,17,54,246,248,20,8,N\A
8,2009/09/14,14602,65,138,102,14771,0,16,41,246,248,64,16,N\A
8,2009/09/22,15188,65,135,56,14745,0,17,59,246,248,93,73,N\A
8,2009/09/30,15185,65,134,56,14762,0,21,101,246,248,250,129,N\A
8,2009/10/08,15403,65,137,77,14757,0,15,31,246,248,60,9,N\A
8,2009/10/16,15156,65,131,19,14679,65,17,55,247,248,136,208,N\A
8,2009/10/24,15170,0,136,68,14810,0,16,42,246,248,48,40,N\A
8,2009/11/01,15496,0,134,55,14643,0,16,49,246,248,248,146,N\A
8,2009/11/09,15739,0,136,67,14625,65,16,49,246,248,252,235,N\A
8,2009/11/17,15672,0,134,55,14435,0,18,64,246,248,250,247,N\A
8,2009/11/25,15767,0,137,79,14494,0,16,50,246,248,189,235,N\A
8,2009/12/03,16008,0,137,77,14424,0,17,55,246,248,126,215,N\A
8,2009/12/11,15941,0,135,62,14576,0,20,85,246,248,216,210,N\A
8,2009/12/19,16059,0,135,66,14489,0,18,65,246,248,254,247,N\A
8,2009/12/27,16094,0,136,68,14445,0,18,68,246,248,29,27,N\A
8,2010/01/01,16044,0,137,79,14446,0,16,52,246,248,247,191,N\A
8,2010/01/09,16225,0,135,58,14457,0,19,83,246,248,233,221,N\A
8,2010/01/17,16078,0,137,79,14551,0,16,52,246,248,247,191,N\A
8,2010/01/25,16161,0,134,53,14459,65,19,83,246,248,231,205,N\A
8,2010/02/02,16296,0,135,63,14571,0,16,49,246,248,214,54,N\A
8,2010/02/10,16084,0,134,47,14603,0,20,89,246,248,131,131,N\A
8,2010/02/18,15945,0,137,79,14825,0,17,55,246,248,247,172,N\A
8,2010/02/26,16001,0,133,45,14686,0,18,66,245,247,175,222,N\A
8,2010/03/06,15875,0,138,97,14785,0,17,55,246,248,145,137,N\A
8,2010/03/14,16109,0,135,65,14800,0,19,75,246,248,11,71,N\A
8,2010/03/22,15678,0,136,73,14650,0,16,51,246,248,54,191,N\A
8,2010/03/30,15516,0,135,58,14573,0,19,82,246,248,3,23,N\A
8,2010/04/07,16039,0,137,87,14867,0,17,65,246,248,17,38,N\A
8,2010/04/15,16216,0,136,76,14827,0,21,105,246,248,8,148,N\A
8,2010/04/23,15831,65,135,62,14303,0,12,12,246,248,84,4,N\A
8,2010/05/01,0,2,255,255,14846,0,18,69,246,248,0,80,N\A
8,2010/05/09,15430,129,138,97,14789,0,14,27,246,248,145,132,N\A
8,2010/05/17,0,2,255,255,14885,0,20,94,246,248,0,69,N\A
8,2010/05/25,0,2,255,255,14709,0,16,46,246,248,0,13,N\A
8,2010/06/02,15266,65,134,50,0,2,255,255,246,248,168,0,N\A
8,2010/06/10,15270,0,135,63,14167,65,10,1,246,247,68,16,N\A
8,2010/06/18,15173,65,134,55,14686,0,18,75,246,247,35,71,N\A
8,2010/06/26,15135,0,137,77,14607,65,15,41,246,248,192,61,N\A
8,2010/07/04,15007,65,134,47,14642,0,18,70,246,248,32,3,N\A
8,2010/07/12,0,2,255,255,14692,0,16,54,246,248,0,12,N\A
8,2010/07/20,15179,65,134,47,14735,0,18,80,246,248,32,68,N\A
8,2010/07/28,14996,65,130,8,0,2,255,255,247,248,2,0,N\A
8,2010/08/05,14949,65,131,15,0,2,255,255,247,248,1,0,N\A
8,2010/08/13,15111,0,133,35,14798,0,17,68,246,248,64,136,N\A
8,2010/08/21,14980,65,135,68,14539,0,18,73,246,248,138,130,N\A
8,2010/08/29,0,2,255,255,0,2,255,255,0,0,0,0,N\A
8,2010/09/06,15110,65,136,77,0,2,255,255,246,248,8,0,N\A
8,2010/09/14,15046,65,136,72,14716,0,21,115,246,248,134,2,N\A
8,2010/09/22,15085,0,133,31,0,2,255,255,246,248,33,0,N\A
8,2010/09/30,15195,0,136,74,14706,65,14,41,246,248,85,25,N\A
8,2010/10/08,15094,65,133,43,14824,0,20,106,245,247,134,4,N\A
8,2010/10/16,15295,65,139,106,14793,0,17,65,246,248,133,41,N\A
8,2010/10/24,15505,65,135,58,14785,0,17,69,246,247,233,80,N\A
8,2010/11/01,15469,0,137,90,14616,65,17,63,246,248,4,9,N\A
8,2010/11/09,15678,65,133,45,14670,0,15,41,246,248,175,90,N\A
8,2010/11/17,15812,0,137,82,14568,65,16,60,246,248,135,175,N\A
8,2010/11/25,15977,0,135,65,14432,0,18,81,245,247,235,211,N\A
8,2010/12/03,15935,0,137,79,14451,0,15,52,246,248,247,191,N\A
8,2010/12/11,15914,0,134,56,14400,0,18,74,246,248,239,223,N\A
8,2010/12/19,15935,0,138,91,14434,0,15,52,246,248,245,191,N\A
8,2010/12/27,15900,0,132,32,14478,0,18,82,246,248,13,23,N\A
8,2011/01/01,16008,0,135,57,14475,0,15,51,246,248,189,250,N\A
8,2011/01/09,15723,0,133,47,14458,0,16,59,246,248,122,124,N\A
8,2011/01/17,15801,0,135,67,14443,0,16,62,246,248,191,254,N\A
8,2011/01/25,16151,0,136,69,14572,0,17,63,246,248,127,252,N\A
8,2011/02/02,16154,0,136,78,0,2,255,255,246,248,169,0,N\A
8,2011/02/10,16115,0,137,83,14724,65,18,87,246,248,86,161,N\A
8,2011/02/18,16192,0,136,80,14707,0,17,62,246,247,186,122,N\A
8,2011/02/26,16121,0,135,61,14816,0,17,70,246,248,123,176,N\A
8,2011/03/06,16230,65,135,57,0,2,255,255,246,248,165,0,N\A
8,2011/03/14,0,2,255,255,14817,0,19,96,246,248,0,160,N\A
8,2011/03/22,15929,0,136,74,14731,0,20,99,247,248,143,22,N\A
8,2011/03/30,15927,0,137,85,14664,0,18,70,246,247,22,24,N\A
8,2011/04/07,16061,0,137,87,14789,0,18,70,246,248,46,14,N\A
8,2011/04/15,16030,0,142,129,14857,0,15,44,247,248,1,17,N\A
8,2011/04/23,0,2,255,255,0,2,255,255,0,0,0,0,N\A
8,2011/05/01,15622,0,137,90,14612,0,22,121,246,248,80,8,N\A
8,2011/05/09,0,2,255,255,14737,0,23,126,246,248,0,4,N\A
8,2011/05/17,15631,0,140,118,14675,0,17,62,246,248,4,132,N\A
8,2011/05/25,15623,65,135,66,14884,0,15,41,246,248,161,10,N\A
8,2011/06/02,0,2,255,255,0,2,255,255,0,0,0,0,N\A
8,2011/06/10,15607,65,138,93,14785,0,15,41,246,248,130,10,N\A
8,2011/06/18,15652,65,133,34,0,2,255,255,246,248,2,0,N\A
8,2011/06/26,15361,65,133,35,14733,0,12,14,246,248,5,136,N\A
8,2011/07/04,15292,65,135,58,14766,0,20,106,246,248,24,32,N\A
8,2011/07/12,15204,65,135,66,14735,65,13,27,246,248,161,130,N\A
8,2011/07/20,15049,0,133,34,14750,0,15,44,246,248,2,17,N\A
8,2011/07/28,15053,65,138,93,0,2,255,255,246,248,43,0,N\A
8,2011/08/05,15043,65,138,97,14754,65,17,69,245,247,68,176,N\A
8,2011/08/13,14696,65,129,8,14705,0,12,11,246,248,16,32,N\A
8,2011/08/21,15113,65,137,89,0,2,255,255,246,248,80,0,N\A
8,2011/08/29,15335,65,135,61,0,2,255,255,247,249,128,0,N\A
8,2011/09/06,15087,65,139,108,14737,0,13,19,246,248,69,16,N\A
8,2011/09/14,14729,65,129,9,14818,65,19,96,246,248,16,64,N\A
8,2011/09/22,15088,65,135,64,14840,0,18,73,246,248,88,36,N\A
8,2011/09/30,15214,65,135,63,14763,0,19,78,246,248,159,12,N\A
8,2011/10/08,15187,0,136,69,14692,0,18,70,246,248,18,24,N\A
8,2011/10/16,15295,0,134,48,14775,0,19,88,246,248,29,82,N\A
8,2011/10/24,15486,65,133,46,14625,0,14,37,246,248,122,212,N\A
8,2011/11/01,15647,65,136,64,14722,0,17,63,246,248,135,252,N\A
8,2011/11/09,15781,65,138,92,14621,0,17,63,246,248,87,253,N\A
8,2011/11/17,15897,0,135,67,14559,65,14,38,246,248,191,234,N\A
8,2011/11/25,15763,0,135,60,14571,0,17,63,246,248,123,253,N\A
8,2011/12/03,15899,0,135,67,14502,0,16,62,246,248,191,254,N\A
8,2011/12/11,15753,0,135,58,14485,0,17,63,246,248,126,253,N\A
8,2011/12/19,15933,0,135,59,14429,0,18,72,246,248,183,126,N\A
8,2011/12/27,15849,0,137,80,14574,0,16,55,246,248,31,5,N\A
8,2012/01/01,15966,0,134,56,14518,0,18,74,246,248,251,247,N\A
8,2012/01/09,16001,0,137,79,14492,0,15,51,246,248,253,239,N\A
8,2012/01/17,15921,0,134,49,14332,0,16,65,246,248,203,7,N\A
8,2012/01/25,16042,0,137,79,14569,65,15,51,246,248,253,239,N\A
8,2012/02/02,15891,0,135,61,14623,65,16,65,246,248,202,7,N\A
8,2012/02/10,15825,0,137,83,14621,65,17,60,246,248,109,224,N\A
8,2012/02/18,15819,0,135,65,14609,0,17,71,246,248,211,147,N\A
8,2012/02/26,15923,0,136,73,14636,0,14,34,246,248,221,167,N\A
8,2012/03/05,15739,0,136,73,14602,0,21,114,246,248,216,128,N\A
8,2012/03/13,16089,0,137,79,14600,65,16,55,246,248,29,230,N\A
8,2012/03/21,15913,0,133,45,14805,0,17,69,246,248,138,20,N\A
8,2012/03/29,15804,0,135,62,0,2,255,255,246,248,4,0,N\A
8,2012/04/06,15787,0,133,40,14703,0,17,72,246,248,3,38,N\A
8,2012/04/14,15838,65,138,94,14728,0,13,21,246,248,164,36,N\A
8,2012/04/22,15681,0,132,35,14827,0,20,106,246,248,35,37,N\A
8,2012/04/30,0,2,255,255,14741,0,15,43,246,248,0,168,N\A
8,2012/05/08,15950,129,132,24,14655,0,20,96,246,248,32,49,N\A
8,2012/05/16,15390,65,138,94,14813,0,15,43,246,248,164,168,N\A
8,2012/05/24,15736,0,134,47,0,2,255,255,246,248,8,0,N\A
8,2012/06/01,15354,65,137,90,14728,0,21,109,246,248,1,66,N\A
8,2012/06/09,15137,0,135,62,14731,0,19,95,246,248,10,5,N\A
8,2012/06/17,0,2,255,255,14804,0,13,19,246,248,0,128,N\A
8,2012/06/25,0,2,255,255,14707,0,19,78,246,248,0,96,N\A
8,2012/07/03,15069,0,136,69,0,2,255,255,246,248,144,0,N\A
8,2012/07/11,15182,65,132,29,14722,0,14,29,246,248,136,64,N\A
8,2012/07/19,15117,65,135,62,14649,65,10,0,246,248,4,4,N\A
8,2012/07/27,14977,65,132,24,14839,0,16,54,246,248,32,16,N\A
8,2012/08/04,0,2,255,255,14636,65,16,61,247,248,0,68,N\A
8,2012/08/12,15011,65,136,68,14664,65,11,5,246,248,96,2,N\A
8,2012/08/20,14959,65,137,85,14781,0,15,49,246,248,133,139,N\A
8,2012/08/28,14909,0,135,64,14772,65,20,106,246,248,17,1,N\A
8,2012/09/05,15078,65,135,60,14723,0,13,20,246,248,92,36,N\A
8,2012/09/13,15326,65,136,76,0,2,255,255,247,248,2,0,N\A
8,2012/09/21,15045,65,137,84,14806,0,16,54,246,248,176,40,N\A
8,2012/09/29,15058,65,132,28,14722,0,18,71,245,247,163,192,N\A
8,2012/10/07,15170,65,137,84,14762,0,17,60,246,248,157,224,N\A
8,2012/10/15,15375,65,132,28,14727,65,14,29,246,248,136,64,N\A
8,2012/10/23,15342,65,137,84,14757,0,15,48,246,248,133,6,N\A
8,2012/10/31,15339,65,133,45,14672,0,16,62,246,248,235,23,N\A
8,2012/11/08,15648,0,134,48,14722,0,13,29,246,248,20,140,N\A
8,2012/11/16,15716,0,135,64,14657,0,17,70,246,248,154,103,N\A
8,2012/11/24,15675,0,137,79,14732,65,14,30,246,248,253,160,N\A
8,2012/12/02,15723,0,135,65,14460,65,19,81,246,248,250,240,N\A
8,2012/12/10,15853,0,137,82,14510,0,15,49,246,248,181,231,N\A
8,2012/12/18,15794,0,134,54,14452,0,19,87,246,247,249,241,N\A
8,2012/12/26,15889,0,137,87,14496,0,16,55,246,248,61,43,N\A
8,2013/01/01,15907,0,135,58,14324,0,18,74,246,248,207,223,N\A
8,2013/01/09,15969,0,138,91,14464,0,19,94,246,248,245,42,N\A
8,2013/01/17,15961,0,135,58,14470,0,16,61,246,248,207,79,N\A
8,2013/01/25,15968,0,137,85,14493,65,17,61,246,248,117,131,N\A
8,2013/02/02,15861,0,133,45,14509,0,17,65,246,248,175,95,N\A
8,2013/02/10,16265,0,136,72,14575,0,17,63,246,248,119,163,N\A
8,2013/02/18,16176,0,136,66,14593,0,18,81,246,248,195,211,N\A
8,2013/02/26,16267,0,135,61,14782,0,17,61,246,248,87,131,N\A
8,2013/03/06,16159,65,133,36,14812,0,19,90,246,248,45,141,N\A
8,2013/03/14,16293,0,137,81,14858,0,17,68,245,247,196,136,N\A
8,2013/03/22,16372,0,135,63,0,2,255,255,246,248,130,0,N\A
8,2013/03/30,16449,0,135,69,14889,0,17,64,246,248,23,6,N\A
8,2013/04/07,15945,0,135,64,14810,0,17,64,246,248,130,6,N\A
8,2013/04/15,16404,0,133,35,14913,0,17,70,246,248,64,32,N\A
8,2013/04/23,16148,0,134,48,14757,0,21,106,246,248,32,144,N\A
8,2013/05/01,15839,0,133,36,14887,0,14,27,245,247,18,132,N\A
8,2013/05/09,15988,0,136,75,14853,0,16,54,246,248,42,94,N\A
8,2013/05/17,15601,65,138,90,14882,0,16,55,246,248,144,137,N\A
8,2013/05/25,15115,65,133,36,14630,0,21,105,246,248,160,144,N\A
8,2013/06/02,15079,0,135,61,14743,0,15,41,246,248,19,36,N\A
8,2013/06/10,15591,0,134,61,14741,0,17,65,246,248,14,95,N\A
8,2013/06/18,15322,65,133,35,14867,0,18,83,246,248,18,40,N\A
8,2013/06/26,15266,65,135,62,14549,0,23,126,246,248,40,128,N\A
8,2013/07/04,15193,0,136,73,14736,0,14,29,246,247,65,1,N\A
8,2013/07/12,15177,65,135,63,14768,0,19,84,246,248,170,150,N\A
8,2013/07/20,15091,65,140,115,14663,65,17,70,246,248,129,26,N\A
8,2013/07/28,0,2,255,255,14790,65,19,86,246,248,0,81,N\A
8,2013/08/05,15095,65,133,35,14802,0,15,40,246,248,64,128,N\A
8,2013/08/13,0,2,255,255,14741,65,20,106,246,248,0,4,N\A
8,2013/08/21,0,2,255,255,0,2,255,255,0,0,0,0,N\A
8,2013/08/29,0,2,255,255,14778,65,16,54,246,248,0,64,N\A
8,2013/09/06,15201,65,137,90,14537,65,10,0,246,248,4,16,N\A
8,2013/09/14,15105,65,135,63,14761,65,18,73,246,248,170,204,N\A
8,2013/09/22,15179,65,139,111,14786,0,17,71,246,248,1,35,N\A
8,2013/09/30,15289,0,136,67,14745,0,20,101,246,248,195,193,N\A
8,2013/10/08,15312,0,137,76,14763,0,16,49,246,248,192,33,N\A
8,2013/10/16,15688,0,134,47,14713,0,16,56,246,248,32,91,N\A
8,2013/10/24,15581,65,136,69,14791,0,16,51,246,248,115,45,N\A
8,2013/11/01,15693,0,134,49,14589,0,16,54,246,248,237,94,N\A
8,2013/11/09,15809,0,136,74,14704,0,16,54,246,248,119,63,N\A
8,2013/11/17,15755,0,137,89,14663,65,15,46,246,248,106,24,N\A
8,2013/11/25,15876,0,137,80,14631,0,16,59,246,248,247,187,N\A
8,2013/12/03,15896,0,134,50,14484,0,17,67,246,248,237,89,N\A
8,2013/12/11,15779,0,133,45,14496,0,18,71,246,248,70,139,N\A
8,2013/12/19,15827,0,135,60,14436,0,18,74,246,248,230,223,N\A
8,2013/12/27,15980,0,135,68,14525,0,15,51,246,248,23,31,N\A
8,2014/01/01,15896,0,133,43,14544,65,18,86,246,248,74,161,N\A
8,2014/01/09,16053,0,135,67,14490,0,16,61,246,248,191,254,N\A
8,2014/01/17,15578,65,136,78,14520,65,16,55,246,248,49,101,N\A
8,2014/01/25,16057,0,135,57,14506,0,18,71,246,248,189,60,N\A
8,2014/02/02,15928,0,136,68,14655,0,18,79,246,248,127,232,N\A
8,2014/02/10,15998,0,134,57,14622,0,17,61,246,248,61,122,N\A
8,2014/02/18,15955,0,135,59,14635,0,17,63,246,248,126,252,N\A
8,2014/02/26,16142,0,135,66,14529,0,15,50,246,248,179,248,N\A
8,2014/03/06,16158,0,138,91,14566,0,17,64,246,248,29,49,N\A
8,2014/03/14,16087,0,132,32,14836,0,19,96,246,248,148,64,N\A
8,2014/03/22,16095,65,136,74,14731,0,17,69,247,248,73,1,N\A
8,2014/03/30,16196,0,138,101,14824,0,18,80,246,248,40,88,N\A
8,2014/04/07,16318,65,138,102,14896,0,17,64,246,248,16,121,N\A
8,2014/04/15,15950,65,136,71,14894,0,15,44,246,248,39,174,N\A
8,2014/04/23,15880,65,140,118,14824,65,20,106,246,248,4,32,N\A
8,2014/05/01,0,2,255,255,14867,0,16,54,245,247,0,2,N\A
8,2014/05/09,0,2,255,255,14819,65,13,19,245,247,0,16,N\A
8,2014/05/17,15798,0,134,54,0,2,255,255,246,248,176,0,N\A
8,2014/05/25,16140,65,136,77,14864,0,17,69,246,248,64,177,N\A
8,2014/06/02,15366,65,135,62,14753,0,15,50,245,247,128,194,N\A
8,2014/06/10,15459,0,136,71,14589,0,20,106,246,248,82,32,N\A
8,2014/06/18,15294,0,134,43,14543,0,19,84,245,247,132,76,N\A
8,2014/06/26,15348,65,136,71,14766,0,19,88,246,248,82,33,N\A
8,2014/07/04,15199,0,133,43,14624,0,15,42,246,248,53,172,N\A
8,2014/07/12,0,2,255,255,14629,0,19,88,246,248,0,33,N\A
8,2014/07/20,15437,65,135,62,14822,0,16,54,246,248,128,2,N\A
8,2014/07/28,15007,0,131,15,14881,65,17,69,246,248,8,1,N\A
8,2014/08/05,15168,65,133,36,14690,0,10,0,246,248,5,128,N\A
8,2014/08/13,0,2,255,255,14768,65,15,40,246,248,0,4,N\A
8,2014/08/21,15094,65,135,61,14743,0,14,42,246,248,152,176,N\A
8,2014/08/29,15183,65,135,56,14907,0,17,69,246,248,66,1,N\A
No data
No data
9,2002/07/04,16105,81,133,48,0,2,255,255,243,245,2,0,N\A
9,2002/07/12,0,2,255,255,14581,81,10,99,243,245,0,82,N\A
9,2002/07/20,15864,65,135,77,14729,65,11,2,244,246,8,4,N\A
9,2002/07/28,0,2,255,255,0,2,255,255,0,0,0,0,N\A
9,2002/08/05,16064,81,133,48,14791,81,14,23,243,245,4,16,N\A
9,2002/08/13,0,2,255,255,14733,65,12,67,244,246,0,82,N\A
9,2002/08/21,15879,65,130,14,14716,0,14,32,243,245,132,140,N\A
9,2002/08/29,16066,0,133,52,14773,17,17,60,243,245,67,68,N\A
9,2002/09/06,0,2,255,255,14792,17,15,49,243,245,0,38,N\A
9,2002/09/14,16165,17,135,76,14700,0,17,73,243,245,20,20,N\A
9,2002/09/22,16300,81,132,45,14746,81,16,113,243,245,143,131,N\A
9,2002/09/30,16132,0,131,23,14555,17,11,108,243,245,66,70,N\A
9,2002/10/08,16184,17,133,58,14806,0,14,39,243,245,46,7,N\A
9,2002/10/16,16054,17,136,87,14647,0,17,73,243,245,183,86,N\A
9,2002/10/24,16049,17,136,90,14597,0,15,51,243,245,10,6,N\A
9,2002/11/01,15990,0,136,79,14719,0,15,46,243,245,247,80,N\A
9,2002/11/09,16068,17,133,56,14595,0,13,59,243,245,239,175,N\A
9,2002/11/17,16011,0,136,79,14567,17,16,61,243,245,247,68,N\A
9,2002/11/25,15907,17,132,45,14222,81,20,99,243,245,143,136,N\A
9,2002/12/03,15970,0,135,74,14437,65,12,94,243,245,246,80,N\A
9,2002/12/11,15825,0,133,57,14296,0,12,77,243,245,239,175,N\A
9,2002/12/19,15660,17,135,70,14016,17,16,96,243,245,255,86,N\A
9,2002/12/27,15691,17,133,50,14032,0,13,73,243,245,15,15,N\A
9,2003/01/01,15802,17,134,67,14123,17,12,85,243,245,191,181,N\A
9,2003/01/09,16025,0,135,69,14364,65,11,87,244,245,127,58,N\A
9,2003/01/17,15919,17,134,59,14210,0,14,85,243,245,255,149,N\A
9,2003/01/25,16002,0,135,69,14346,65,21,101,244,246,127,66,N\A
9,2003/02/02,15769,0,134,66,14278,17,15,52,243,245,250,176,N\A
9,2003/02/10,15976,0,135,69,14273,0,14,81,243,245,127,106,N\A
9,2003/02/18,16040,17,133,52,14397,65,16,60,244,245,247,128,N\A
9,2003/02/26,16158,17,134,58,14600,17,19,100,243,245,90,16,N\A
9,2003/03/06,16015,17,134,59,14614,65,16,56,244,246,60,36,N\A
9,2003/03/14,15969,0,136,79,14293,65,18,75,243,245,95,10,N\A
9,2003/03/22,16177,0,134,67,14366,0,13,116,243,245,173,20,N\A
9,2003/03/30,16376,17,135,69,14516,65,16,56,244,246,127,90,N\A
9,2003/04/07,16283,17,134,60,14741,0,12,85,244,246,183,181,N\A
9,2003/04/15,16355,0,135,68,14521,17,18,84,243,245,63,122,N\A
9,2003/04/23,16365,17,134,61,14341,65,8,92,243,245,230,21,N\A
9,2003/05/01,16367,17,135,69,14464,81,15,53,243,245,127,114,N\A
9,2003/05/09,16506,0,134,69,14604,0,13,67,243,245,238,53,N\A
9,2003/05/17,16367,0,136,75,14741,0,13,114,244,245,15,18,N\A
9,2003/05/25,16226,65,133,49,14921,17,15,52,242,244,1,37,N\A
9,2003/06/02,15725,65,137,102,14802,17,17,67,243,245,16,18,N\A
9,2003/06/10,15971,81,135,77,14552,0,13,70,243,245,59,180,N\A
9,2003/06/18,16195,17,132,35,14923,0,14,33,244,246,2,2,N\A
9,2003/06/26,15681,0,133,48,14857,17,17,67,242,244,1,33,N\A
9,2003/07/04,0,2,255,255,0,2,255,255,0,0,0,0,N\A
9,2003/07/12,15814,81,132,40,14769,0,19,99,243,245,145,48,N\A
9,2003/07/20,15703,81,136,90,14674,0,17,67,244,246,80,18,N\A
9,2003/07/28,15577,17,134,62,14747,65,13,27,242,244,128,17,N\A
9,2003/08/05,15634,65,135,76,0,2,255,255,243,245,64,0,N\A
9,2003/08/13,15241,81,133,44,14754,65,16,56,243,245,133,164,N\A
9,2003/08/21,15124,65,138,110,0,2,255,255,243,245,20,0,N\A
9,2003/08/29,15104,81,137,94,14649,81,22,123,243,245,130,4,N\A
9,2003/09/06,15462,17,138,103,14792,81,20,101,243,245,81,82,N\A
9,2003/09/14,15782,65,134,70,14792,0,15,45,243,245,56,181,N\A
9,2003/09/22,15565,81,136,89,14773,0,14,81,243,245,93,90,N\A
9,2003/09/30,15926,17,133,57,14776,17,15,107,243,245,61,52,N\A
9,2003/10/08,15906,0,133,61,14724,81,17,77,243,245,112,50,N\A
9,2003/10/16,16021,17,134,63,14829,0,16,59,243,245,159,21,N\A
9,2003/10/24,15864,0,135,69,14673,0,14,45,244,245,127,122,N\A
9,2003/11/01,16020,0,134,67,14745,0,12,85,243,245,191,181,N\A
9,2003/11/09,15744,0,135,69,14511,65,14,39,243,245,127,96,N\A
9,2003/11/17,15906,17,134,60,14556,0,16,65,243,245,255,161,N\A
9,2003/11/25,15843,17,135,70,14369,17,13,66,243,245,127,122,N\A
9,2003/12/03,15608,17,134,60,14258,0,13,66,243,245,255,181,N\A
9,2003/12/11,15921,17,135,70,14497,65,13,66,243,245,127,122,N\A
9,2003/12/19,15661,0,133,55,14324,81,12,86,243,245,223,181,N\A
9,2003/12/27,15662,17,136,81,14379,65,11,115,243,245,31,26,N\A
9,2004/01/01,15982,17,133,56,14323,65,12,62,243,245,59,43,N\A
9,2004/01/09,15519,17,135,72,14224,65,17,108,243,245,238,209,N\A
9,2004/01/17,15791,17,133,57,14250,0,11,45,244,245,251,169,N\A
9,2004/01/25,15778,0,135,75,14225,65,14,83,243,245,125,209,N\A
9,2004/02/02,15643,0,133,55,14143,17,17,71,243,245,234,171,N\A
9,2004/02/10,15865,0,134,62,14369,17,15,78,243,245,223,213,N\A
9,2004/02/18,15947,17,133,58,14355,0,15,89,244,246,251,170,N\A
9,2004/02/26,16237,17,134,65,14556,17,17,99,243,245,127,213,N\A
9,2004/03/05,15828,0,132,40,14541,0,12,51,243,245,233,171,N\A
9,2004/03/13,15947,0,135,73,14384,65,16,98,244,246,241,85,N\A
9,2004/03/21,16220,17,132,46,14577,65,14,92,243,245,235,168,N\A
9,2004/03/29,16418,17,136,87,14515,0,14,92,243,245,61,21,N\A
9,2004/04/06,16276,0,132,45,14645,81,11,71,243,245,235,171,N\A
9,2004/04/14,16521,17,136,79,14630,0,12,98,243,245,253,85,N\A
9,2004/04/22,16315,17,134,66,14588,0,11,71,243,245,250,171,N\A
9,2004/04/30,16470,17,135,70,14601,17,14,99,243,245,255,213,N\A
9,2004/05/08,16341,0,131,35,14804,0,12,51,243,245,139,171,N\A
9,2004/05/16,16282,17,132,48,14737,0,14,99,243,245,23,213,N\A
9,2004/05/24,16239,17,132,44,14759,17,11,71,243,245,11,171,N\A
9,2004/06/01,16059,65,136,88,14784,65,14,73,243,245,61,85,N\A
9,2004/06/09,16170,65,135,76,14740,0,10,53,244,246,50,137,N\A
9,2004/06/17,16341,81,136,91,14903,17,18,75,242,244,1,5,N\A
9,2004/06/25,16064,65,135,71,14911,17,18,75,243,245,98,2,N\A
9,2004/07/03,15862,65,137,95,14764,0,20,95,243,245,164,129,N\A
9,2004/07/11,15684,81,130,15,14748,0,13,27,244,246,33,163,N\A
9,2004/07/19,15720,17,134,63,14425,65,18,74,243,245,21,5,N\A
9,2004/07/27,16075,17,135,77,14672,81,12,18,243,245,2,137,N\A
9,2004/08/04,15760,65,133,49,14756,0,14,33,243,245,20,16,N\A
9,2004/08/12,15915,17,135,77,0,2,255,255,242,244,2,0,N\A
9,2004/08/20,15717,65,136,82,14713,65,14,92,243,245,249,196,N\A
9,2004/08/28,15705,17,133,51,14507,65,11,8,243,245,34,128,N\A
9,2004/09/05,15871,81,132,38,14699,0,16,49,244,246,84,208,N\A
9,2004/09/13,16121,65,133,48,14490,0,16,57,243,245,8,41,N\A
9,2004/09/21,16067,17,134,61,14807,0,20,98,243,245,213,213,N\A
9,2004/09/29,15848,65,136,80,14779,65,23,123,244,246,210,32,N\A
9,2004/10/07,15956,0,136,77,14740,17,19,82,243,245,252,133,N\A
9,2004/10/15,15974,65,133,48,14701,65,11,71,243,245,187,171,N\A
9,2004/10/23,15996,0,136,77,14711,0,17,98,243,245,252,85,N\A
9,2004/10/31,16083,0,133,57,14560,81,13,76,243,245,251,138,N\A
9,2004/11/08,16118,0,136,86,14523,17,17,101,243,245,237,212,N\A
9,2004/11/16,15938,17,133,56,14494,0,15,50,244,245,251,171,N\A
9,2004/11/24,15779,17,136,79,14360,17,15,49,243,245,253,208,N\A
9,2004/12/02,15868,0,133,57,14370,0,10,77,244,246,251,163,N\A
9,2004/12/10,15869,0,136,84,14236,0,14,99,243,245,175,213,N\A
9,2004/12/18,15663,17,133,57,14182,65,10,102,243,245,251,162,N\A
9,2004/12/26,15606,17,135,73,14183,0,18,88,243,245,63,1,N\A
9,2005/01/01,15654,0,134,58,14222,17,14,60,243,245,207,175,N\A
9,2005/01/09,15662,17,136,87,13944,0,10,108,243,245,244,70,N\A
9,2005/01/17,15611,0,134,55,14062,65,14,97,244,246,193,11,N\A
9,2005/01/25,16012,17,135,70,14151,0,12,96,243,245,255,86,N\A
9,2005/02/02,15834,17,133,57,14436,0,16,61,243,245,239,175,N\A
9,2005/02/10,15954,17,135,73,14283,65,14,34,243,245,119,18,N\A
9,2005/02/18,16327,0,133,57,14598,0,12,62,244,246,239,172,N\A
9,2005/02/26,16383,17,135,73,14509,81,15,52,243,245,54,22,N\A
9,2005/03/06,16302,17,133,50,14468,17,15,48,243,245,15,47,N\A
9,2005/03/14,15823,0,135,76,14244,65,10,68,244,245,249,66,N\A
9,2005/03/22,16208,17,133,48,0,2,255,255,243,245,163,0,N\A
9,2005/03/30,16377,17,136,83,14598,0,15,48,243,245,135,86,N\A
9,2005/04/07,16311,0,134,66,14544,0,11,78,243,245,235,167,N\A
9,2005/04/15,16559,0,134,64,14616,0,9,99,243,245,124,82,N\A
9,2005/04/23,16491,17,136,75,14407,81,17,69,243,245,192,174,N\A
9,2005/05/01,16257,17,135,71,14212,81,23,128,243,245,215,64,N\A
9,2005/05/09,16372,17,133,48,14475,81,14,71,243,245,131,171,N\A
9,2005/05/17,15728,81,133,54,14571,17,16,99,242,244,22,87,N\A
9,2005/05/25,16088,17,133,48,14658,0,11,85,243,245,32,160,N\A
9,2005/06/02,15936,0,135,77,14813,0,17,71,244,246,20,86,N\A
9,2005/06/10,15973,17,132,37,14814,0,15,50,243,245,160,142,N\A
9,2005/06/18,16128,0,138,111,14644,17,20,109,243,245,1,70,N\A
9,2005/06/26,15939,81,133,50,14818,0,16,58,243,245,15,3,N\A
9,2005/07/04,15816,81,132,36,14823,17,14,33,242,244,64,64,N\A
9,2005/07/12,15929,0,135,78,14715,0,14,41,245,247,8,44,N\A
9,2005/07/20,16004,65,136,87,0,2,255,255,243,245,17,0,N\A
9,2005/07/28,15541,0,132,43,14762,0,18,87,243,245,44,10,N\A
9,2005/08/05,15562,81,132,35,14812,17,14,33,242,244,64,64,N\A
9,2005/08/13,15449,17,133,48,14750,17,15,46,243,245,32,32,N\A
9,2005/08/21,15585,0,136,87,14791,65,20,109,244,246,17,2,N\A
9,2005/08/29,15824,17,132,33,0,2,255,255,242,244,33,0,N\A
9,2005/09/06,15881,17,137,94,14743,65,14,99,243,245,52,82,N\A
9,2005/09/14,15717,81,136,84,14807,81,18,88,243,245,104,35,N\A
9,2005/09/22,15715,81,135,77,14734,0,20,109,243,245,157,1,N\A
9,2005/09/30,16007,17,133,48,14817,0,15,54,243,245,163,141,N\A
9,2005/10/08,16141,17,134,62,14797,0,15,48,243,245,87,6,N\A
9,2005/10/16,15971,0,135,69,14702,0,15,52,243,245,232,173,N\A
9,2005/10/24,15933,0,135,70,14658,0,16,60,243,245,255,87,N\A
9,2005/11/01,15827,0,133,57,14421,65,13,90,243,245,239,162,N\A
9,2005/11/09,15836,17,135,70,14373,81,14,92,243,245,255,84,N\A
9,2005/11/17,15953,0,133,49,14389,17,12,77,243,245,47,175,N\A
9,2005/11/25,15940,0,136,79,14576,0,11,96,243,245,247,86,N\A
9,2005/12/03,15907,0,133,56,14464,65,19,97,243,245,239,11,N\A
9,2005/12/11,15864,0,136,79,14438,65,15,96,243,245,247,85,N\A
9,2005/12/19,15776,17,132,45,14341,81,14,71,243,245,175,171,N\A
9,2005/12/27,15724,17,134,69,14357,17,10,85,243,245,23,18,N\A
9,2006/01/01,15881,0,135,69,14392,65,16,105,243,245,127,90,N\A
9,2006/01/09,15784,17,134,59,14278,17,19,90,243,245,255,164,N\A
9,2006/01/17,15687,0,135,69,14311,17,10,106,243,245,127,74,N\A
9,2006/01/25,15942,0,134,67,14403,0,14,79,243,245,191,165,N\A
9,2006/02/02,15922,17,135,74,14330,65,18,84,243,245,125,122,N\A
9,2006/02/10,15849,0,134,67,14354,65,9,107,244,245,191,52,N\A
9,2006/02/18,16003,0,134,64,14371,81,12,84,243,245,111,122,N\A
9,2006/02/26,16089,0,133,52,14601,17,13,65,243,245,247,181,N\A
9,2006/03/06,15962,17,135,78,14277,81,12,18,243,245,119,34,N\A
9,2006/03/14,15882,0,134,59,14467,81,13,65,243,245,231,181,N\A
9,2006/03/22,16141,17,136,80,14275,65,15,87,243,245,95,58,N\A
9,2006/03/30,16049,17,133,56,14272,65,17,73,243,245,243,52,N\A
9,2006/04/07,16082,0,134,63,14306,0,10,51,243,245,111,42,N\A
9,2006/04/15,16306,17,134,58,14484,0,14,75,243,245,189,177,N\A
9,2006/04/23,16443,0,135,78,14504,17,12,84,243,245,113,122,N\A
9,2006/05/01,16324,17,132,42,14786,17,14,76,243,245,241,177,N\A
9,2006/05/09,0,2,255,255,0,2,255,255,0,0,0,0,N\A
9,2006/05/17,16196,17,134,63,14644,0,10,107,244,245,233,52,N\A
9,2006/05/25,16389,0,134,61,14657,81,17,64,243,245,123,122,N\A
9,2006/06/02,16304,81,134,61,14710,17,17,66,243,245,13,53,N\A
9,2006/06/10,16000,65,136,90,14561,0,16,52,243,245,80,114,N\A
9,2006/06/18,15981,17,133,51,14651,0,13,85,243,245,225,181,N\A
9,2006/06/26,16026,81,134,67,14796,17,17,63,243,245,100,58,N\A
9,2006/07/04,16075,17,134,56,14767,65,23,123,243,245,129,4,N\A
9,2006/07/12,0,2,255,255,14750,65,8,128,244,246,0,2,N\A
9,2006/07/20,15944,17,134,56,14755,65,21,109,243,245,129,16,N\A
9,2006/07/28,15753,81,137,102,14818,0,20,100,243,245,16,16,N\A
9,2006/08/05,0,2,255,255,14729,81,19,86,243,245,0,176,N\A
9,2006/08/13,15768,81,137,103,14717,81,15,33,243,245,16,2,N\A
9,2006/08/21,0,2,255,255,14727,65,19,89,243,245,0,32,N\A
9,2006/08/29,15523,17,136,84,14735,17,15,33,243,245,86,2,N\A
9,2006/09/06,15657,81,133,50,14783,17,18,74,243,245,205,52,N\A
9,2006/09/14,15748,65,133,55,14818,17,16,53,243,245,114,114,N\A
9,2006/09/22,15735,17,133,52,14844,0,19,85,243,245,247,144,N\A
9,2006/09/30,15871,17,134,60,14806,0,17,57,243,245,126,106,N\A
9,2006/10/08,16064,17,135,68,14766,0,16,96,243,245,191,180,N\A
9,2006/10/16,15861,65,137,91,14783,0,20,100,243,245,71,16,N\A
9,2006/10/24,15810,0,133,47,14592,65,17,56,243,245,124,36,N\A
9,2006/11/01,15877,0,135,69,14695,0,14,65,243,245,127,122,N\A
9,2006/11/09,15796,17,134,59,14399,65,17,65,243,245,255,181,N\A
9,2006/11/17,15793,0,135,69,14178,0,13,84,244,246,127,122,N\A
9,2006/11/25,15711,0,134,59,14142,17,13,85,243,245,255,181,N\A
9,2006/12/03,15663,0,135,69,14210,65,13,84,243,245,127,122,N\A
9,2006/12/11,15709,0,134,59,14185,0,13,85,243,245,255,181,N\A
9,2006/12/19,15739,0,135,69,14133,0,13,84,243,245,127,122,N\A
9,2006/12/27,15434,17,133,48,14096,0,12,59,243,245,29,21,N\A
9,2007/01/01,15492,0,136,79,14136,17,15,80,243,245,253,213,N\A
9,2007/01/09,15476,0,134,57,14060,0,13,58,243,245,251,139,N\A
9,2007/01/17,15657,0,135,70,14111,17,17,99,244,246,255,213,N\A
9,2007/01/25,15894,17,134,57,14249,0,11,71,243,245,251,171,N\A
9,2007/02/02,15838,17,134,61,14095,17,17,109,243,245,247,209,N\A
9,2007/02/10,15867,0,133,46,14139,65,13,51,243,245,235,171,N\A
9,2007/02/18,16140,0,135,65,14294,0,13,99,244,245,127,85,N\A
9,2007/02/26,15921,0,133,49,14299,65,15,93,243,245,224,168,N\A
9,2007/03/06,16197,0,135,70,14434,0,13,101,243,245,255,212,N\A
9,2007/03/14,16038,17,134,54,14415,17,13,51,243,245,249,171,N\A
9,2007/03/22,16199,0,135,70,14545,65,14,99,244,245,255,213,N\A
9,2007/03/30,16130,17,134,59,14651,0,11,71,243,245,243,171,N\A
9,2007/04/07,16378,0,134,60,14628,0,13,98,243,245,79,85,N\A
9,2007/04/15,16344,0,134,62,14439,0,11,71,243,245,219,171,N\A
9,2007/04/23,16321,17,137,87,14763,17,19,80,243,245,61,213,N\A
9,2007/05/01,16325,17,134,54,14778,0,12,88,243,245,249,170,N\A
9,2007/05/09,16202,17,136,73,14664,17,13,98,243,245,241,85,N\A
9,2007/05/17,16252,17,131,27,14724,17,14,81,243,245,168,42,N\A
9,2007/05/25,16225,17,135,70,14710,0,16,111,243,245,255,81,N\A
9,2007/06/02,16113,17,134,61,14654,0,6,116,243,245,104,160,N\A
9,2007/06/10,16041,0,135,73,14749,17,19,85,243,245,149,209,N\A
9,2007/06/18,16092,81,132,43,14821,0,16,56,244,245,11,129,N\A
9,2007/06/26,15624,81,137,102,0,2,255,255,243,245,128,0,N\A
9,2007/07/04,15604,65,134,63,14826,17,16,45,243,245,10,8,N\A
9,2007/07/12,15794,65,137,102,14785,17,20,100,243,245,128,128,N\A
9,2007/07/20,0,2,255,255,14745,81,21,109,243,245,0,128,N\A
9,2007/07/28,15233,65,132,36,0,2,255,255,244,246,16,0,N\A
9,2007/08/05,15846,17,134,64,14537,65,12,8,243,245,10,128,N\A
9,2007/08/13,15633,81,136,77,14785,81,18,74,243,245,5,5,N\A
9,2007/08/21,15452,17,133,52,0,2,255,255,243,245,34,0,N\A
9,2007/08/29,15567,17,136,85,14766,0,18,67,243,245,133,144,N\A
9,2007/09/06,15727,17,133,51,14828,81,17,61,242,244,42,10,N\A
9,2007/09/14,15686,0,133,52,14752,0,19,76,243,245,85,212,N\A
9,2007/09/22,15792,17,134,64,14615,0,20,89,244,245,248,170,N\A
9,2007/09/30,15960,0,136,79,14767,0,17,59,243,245,253,209,N\A
9,2007/10/08,15938,0,134,57,14780,0,18,77,243,245,251,138,N\A
9,2007/10/16,15904,81,136,86,14826,0,16,52,243,245,236,212,N\A
9,2007/10/24,16028,17,134,66,14728,81,14,81,243,245,250,42,N\A
9,2007/11/01,15948,0,136,79,14596,17,17,98,243,245,253,213,N\A
9,2007/11/09,15971,17,132,46,14709,0,11,71,243,245,235,171,N\A
9,2007/11/17,15870,0,136,79,14570,17,19,82,243,245,253,133,N\A
9,2007/11/25,15899,17,134,65,14560,0,18,66,243,245,123,160,N\A
9,2007/12/03,15768,17,135,73,14312,81,22,117,243,245,221,64,N\A
9,2007/12/11,15843,17,132,46,14378,0,11,71,243,245,235,171,N\A
9,2007/12/19,15606,17,136,79,14295,17,15,78,243,245,253,213,N\A
9,2007/12/27,15810,0,134,63,14430,65,15,40,243,245,27,11,N\A
9,2008/01/01,15766,17,134,66,14299,0,13,81,243,245,239,173,N\A
9,2008/01/09,15751,17,136,81,14146,0,13,66,243,245,215,78,N\A
9,2008/01/17,15835,17,132,40,13881,65,23,123,243,245,141,1,N\A
9,2008/01/25,15486,0,133,54,14149,65,18,74,243,245,218,84,N\A
9,2008/02/02,15749,17,134,58,14195,0,18,102,243,245,255,173,N\A
9,2008/02/10,15799,0,135,70,14263,81,14,68,243,245,223,94,N\A
9,2008/02/18,15775,17,134,62,14419,81,16,104,243,244,121,161,N\A
9,2008/02/26,15856,0,135,70,14354,65,14,68,243,245,223,94,N\A
9,2008/03/05,16168,17,134,58,14479,17,11,102,243,245,255,173,N\A
9,2008/03/13,16121,17,135,71,14373,65,15,35,243,245,220,90,N\A
9,2008/03/21,16277,17,134,58,14506,0,13,82,243,245,255,173,N\A
9,2008/03/29,16160,17,135,74,14580,0,18,74,243,245,159,30,N\A
9,2008/04/06,16155,17,136,73,14413,65,21,109,243,245,227,4,N\A
9,2008/04/14,16344,17,132,36,14844,65,16,59,243,245,90,28,N\A
9,2008/04/22,16240,81,133,54,14672,17,13,94,243,245,44,160,N\A
9,2008/04/30,16136,17,134,62,14630,0,14,87,243,245,222,70,N\A
9,2008/05/08,16219,17,134,58,14666,0,11,102,243,245,255,173,N\A
9,2008/05/16,16090,17,136,77,14636,17,16,47,243,245,156,94,N\A
9,2008/05/24,16377,17,137,76,14567,65,14,86,243,245,224,133,N\A
9,2008/06/01,16341,0,134,64,14651,0,13,66,243,245,31,78,N\A
9,2008/06/09,15921,17,136,77,14806,17,19,81,243,245,40,137,N\A
9,2008/06/17,15849,81,136,73,14706,0,17,66,243,245,87,78,N\A
9,2008/06/25,15997,81,138,99,14754,65,17,61,243,245,106,173,N\A
9,2008/07/03,0,2,255,255,14370,65,11,2,244,246,0,8,N\A
9,2008/07/11,15333,81,135,63,14808,0,5,109,244,246,32,4,N\A
9,2008/07/19,15696,17,136,76,0,2,255,255,243,245,84,0,N\A
9,2008/07/27,15654,65,135,63,14819,0,16,47,243,245,168,160,N\A
9,2008/08/04,15350,0,136,76,14418,65,13,14,243,245,68,2,N\A
9,2008/08/12,15352,81,135,63,0,2,255,255,243,245,32,0,N\A
9,2008/08/20,0,2,255,255,0,2,255,255,0,0,0,0,N\A
9,2008/08/28,15237,0,135,63,14650,0,12,64,243,245,32,37,N\A
9,2008/09/05,15467,65,136,79,14703,65,15,39,244,246,23,24,N\A
9,2008/09/13,15420,0,135,58,0,2,255,255,243,245,9,0,N\A
9,2008/09/21,15708,17,138,92,14708,0,17,59,243,245,196,86,N\A
9,2008/09/29,15776,65,134,57,14742,65,19,81,243,245,27,137,N\A
9,2008/10/07,15890,81,135,62,14735,65,16,48,243,245,222,30,N\A
9,2008/10/15,15958,17,135,58,14482,0,16,96,244,246,255,172,N\A
9,2008/10/23,15941,17,136,70,14452,0,13,60,243,245,223,90,N\A
9,2008/10/31,15954,0,135,58,14383,17,11,102,243,245,255,173,N\A
9,2008/11/08,15896,17,136,70,14496,17,19,85,243,245,223,90,N\A
9,2008/11/16,15949,17,135,58,14457,17,9,105,243,245,255,165,N\A
9,2008/11/24,15960,17,135,61,14547,0,13,59,243,245,95,90,N\A
9,2008/12/02,15925,17,135,66,14428,0,16,82,243,245,239,173,N\A
9,2008/12/10,15791,0,136,70,14420,17,15,41,243,245,223,88,N\A
9,2008/12/18,15687,17,133,37,14292,17,15,102,243,245,189,173,N\A
9,2008/12/26,15607,17,135,64,14276,0,13,96,243,245,31,18,N\A
9,2009/01/01,15621,17,135,60,14247,0,13,96,243,245,255,180,N\A
9,2009/01/09,15774,17,136,69,14349,0,10,105,244,246,127,106,N\A
9,2009/01/17,15865,17,135,60,14252,0,14,86,243,245,255,181,N\A
9,2009/01/25,15913,0,136,69,14362,65,10,105,243,245,127,106,N\A
9,2009/02/02,15994,17,135,60,14380,0,14,86,243,245,255,181,N\A
9,2009/02/10,16007,17,136,79,14614,0,20,88,243,245,92,96,N\A
9,2009/02/18,15898,0,134,59,14395,0,15,70,243,245,127,180,N\A
9,2009/02/26,16040,17,136,70,14371,0,14,56,243,245,115,106,N\A
9,2009/03/06,16193,0,135,66,14473,81,17,85,243,245,239,181,N\A
9,2009/03/14,16255,17,135,64,14359,17,18,105,243,245,124,106,N\A
9,2009/03/22,16179,17,136,77,14448,65,14,85,243,245,175,181,N\A
9,2009/03/30,16276,17,136,69,14429,0,10,105,243,245,127,106,N\A
9,2009/04/07,16381,17,135,67,14706,0,17,95,243,245,179,180,N\A
9,2009/04/15,16236,0,136,70,14594,0,14,105,243,245,94,106,N\A
9,2009/04/23,16247,17,134,45,14683,17,17,85,242,244,133,181,N\A
9,2009/05/01,16034,0,136,69,14851,17,7,115,243,245,18,42,N\A
9,2009/05/09,15902,17,135,60,14450,0,15,86,243,245,188,176,N\A
9,2009/05/17,16321,17,138,90,14609,17,12,80,243,245,71,106,N\A
9,2009/05/25,16077,0,137,77,14635,17,17,85,243,245,15,181,N\A
9,2009/06/02,16171,0,134,53,14546,65,14,16,244,245,48,42,N\A
9,2009/06/10,16279,0,136,68,14702,0,16,79,243,245,63,165,N\A
9,2009/06/18,15720,81,136,77,14781,17,13,96,243,245,64,72,N\A
9,2009/06/26,16188,17,137,88,0,2,255,255,243,245,35,0,N\A
9,2009/07/04,0,2,255,255,0,2,255,255,0,0,0,0,N\A
9,2009/07/12,15490,17,135,62,14705,65,14,30,243,245,128,148,N\A
9,2009/07/20,15777,81,133,43,0,2,255,255,243,245,74,0,N\A
9,2009/07/28,15592,81,131,17,14756,17,22,106,243,245,20,36,N\A
9,2009/08/05,15994,81,136,77,14773,0,17,57,242,244,64,40,N\A
9,2009/08/13,15755,17,135,65,14771,0,13,16,243,245,57,20,N\A
9,2009/08/21,15861,0,135,56,14700,65,25,128,244,246,66,2,N\A
9,2009/08/29,15548,145,136,76,14709,17,19,88,243,245,44,32,N\A
9,2009/09/06,15951,0,135,58,14825,17,17,63,243,245,90,104,N\A
9,2009/09/14,15801,81,134,54,14806,65,19,76,243,245,249,133,N\A
9,2009/09/22,15794,17,136,78,14800,81,15,33,243,245,64,2,N\A
9,2009/09/30,15949,0,133,43,14782,0,16,92,243,245,221,53,N\A
9,2009/10/08,16170,0,135,59,14640,0,11,88,243,245,126,96,N\A
9,2009/10/16,16018,17,134,55,14758,0,13,85,243,245,222,181,N\A
9,2009/10/24,16171,17,135,59,14763,81,11,88,243,245,126,96,N\A
9,2009/11/01,16126,17,135,67,14700,0,14,65,243,245,191,181,N\A
9,2009/11/09,16133,17,136,69,14518,0,9,105,243,245,127,106,N\A
9,2009/11/17,15814,17,135,67,0,2,255,255,243,245,191,0,N\A
9,2009/11/25,15841,17,132,33,14032,65,5,109,243,245,106,40,N\A
9,2009/12/03,15855,17,134,51,14214,81,13,85,243,245,247,181,N\A
9,2009/12/11,15892,0,136,69,14217,0,9,105,243,245,127,106,N\A
9,2009/12/19,15854,17,135,59,14266,65,13,85,243,245,255,181,N\A
9,2009/12/27,15823,0,137,75,14140,0,11,72,243,245,15,10,N\A
9,2010/01/01,15834,0,134,57,14201,81,13,91,243,245,251,171,N\A
9,2010/01/09,15946,0,136,70,14460,81,17,98,243,245,159,85,N\A
9,2010/01/17,15706,0,135,64,14280,81,11,111,244,246,248,161,N\A
9,2010/01/25,16085,17,136,70,14401,81,16,102,243,245,255,84,N\A
9,2010/02/02,15852,17,130,10,14208,0,18,69,242,244,128,169,N\A
9,2010/02/10,16111,0,136,70,14351,65,17,61,244,246,255,17,N\A
9,2010/02/18,16233,17,135,68,14526,0,15,71,244,245,115,171,N\A
9,2010/02/26,16237,17,137,78,14317,0,15,85,243,245,252,209,N\A
9,2010/03/06,16382,17,135,65,14537,17,10,77,243,245,123,163,N\A
9,2010/03/14,16132,0,137,85,14733,0,15,92,243,245,133,21,N\A
9,2010/03/22,15848,17,135,63,14300,0,12,45,243,245,248,169,N\A
9,2010/03/30,16291,17,138,90,14530,65,17,115,243,245,189,208,N\A
9,2010/04/07,16256,0,132,33,14472,65,14,30,243,245,171,171,N\A
9,2010/04/15,16395,0,135,64,14623,17,14,98,243,245,117,213,N\A
9,2010/04/23,16448,0,135,65,14597,0,15,36,243,245,123,43,N\A
9,2010/05/01,16456,17,136,73,14603,0,19,78,243,245,241,213,N\A
9,2010/05/09,16380,0,134,57,14709,0,14,31,243,245,251,171,N\A
9,2010/05/17,16243,81,134,51,14694,65,13,101,243,245,215,212,N\A
9,2010/05/25,16160,0,134,50,14672,0,14,31,243,245,203,171,N\A
9,2010/06/02,16046,65,136,72,14744,0,17,60,243,245,101,21,N\A
9,2010/06/10,16042,0,136,79,14530,65,9,63,243,245,74,33,N\A
9,2010/06/18,16031,65,134,50,14620,65,21,94,244,246,20,20,N\A
9,2010/06/26,15969,81,134,50,14620,0,17,62,243,245,42,43,N\A
9,2010/07/04,15962,65,133,38,14514,65,22,117,243,245,84,64,N\A
9,2010/07/12,16038,81,134,51,0,2,255,255,243,245,34,0,N\A
9,2010/07/20,15359,65,135,62,0,2,255,255,246,248,4,0,N\A
9,2010/07/28,15966,17,135,63,14754,65,17,60,243,245,10,10,N\A
9,2010/08/05,15566,17,135,62,14543,17,13,14,243,245,4,64,N\A
9,2010/08/13,15491,0,134,50,14551,17,11,2,243,245,42,1,N\A
9,2010/08/21,15169,81,136,77,0,2,255,255,243,245,5,0,N\A
9,2010/08/29,15499,65,131,17,14644,81,11,2,243,245,160,1,N\A
9,2010/09/06,15888,17,134,54,14782,0,12,89,243,245,212,68,N\A
9,2010/09/14,15705,0,130,17,14708,17,14,81,242,244,160,42,N\A
9,2010/09/22,15825,17,135,61,14840,0,11,75,243,245,213,80,N\A
9,2010/09/30,15853,0,135,62,14861,0,12,59,244,246,121,168,N\A
9,2010/10/08,15816,81,135,66,14808,17,13,98,243,245,254,85,N\A
9,2010/10/16,15859,17,135,61,14790,0,12,45,243,245,202,169,N\A
9,2010/10/24,15684,0,136,79,14798,17,14,92,243,244,253,196,N\A
9,2010/11/01,15926,17,134,57,14699,0,11,71,243,245,251,171,N\A
9,2010/11/09,15987,0,135,70,14568,0,16,91,243,245,255,197,N\A
9,2010/11/17,15911,17,134,57,14541,0,12,88,244,245,251,170,N\A
9,2010/11/25,15937,17,135,70,14456,81,17,98,243,245,255,85,N\A
9,2010/12/03,15755,17,133,46,14361,0,12,88,243,245,235,170,N\A
9,2010/12/11,15718,17,135,70,14318,81,11,115,243,245,251,208,N\A
9,2010/12/19,15767,0,134,57,14317,17,10,78,242,244,251,163,N\A
9,2010/12/27,15885,0,133,48,14306,0,17,60,243,245,23,21,N\A
9,2011/01/01,15618,0,137,81,14258,17,15,97,243,245,215,22,N\A
9,2011/01/09,15640,17,133,48,14159,17,11,102,243,245,191,173,N\A
9,2011/01/17,15577,0,135,70,14134,17,14,68,243,245,223,94,N\A
9,2011/01/25,15868,0,134,58,14220,0,9,105,243,245,255,165,N\A
9,2011/02/02,15996,0,134,61,14401,65,14,74,243,245,95,30,N\A
9,2011/02/10,15896,0,134,51,14252,65,11,102,243,245,253,173,N\A
9,2011/02/18,15890,17,135,63,14478,17,19,88,244,246,203,70,N\A
9,2011/02/26,15940,17,135,64,14482,81,11,102,243,245,248,173,N\A
9,2011/03/06,16000,17,136,72,14340,65,13,60,244,246,71,90,N\A
9,2011/03/14,16246,17,134,59,14432,81,11,102,243,245,255,173,N\A
9,2011/03/22,16026,17,137,82,14459,65,13,67,244,246,81,78,N\A
9,2011/03/30,16178,17,133,46,14387,81,15,80,243,245,159,165,N\A
9,2011/04/07,16235,17,137,87,14527,17,18,74,243,245,85,30,N\A
9,2011/04/15,16306,17,134,56,14535,0,19,76,243,245,175,169,N\A
9,2011/04/23,16439,0,134,61,14573,17,14,68,243,245,95,94,N\A
9,2011/05/01,16432,0,134,58,14557,17,11,102,243,245,255,173,N\A
9,2011/05/09,16087,17,135,71,14741,17,16,55,243,245,220,92,N\A
9,2011/05/17,16107,17,135,73,14274,81,21,109,243,245,43,4,N\A
9,2011/05/25,15933,0,137,86,14850,65,16,45,244,246,192,64,N\A
9,2011/06/02,16296,17,134,64,14678,0,15,91,244,246,171,168,N\A
9,2011/06/10,16364,0,134,62,14635,65,15,38,243,245,80,24,N\A
9,2011/06/18,15995,17,134,65,14652,0,15,74,243,245,139,169,N\A
9,2011/06/26,16317,17,137,91,14790,0,19,84,244,246,196,86,N\A
9,2011/07/04,16145,65,135,66,14692,65,7,123,244,246,35,1,N\A
9,2011/07/12,0,2,255,255,14863,17,18,72,243,245,0,68,N\A
9,2011/07/20,0,2,255,255,14782,65,17,55,243,245,0,133,N\A
9,2011/07/28,0,2,255,255,0,2,255,255,0,0,0,0,N\A
9,2011/08/05,0,2,255,255,14480,0,17,63,244,246,0,37,N\A
9,2011/08/13,15757,81,134,63,0,2,255,255,243,245,80,0,N\A
9,2011/08/21,0,2,255,255,14745,17,21,109,243,245,0,4,N\A
9,2011/08/29,15678,17,133,48,14837,81,20,99,244,246,64,4,N\A
9,2011/09/06,15788,81,137,101,14759,0,18,73,243,245,10,13,N\A
9,2011/09/14,15910,65,134,65,14824,81,18,73,243,245,158,84,N\A
9,2011/09/22,16081,0,134,66,14735,0,15,34,244,246,239,36,N\A
9,2011/09/30,16003,0,135,70,14825,65,11,55,244,246,223,74,N\A
9,2011/10/08,16036,65,133,53,14852,0,17,62,243,245,247,141,N\A
9,2011/10/16,15752,17,137,94,14805,0,15,30,243,245,213,66,N\A
9,2011/10/24,15726,17,134,58,14628,0,12,64,243,245,255,37,N\A
9,2011/11/01,15963,17,135,70,14374,65,18,73,243,245,223,68,N\A
9,2011/11/09,15935,0,134,58,14359,0,16,82,243,245,255,173,N\A
9,2011/11/17,15811,17,135,70,14255,0,16,47,243,245,223,94,N\A
9,2011/11/25,15693,0,134,58,14141,0,11,102,244,245,255,173,N\A
9,2011/12/03,15685,17,135,70,14251,0,14,68,243,245,223,94,N\A
9,2011/12/11,15734,17,135,66,14208,65,13,55,243,245,239,165,N\A
9,2011/12/19,15823,0,134,62,14289,81,14,67,243,245,222,94,N\A
9,2011/12/27,15870,17,132,47,14323,0,10,107,243,245,31,13,N\A
9,2012/01/01,15616,17,134,60,14099,0,13,105,243,245,253,180,N\A
9,2012/01/09,15408,0,134,58,14138,81,19,88,243,245,254,64,N\A
9,2012/01/17,15739,17,135,68,14112,17,15,63,242,244,231,245,N\A
9,2012/01/25,15839,17,134,58,14224,81,12,91,242,244,254,106,N\A
9,2012/02/02,15844,0,135,68,14424,65,14,96,244,246,255,181,N\A
9,2012/02/10,15765,17,134,59,14486,65,15,41,243,245,254,106,N\A
9,2012/02/18,15898,17,134,55,14397,0,15,87,243,245,124,116,N\A
9,2012/02/26,15805,0,133,53,14217,17,9,93,243,245,190,42,N\A
9,2012/03/05,15970,17,135,68,14344,81,13,56,243,245,255,213,N\A
9,2012/03/13,15839,17,133,50,14558,0,9,92,243,245,96,42,N\A
9,2012/03/21,15812,17,135,64,14198,81,13,77,243,245,151,100,N\A
9,2012/03/29,16074,0,134,60,14299,0,10,66,243,245,204,40,N\A
9,2012/04/06,16373,17,135,68,14443,17,16,81,243,245,255,245,N\A
9,2012/04/14,16318,0,135,68,14556,0,9,93,244,246,126,42,N\A
9,2012/04/22,16364,17,136,76,14463,17,12,89,243,245,185,17,N\A
9,2012/04/30,16308,17,134,55,14630,17,16,47,243,245,218,98,N\A
9,2012/05/08,16173,17,135,62,14667,0,12,76,243,245,157,213,N\A
9,2012/05/16,15951,17,136,72,14620,0,10,66,243,245,78,40,N\A
9,2012/05/24,15708,17,135,65,14680,0,11,77,243,245,176,85,N\A
9,2012/06/01,15548,17,137,83,14539,81,17,59,243,245,82,42,N\A
9,2012/06/09,16009,81,134,61,14745,0,11,75,243,245,121,20,N\A
9,2012/06/17,15842,17,133,48,14702,65,19,81,243,245,2,98,N\A
9,2012/06/25,0,2,255,255,14673,81,15,33,243,245,0,4,N\A
9,2012/07/03,15598,0,132,37,0,2,255,255,244,246,10,0,N\A
9,2012/07/11,15511,81,135,67,14649,0,18,67,243,245,37,36,N\A
9,2012/07/19,0,2,255,255,14546,0,17,59,243,245,0,42,N\A
9,2012/07/27,15660,0,137,83,0,2,255,255,243,245,33,0,N\A
9,2012/08/04,15414,0,132,37,0,2,255,255,243,245,10,0,N\A
9,2012/08/12,0,2,255,255,14708,0,20,96,244,246,0,144,N\A
9,2012/08/20,15349,81,133,57,14641,17,14,116,243,245,216,40,N\A
9,2012/08/28,15432,17,135,69,14674,65,17,58,243,245,165,49,N\A
9,2012/09/05,15504,81,135,72,14795,0,21,109,243,245,124,32,N\A
9,2012/09/13,15746,81,133,56,14723,0,21,108,243,245,229,48,N\A
9,2012/09/21,15891,0,136,77,14732,0,10,66,243,245,30,40,N\A
9,2012/09/29,15859,81,134,59,14811,0,15,45,243,245,253,100,N\A
9,2012/10/07,15887,17,135,67,14678,0,20,99,243,245,222,96,N\A
9,2012/10/15,15826,81,135,69,14773,17,13,101,243,245,254,53,N\A
9,2012/10/23,15882,17,134,57,14532,65,14,67,243,245,122,106,N\A
9,2012/10/31,15964,17,133,52,14440,65,8,128,243,245,221,4,N\A
9,2012/11/08,15894,17,135,76,14567,81,19,81,242,244,118,98,N\A
9,2012/11/16,15974,0,135,68,14364,0,13,80,243,245,255,245,N\A
9,2012/11/24,15780,0,134,58,14305,17,14,66,243,245,254,106,N\A
9,2012/12/02,15929,0,135,69,14416,17,13,81,243,245,231,245,N\A
9,2012/12/10,15732,0,134,59,14270,0,12,100,243,245,254,96,N\A
9,2012/12/18,15561,17,134,60,14108,0,13,64,243,245,253,209,N\A
9,2012/12/26,15724,17,135,64,14165,0,9,93,243,245,62,42,N\A
9,2013/01/01,15675,17,135,70,14269,0,14,99,243,245,255,213,N\A
9,2013/01/09,15590,17,134,58,14176,0,11,71,243,245,251,171,N\A
9,2013/01/17,15932,17,135,70,14444,65,13,94,243,245,255,20,N\A
9,2013/01/25,16027,17,132,39,14370,81,14,32,243,245,43,139,N\A
9,2013/02/02,15845,0,135,69,14493,0,14,81,244,246,255,208,N\A
9,2013/02/10,15940,0,134,62,14472,17,15,42,243,245,219,138,N\A
9,2013/02/18,16010,17,136,79,14426,17,13,101,243,245,253,212,N\A
9,2013/02/26,16044,0,134,57,14594,17,11,71,243,245,251,171,N\A
9,2013/03/06,16161,0,136,74,14419,81,17,60,243,245,239,21,N\A
9,2013/03/14,16368,17,133,45,14507,0,12,88,243,245,227,170,N\A
9,2013/03/22,16353,0,137,79,14422,65,19,80,244,245,253,213,N\A
9,2013/03/30,16369,0,134,49,14484,0,11,71,243,245,187,171,N\A
9,2013/04/07,16382,17,137,83,14323,17,15,92,243,245,181,21,N\A
9,2013/04/15,16039,0,133,46,14571,0,15,35,243,245,235,40,N\A
9,2013/04/23,16157,0,136,70,14638,17,13,102,243,245,255,212,N\A
9,2013/05/01,16409,0,135,65,14690,0,16,46,243,245,123,169,N\A
9,2013/05/09,16093,17,135,68,14668,17,14,92,244,246,197,196,N\A
9,2013/05/17,16298,17,134,54,14639,17,15,71,243,245,99,171,N\A
9,2013/05/25,15961,0,135,68,14678,17,14,99,243,245,240,213,N\A
9,2013/06/02,15901,0,135,62,14297,0,12,85,243,245,202,40,N\A
9,2013/06/10,16172,17,134,61,14699,0,13,108,243,245,247,209,N\A
9,2013/06/18,16344,81,133,43,14748,81,11,2,243,245,11,1,N\A
9,2013/06/26,16183,17,135,61,14827,0,16,51,243,245,213,65,N\A
9,2013/07/04,16173,81,137,83,14705,0,16,88,244,246,26,170,N\A
9,2013/07/12,15752,65,138,97,14677,65,20,100,244,246,129,128,N\A
9,2013/07/20,15993,65,133,48,0,2,255,255,243,245,8,0,N\A
9,2013/07/28,15791,81,135,63,14827,0,18,74,243,245,4,5,N\A
9,2013/08/05,15388,65,134,48,14865,17,16,46,242,244,8,8,N\A
9,2013/08/13,15811,0,132,26,14716,65,22,117,243,245,80,64,N\A
9,2013/08/21,15763,81,135,63,14754,81,12,8,242,244,10,128,N\A
9,2013/08/29,15618,65,138,94,14750,17,22,117,243,245,164,64,N\A
9,2013/09/06,15658,17,134,56,14798,17,14,23,243,245,226,32,N\A
9,2013/09/14,15893,17,136,76,14840,17,16,45,243,245,145,81,N\A
9,2013/09/22,15890,17,133,45,14641,0,21,109,243,245,227,128,N\A
9,2013/09/30,15989,0,135,70,14634,0,16,94,243,245,255,149,N\A
9,2013/10/08,16063,17,133,50,14770,0,17,59,244,246,203,168,N\A
9,2013/10/16,16154,0,136,79,14687,0,15,79,243,245,253,213,N\A
9,2013/10/24,16030,0,134,57,14661,0,15,40,243,245,251,11,N\A
9,2013/11/01,15960,0,136,75,14538,65,14,75,243,245,239,85,N\A
9,2013/11/09,16014,0,134,58,14406,81,20,86,244,246,251,40,N\A
9,2013/11/17,15961,17,136,70,14264,0,13,68,243,245,255,84,N\A
9,2013/11/25,16058,17,134,58,14559,65,13,64,243,245,251,170,N\A
9,2013/12/03,15956,17,136,70,14483,17,15,93,243,245,255,21,N\A
9,2013/12/11,15482,0,134,58,14097,0,10,71,243,245,251,169,N\A
9,2013/12/19,15766,0,135,70,14301,65,14,75,243,245,255,85,N\A
9,2013/12/27,15823,17,135,64,14217,0,17,61,244,246,27,10,N\A
9,2014/01/01,15682,17,134,58,14040,0,9,105,243,245,255,165,N\A
9,2014/01/09,15670,0,135,62,14116,0,14,68,243,245,222,94,N\A
9,2014/01/17,15895,17,134,58,14343,0,11,81,243,245,255,165,N\A
9,2014/01/25,15905,17,134,61,14457,65,14,87,243,245,95,70,N\A
9,2014/02/02,15889,17,134,58,14247,0,17,100,243,245,255,169,N\A
9,2014/02/10,15719,17,134,54,14120,17,14,68,243,245,218,94,N\A
9,2014/02/18,15924,0,133,48,14271,65,14,61,243,245,191,173,N\A
9,2014/02/26,16064,0,136,76,14371,81,21,109,243,245,29,6,N\A
9,2014/03/06,16172,17,135,70,14710,0,14,22,243,245,14,1,N\A
9,2014/03/14,16160,0,136,74,14454,0,13,79,243,245,159,82,N\A
9,2014/03/22,16315,0,135,66,14358,65,19,83,243,245,239,173,N\A
9,2014/03/30,16256,17,136,77,14593,0,16,45,243,245,211,82,N\A
9,2014/04/07,16251,17,133,48,14611,0,12,120,244,245,7,133,N\A
9,2014/04/15,16367,17,135,65,14689,0,14,30,244,246,22,26,N\A
9,2014/04/23,15888,65,131,18,14847,17,13,62,243,245,144,141,N\A
9,2014/05/01,16261,0,133,50,14731,17,12,73,243,245,30,14,N\A
9,2014/05/09,16285,0,137,80,14545,81,13,70,243,245,232,161,N\A
9,2014/05/17,16435,0,135,64,14605,0,6,117,244,246,31,2,N\A
9,2014/05/25,15965,0,136,77,14812,0,15,43,244,246,40,140,N\A
9,2014/06/02,15839,0,135,61,14821,17,16,55,243,245,86,74,N\A
9,2014/06/10,16065,17,136,72,14777,17,14,63,242,244,250,173,N\A
9,2014/06/18,15824,65,137,84,14870,17,20,97,243,245,65,22,N\A
9,2014/06/26,15533,81,135,63,14669,65,21,99,243,245,32,164,N\A
9,2014/07/04,15917,81,130,16,14363,81,18,75,244,246,2,16,N\A
9,2014/07/12,15659,0,135,63,0,2,255,255,242,244,32,0,N\A
9,2014/07/20,15610,0,133,48,0,2,255,255,244,246,64,0,N\A
9,2014/07/28,15724,81,135,63,14805,0,15,33,244,246,32,128,N\A
9,2014/08/05,15943,65,134,49,0,2,255,255,245,247,64,0,N\A
9,2014/08/13,15814,0,136,77,0,2,255,255,243,245,40,0,N\A
9,2014/08/21,0,2,255,255,0,2,255,255,0,0,0,0,N\A
9,2014/08/29,15390,81,133,36,14640,0,15,119,242,244,128,132,N\A