site-id,lat,lon,tile-h,tile-v,pixel-col,pixel_row
1,20.477082,106.07578,27,6,4499,4571
2,20.527173,106.479465,27,6,4664,4546
3,20.285576,105.824057,27,6,4445,4662
4,21.164632,105.980063,27,6,4239,4240
id,Date,250m 16 days NDVI,250m 16 days EVI,250m 16 days VI Quality,250m 16 days red reflectance,250m 16 days NIR reflectance,250m 16 days blue reflectance,250m 16 days MIR reflectance,250m 16 days view zenith angle,250m 16 days sun zenith angle,250m 16 days relative azimuth angle,250m 16 days composite day of the year,250m 16 days pixel reliability,actual_date
1,2001/01/01,2199,1021,2062,890,1392,2857,2641,792,4598,2389,7,3,N\A
1,2001/01/17,2682,1266,2257,937,1624,491,1349,3255,4310,2382,21,1,N\A
1,2001/02/02,731,305,34838,1204,1394,408,336,571,3833,500,48,3,N\A
1,2001/02/18,2830,1260,2257,856,1532,435,300,625,3317,414,64,1,N\A
1,2001/03/06,2362,1257,34841,1225,1983,569,718,4216,3256,331,75,1,N\A
1,2001/03/22,3474,2787,34841,1137,2348,1108,781,4982,3085,275,84,1,N\A
1,2001/04/07,8265,5636,2257,334,3517,187,715,2165,1637,2017,110,1,N\A
1,2001/04/23,7740,5419,2185,466,3659,230,800,607,1630,-21,128,1,N\A
1,2001/05/09,6918,4472,2116,576,3163,288,768,561,1589,-128,144,0,N\A
1,2001/05/25,4326,3512,34838,1280,3232,936,1385,581,1662,-240,160,3,N\A
1,2001/06/10,3612,1842,2185,891,1899,476,545,3312,1276,1553,165,1,N\A
1,2001/06/26,253,113,2116,1309,1377,569,158,607,1824,-148,192,0,N\A
1,2001/07/12,1415,658,2258,1122,1492,556,496,856,1699,1660,199,3,N\A
1,2001/07/28,7572,4504,2061,399,2889,195,702,2256,1644,1846,222,1,N\A
1,2001/08/13,8342,6695,2261,425,4702,171,1098,6105,2818,48,230,1,N\A
1,2001/08/29,2156,4411,2066,2863,4437,3026,2439,5607,2923,228,253,3,N\A
1,2001/09/14,7943,5219,2257,379,3306,208,577,599,2791,409,272,1,N\A
1,2001/09/30,6829,4808,2120,665,3530,350,881,4124,3355,447,283,0,N\A
1,2001/10/16,6029,3686,2261,696,2810,353,660,5070,3097,2446,291,1,N\A
1,2001/11/01,2604,1042,2116,761,1297,401,384,654,4199,553,320,0,N\A
1,2001/11/17,2334,995,2185,844,1358,469,481,3175,4362,561,322,1,N\A
1,2001/12/03,940,776,2062,2235,2699,3397,2396,3119,4687,562,338,3,N\A
1,2001/12/19,3273,1579,2257,896,1768,446,600,3274,4614,2417,357,1,N\A
2,2001/01/01,617,6971,2066,3617,4093,4545,4251,6026,5062,510,6,3,N\A
2,2001/01/17,2005,756,2185,801,1203,364,713,3519,4302,2391,21,1,N\A
2,2001/02/02,1438,593,35874,1030,1376,398,269,209,3817,497,48,3,N\A
2,2001/02/18,2274,1245,3294,1250,1986,628,1037,274,3298,367,64,3,N\A
2,2001/03/06,3378,2555,3098,976,1972,1078,604,3983,3230,333,75,3,N\A
2,2001/03/22,8148,5511,2261,348,3411,214,901,4791,3056,279,84,1,N\A
2,2001/04/07,8652,6152,2257,266,3683,186,715,2477,1608,2031,110,1,N\A
2,2001/04/23,8738,7570,2189,340,5049,205,1032,6486,2603,-18,127,1,N\A
2,2001/05/09,8475,5564,2257,277,3358,157,470,3575,1137,1789,133,1,N\A
2,2001/05/25,7359,4305,36002,404,2656,267,472,5810,750,1530,154,3,N\A
2,2001/06/10,3730,1690,2185,747,1636,396,492,3566,1239,1548,165,1,N\A
2,2001/06/26,1470,763,2066,1099,1478,754,333,5778,932,1525,186,3,N\A
2,2001/07/12,2471,1489,34842,1089,1804,845,491,5426,2537,-91,205,3,N\A
2,2001/07/28,5924,3003,2257,531,2075,321,449,1522,2002,-35,217,1,N\A
2,2001/08/13,9163,8071,2185,156,3574,523,1026,3651,1542,1955,229,1,N\A
2,2001/08/29,9100,7668,2257,232,4924,136,741,3902,2612,249,251,1,N\A
2,2001/09/14,8063,4887,2257,316,2948,184,460,2468,2557,2301,270,1,N\A
2,2001/09/30,6397,4317,2116,720,3277,372,713,3893,3337,451,283,0,N\A
2,2001/10/16,3290,1343,3102,621,1230,483,533,4475,3432,2449,300,3,N\A
2,2001/11/01,2710,1292,2116,979,1707,467,583,292,4190,647,320,0,N\A
2,2001/11/17,3101,1596,2185,1013,1924,498,730,2892,4351,570,322,1,N\A
2,2001/12/03,1838,1197,2062,1094,1587,1048,1115,1191,4587,2401,343,3,N\A
2,2001/12/19,3532,1405,2185,651,1362,349,594,3538,4608,2417,357,1,N\A
3,2001/01/01,3131,1122,35033,658,1258,245,891,604,4589,2429,7,1,N\A
3,2001/01/17,2908,1211,2185,774,1409,393,801,3116,4301,2388,21,1,N\A
3,2001/02/02,1961,814,2185,873,1299,461,542,752,3829,449,48,1,N\A
3,2001/02/18,4067,2047,2257,819,1942,419,659,824,3317,437,64,1,N\A
3,2001/03/06,6008,3125,3102,563,2258,277,552,4337,3261,325,75,3,N\A
3,2001/03/22,7731,5071,2261,414,3236,241,802,4918,2205,2261,83,1,N\A
3,2001/04/07,8414,5456,2257,279,3241,179,679,1997,1646,2013,110,1,N\A
3,2001/04/23,8131,4982,2116,322,3124,133,588,1991,1383,1853,126,0,N\A
3,2001/05/09,7993,5227,2257,367,3291,201,605,3181,1192,1775,133,1,N\A
3,2001/05/25,5472,3298,34842,741,2532,454,501,5603,813,1525,154,3,N\A
3,2001/06/10,3938,1787,2185,745,1713,353,454,3171,1302,1541,165,1,N\A
3,2001/06/26,2338,1143,2116,1130,1820,469,379,788,1848,-197,192,0,N\A
3,2001/07/12,3770,1608,3158,727,1607,306,325,6113,864,1552,193,3,N\A
3,2001/07/28,5261,2632,2185,647,2084,309,518,2040,2059,-23,217,1,N\A
3,2001/08/13,8132,4636,2257,297,2883,96,568,747,1872,1928,231,1,N\A
3,2001/08/29,1962,5989,2066,2120,3155,2874,1880,5693,2935,221,253,3,N\A
3,2001/09/14,7854,4335,2257,307,2555,191,711,639,2458,2223,263,1,N\A
3,2001/09/30,5521,3321,2120,823,2852,336,779,4249,3354,442,283,0,N\A
3,2001/10/16,5445,2666,2261,593,2011,303,541,6136,2954,2483,289,1,N\A
3,2001/11/01,3481,1556,2185,822,1700,337,450,841,4189,590,320,1,N\A
3,2001/11/17,3202,1421,2185,830,1612,378,608,658,4300,2444,327,1,N\A
3,2001/12/03,3473,1722,35878,900,1858,447,1014,6124,4281,2492,337,3,N\A
3,2001/12/19,3367,1432,2185,785,1582,318,637,3134,4604,2408,357,1,N\A
4,2001/01/01,2411,1306,2062,903,1477,788,1368,2196,4768,550,9,3,N\A
4,2001/01/17,1025,1538,2066,2643,3247,2572,2071,5095,4860,499,20,3,N\A
4,2001/02/02,1772,935,3294,1297,1856,627,667,796,3898,470,48,3,N\A
4,2001/02/18,3886,1985,2257,855,1942,451,677,852,3379,397,64,1,N\A
4,2001/03/06,1916,1639,2066,2102,3099,5034,3286,4347,3311,339,75,3,N\A
4,2001/03/22,8478,5558,2261,270,3279,182,796,6505,1892,2359,88,1,N\A
4,2001/04/07,8535,6340,2257,332,4201,125,728,1945,1685,2042,110,1,N\A
4,2001/04/23,8143,6545,2257,435,4250,305,1246,2150,1870,79,121,1,N\A
4,2001/05/09,8403,5962,2261,312,3597,226,710,4897,940,1878,131,1,N\A
4,2001/05/25,2964,4407,2066,1966,3623,2136,1372,4263,2060,-146,155,3,N\A
4,2001/06/10,2156,981,2185,984,1525,486,501,3120,1273,1580,165,1,N\A
4,2001/06/26,576,331,2066,1381,1550,945,571,5529,965,1567,186,3,N\A
4,2001/07/12,601,559,34842,2711,3058,1842,1149,5661,2584,-80,205,3,N\A
4,2001/07/28,1943,980,2120,1258,1865,524,738,4210,2354,2,219,0,N\A
4,2001/08/13,7299,5198,2257,555,3556,327,1050,2058,2183,126,233,1,N\A
4,2001/08/29,8614,7021,35037,351,4715,171,1049,5693,2969,238,253,1,N\A
4,2001/09/14,8043,5575,2257,377,3477,245,806,1942,2636,2295,270,1,N\A
4,2001/09/30,7003,5818,2120,786,4460,452,1090,4259,3418,454,283,0,N\A
4,2001/10/16,6309,4620,35038,841,3717,427,1421,6187,3982,455,294,3,N\A
4,2001/11/01,4367,2798,2116,1069,2727,577,1121,878,4267,607,320,0,N\A
4,2001/11/17,3867,2540,2185,1283,2901,624,1424,3344,4430,572,322,1,N\A
4,2001/12/03,662,3036,2062,4371,4991,4815,4223,603,4664,2401,343,3,N\A
4,2001/12/19,2850,1524,2257,1136,2042,534,1262,3086,4684,2416,357,1,N\A