site-id,lat,lon,tile-h,tile-v,pixel-col,pixel_row
1,20.477082,106.07578,27,6,4499,4571
2,20.527173,106.479465,27,6,4664,4546
3,20.285576,105.824057,27,6,4445,4662
4,21.164632,105.980063,27,6,4239,4240
id,Date,250m 16 days NDVI,250m 16 days EVI,250m 16 days VI Quality,250m 16 days red reflectance,250m 16 days NIR reflectance,250m 16 days blue reflectance,250m 16 days MIR reflectance,250m 16 days view zenith angle,250m 16 days sun zenith angle,250m 16 days relative azimuth angle,250m 16 days composite day of the year,250m 16 days pixel reliability,actual_date
1,2003/01/01,3736,1836,2185,838,1838,434,486,748,4657,2358,13,1,N\A
1,2003/01/17,2951,1521,2257,967,1777,569,458,2119,4497,2350,20,1,N\A
1,2003/02/02,1482,571,34837,974,1313,309,262,1985,4112,428,47,1,N\A
1,2003/02/18,5490,2829,2185,627,2154,323,621,2049,3627,385,63,1,N\A
1,2003/03/06,1969,3469,2066,2647,3945,2730,898,4993,3601,294,74,3,N\A
1,2003/03/22,8365,5786,2257,324,3641,167,642,802,2425,2071,93,1,N\A
1,2003/04/07,7495,5715,2257,556,3884,355,689,634,2294,197,102,1,N\A
1,2003/04/23,7441,4648,2185,442,3013,245,671,738,1743,1834,125,1,N\A
1,2003/05/09,7150,6188,34841,557,3353,720,807,4226,1274,1809,130,1,N\A
1,2003/05/25,3232,1553,34893,870,1701,473,953,838,1705,1594,157,1,N\A
1,2003/06/10,5429,2388,35038,463,1563,377,767,5039,1216,1524,169,3,N\A
1,2003/06/26,1022,467,2116,1199,1472,543,316,626,1978,-237,182,0,N\A
1,2003/07/12,2164,1207,2185,1151,1787,737,830,2073,1750,1647,196,1,N\A
1,2003/07/28,7375,5726,34841,546,3614,466,951,4239,2506,-85,209,1,N\A
1,2003/08/13,8561,6876,2185,347,4477,206,836,2077,2378,140,239,1,N\A
1,2003/08/29,8465,7849,35878,433,5209,346,919,5661,2955,130,243,3,N\A
1,2003/09/14,7851,6119,2261,508,4221,280,987,6175,3417,294,268,1,N\A
1,2003/09/30,8482,4932,2257,234,2851,132,697,671,3028,427,278,1,N\A
1,2003/10/16,4736,2502,2257,755,2114,409,1370,662,3493,499,294,1,N\A
1,2003/11/01,4002,2162,2185,923,2155,460,1564,848,4088,2426,317,1,N\A
1,2003/11/17,4761,2409,2116,707,1992,387,1484,2219,4211,2410,324,0,N\A
1,2003/12/03,4338,2367,2185,860,2178,456,1583,3415,4561,2425,347,1,N\A
1,2003/12/19,3765,1654,3298,799,1764,264,1301,5711,4485,2427,3,3,N\A
2,2003/01/01,3131,1246,2257,692,1323,376,240,1100,4645,2366,13,1,N\A
2,2003/01/17,1973,759,36070,797,1189,410,262,2431,4486,2339,20,3,N\A
2,2003/02/02,2632,1956,36074,1223,2097,1102,676,6486,4916,397,37,3,N\A
2,2003/02/18,6472,3100,2185,439,2050,226,631,1721,3605,384,63,1,N\A
2,2003/03/06,3248,3880,2062,2182,4282,1846,1667,2933,3414,333,72,3,N\A
2,2003/03/22,8683,6250,2257,256,3634,221,729,1154,2399,2092,93,1,N\A
2,2003/04/07,9598,7309,2257,90,4398,27,605,273,2264,160,102,1,N\A
2,2003/04/23,7489,5293,2185,440,3065,441,935,1091,1707,1845,125,1,N\A
2,2003/05/09,7689,6709,2257,673,5153,333,981,3960,2240,-28,129,1,N\A
2,2003/05/25,5203,2639,35874,691,2190,285,452,228,1779,-98,150,3,N\A
2,2003/06/10,3197,1381,36074,737,1430,442,514,6288,896,1477,167,3,N\A
2,2003/06/26,1100,420,2116,910,1135,429,179,269,1941,-324,182,0,N\A
2,2003/07/12,5235,3621,2062,809,2587,689,686,1766,2177,-102,207,3,N\A
2,2003/07/28,8759,5098,34837,199,3010,56,611,365,2052,-111,214,1,N\A
2,2003/08/13,7213,5717,3098,576,3558,530,665,1748,2346,142,239,3,N\A
2,2003/08/29,7898,9858,34842,743,6328,883,1109,5512,2922,134,243,3,N\A
2,2003/09/14,6710,3991,2185,551,2799,270,689,1073,2679,2241,269,1,N\A
2,2003/09/30,4633,3669,3102,1075,2931,898,1328,6264,2618,2435,279,3,N\A
2,2003/10/16,3451,2043,2185,1141,2344,596,920,3960,3568,460,289,1,N\A
2,2003/11/01,2593,1256,2257,1038,1765,470,1252,1191,4080,2391,317,1,N\A
2,2003/11/17,2373,1217,2185,1123,1822,561,1587,1281,4442,2406,333,1,N\A
2,2003/12/03,2287,1127,2185,1089,1735,526,1541,1308,4669,2399,349,1,N\A
2,2003/12/19,1123,938,34837,1509,1891,1436,1274,1299,4729,2372,365,1,N\A
3,2003/01/01,2931,1213,2185,779,1425,372,547,558,4650,2314,13,1,N\A
3,2003/01/17,3293,1007,34961,499,989,243,396,1945,4491,2337,20,1,N\A
3,2003/02/02,3739,1911,2185,899,1973,443,680,3312,4386,435,40,1,N\A
3,2003/02/18,5727,2984,2185,598,2201,315,791,2223,3629,366,63,1,N\A
3,2003/03/06,5740,4549,34837,738,2727,830,796,3125,2828,2200,75,1,N\A
3,2003/03/22,8400,5407,2185,285,3279,153,707,3153,2273,2122,91,1,N\A
3,2003/04/07,8102,5323,2257,351,3348,184,651,576,2014,1977,109,1,N\A
3,2003/04/23,7165,4422,2185,491,2974,251,662,552,1761,1877,125,1,N\A
3,2003/05/09,6170,4696,3154,934,3944,470,1065,3325,2119,-84,136,3,N\A
3,2003/05/25,3759,2038,2116,995,2194,461,602,2114,2021,-205,159,0,N\A
3,2003/06/10,5113,2217,35934,559,1729,252,396,5582,1144,1504,176,3,N\A
3,2003/06/26,4147,2142,2116,870,2103,391,470,814,2004,-207,182,0,N\A
3,2003/07/12,2412,1432,2185,1296,2120,736,877,1899,1775,1632,196,1,N\A
3,2003/07/28,5288,2651,2116,636,2064,322,543,914,2110,-47,214,0,N\A
3,2003/08/13,6796,5094,3098,635,3330,522,697,2251,2392,123,239,3,N\A
3,2003/08/29,7776,7284,2066,599,4788,534,1019,5749,2972,125,243,3,N\A
3,2003/09/14,7484,5030,2185,505,3510,214,858,3391,2889,310,264,1,N\A
3,2003/09/30,7271,4254,35037,442,2798,214,675,4100,2602,2319,274,1,N\A
3,2003/10/16,5679,2820,2257,585,2123,267,1411,851,3486,531,294,1,N\A
3,2003/11/01,6422,3716,2261,622,2855,209,1579,4327,4021,508,305,1,N\A
3,2003/11/17,4100,2261,2116,982,2347,420,1760,2055,4201,2420,324,0,N\A
3,2003/12/03,3488,1781,2257,950,1968,451,1296,784,4668,2417,349,1,N\A
3,2003/12/19,2355,1253,2262,1126,1820,632,1136,5019,4534,2424,361,3,N\A
4,2003/01/01,950,406,2257,1042,1261,541,395,514,4725,2398,13,1,N\A
4,2003/01/17,2758,1276,2257,907,1598,467,650,1899,4565,2336,20,1,N\A
4,2003/02/02,855,1527,2066,2838,3369,2894,2142,5694,4841,425,35,3,N\A
4,2003/02/18,4974,2920,2185,851,2536,429,653,2250,3686,381,63,1,N\A
4,2003/03/06,4151,4429,3098,898,2173,1382,1116,3069,2891,2209,75,3,N\A
4,2003/03/22,8493,5889,2257,296,3633,166,661,567,2477,2107,93,1,N\A
4,2003/04/07,8180,5744,2261,366,3657,204,876,6067,1540,2191,103,1,N\A
4,2003/04/23,7720,5228,2185,423,3289,283,834,505,1770,1890,125,1,N\A
4,2003/05/09,6471,9389,2066,1154,5387,1472,1298,5705,2565,-30,131,3,N\A
4,2003/05/25,5623,3189,2262,684,2442,369,756,6079,834,1614,151,3,N\A
4,2003/06/10,3441,1795,2257,954,1955,499,862,3306,2184,-182,168,1,N\A
4,2003/06/26,1875,1156,2116,1391,2033,867,338,850,1978,-171,182,0,N\A
4,2003/07/12,2850,5133,2066,1678,3016,2209,1320,5131,2637,-102,202,3,N\A
4,2003/07/28,7462,5330,2185,523,3599,308,804,3419,2401,-28,216,1,N\A
4,2003/08/13,6651,8177,2066,879,4371,1196,968,4837,1582,2008,233,3,N\A
4,2003/08/29,7078,6425,2066,833,4869,1713,1420,5136,2941,200,250,3,N\A
4,2003/09/14,7833,5250,2185,417,3433,210,716,3041,2537,2263,267,1,N\A
4,2003/09/30,4700,2611,2189,797,2211,461,841,5517,3046,2431,288,1,N\A
4,2003/10/16,4448,2896,2120,1123,2923,550,1205,4318,3649,456,289,0,N\A
4,2003/11/01,3099,1833,2185,1248,2369,610,1943,603,4157,2381,317,1,N\A
4,2003/11/17,2198,1286,2185,1382,2161,708,2166,702,4519,2412,333,1,N\A
4,2003/12/03,1962,1106,2257,1407,2094,668,1817,729,4746,2409,349,1,N\A
4,2003/12/19,4411,2651,35038,975,2514,514,2731,6164,5302,496,364,3,N\A