site-id,lat,lon,tile-h,tile-v,pixel-col,pixel_row
1,14.889385,104.76996,28,7,601,2453
2,16.310529,99.870842,27,7,2808,1770
3,13.221547,99.8441,27,7,3454,3253
4,15.26056,100.154376,27,7,3178,2274
5,16.860409,99.783051,27,7,2637,1507
id,Date,250m 16 days NDVI,250m 16 days EVI,250m 16 days VI Quality,250m 16 days red reflectance,250m 16 days NIR reflectance,250m 16 days blue reflectance,250m 16 days MIR reflectance,250m 16 days view zenith angle,250m 16 days sun zenith angle,250m 16 days relative azimuth angle,250m 16 days composite day of the year,250m 16 days pixel reliability,actual_date
1,2002/01/01,3816,2280,2116,1092,2440,562,2050,739,4213,2298,10,0,N\A
1,2002/01/17,3810,2337,2116,1160,2588,570,2329,681,4197,437,19,0,N\A
1,2002/02/02,3651,2510,2116,1445,3107,697,2815,2150,3814,381,44,0,N\A
1,2002/02/18,3491,2332,2116,1399,2900,694,2694,688,3524,399,51,0,N\A
1,2002/03/06,3637,2428,2185,1338,2868,686,2730,750,2732,2125,74,1,N\A
1,2002/03/22,3362,2790,34842,1380,2778,1138,2523,4314,1750,1992,95,3,N\A
1,2002/04/07,4205,3212,2262,1467,3596,777,3234,4287,2464,-20,110,3,N\A
1,2002/04/23,4864,3397,2066,955,2764,691,1803,5733,1043,1605,125,3,N\A
1,2002/05/09,4791,2887,34842,1017,2888,372,1677,4363,1422,1445,143,3,N\A
1,2002/05/25,5256,3149,34842,873,2808,358,1375,5142,1358,1376,150,3,N\A
1,2002/06/10,4860,3444,2190,1199,3467,560,1848,5083,2681,-294,167,3,N\A
1,2002/06/26,2846,2206,2062,1371,2462,1110,767,3258,2467,-311,181,3,N\A
1,2002/07/12,3673,2169,3158,1110,2399,561,602,4248,2609,-220,206,3,N\A
1,2002/07/28,5088,3717,34842,823,2528,800,846,4343,1537,1661,223,3,N\A
1,2002/08/13,5399,4294,2061,916,3066,806,877,2031,2255,-26,236,1,N\A
1,2002/08/29,3113,3905,2062,1764,3359,1831,794,3350,1751,1955,248,3,N\A
1,2002/09/14,5249,4269,2066,825,2648,923,1056,4268,2817,264,270,3,N\A
1,2002/09/30,7062,3888,2116,435,2527,225,632,721,2648,2214,282,0,N\A
1,2002/10/16,7164,4348,2185,499,3021,202,832,696,2975,473,291,1,N\A
1,2002/11/01,5780,3451,2120,728,2723,352,861,5101,3208,2431,310,1,N\A
1,2002/11/17,4848,2600,2116,758,2185,402,1236,2109,3652,2379,321,0,N\A
1,2002/12/03,4449,2591,2116,932,2426,481,1795,616,4134,530,339,0,N\A
1,2002/12/19,4592,2810,2116,963,2599,510,1859,802,4272,2355,362,0,N\A
2,2002/01/01,5331,3159,2185,756,2483,447,1727,1240,4439,498,8,1,N\A
2,2002/01/17,4885,2939,2185,860,2503,492,1698,2563,4441,478,17,1,N\A
2,2002/02/02,3138,1661,2185,1068,2045,500,2092,189,3666,2163,47,1,N\A
2,2002/02/18,3836,2159,2257,1066,2393,457,1917,1657,3365,2208,54,1,N\A
2,2002/03/06,3387,1951,2257,1139,2306,559,2132,1621,2861,2141,70,1,N\A
2,2002/03/22,3513,2261,2257,1317,2744,649,2501,206,2239,1992,95,1,N\A
2,2002/04/07,3894,3024,2257,1579,3593,856,3204,2572,2464,119,97,1,N\A
2,2002/04/23,4371,3060,2262,1235,3153,653,2119,6411,2822,-103,126,3,N\A
2,2002/05/09,4232,2997,2066,1046,2581,807,1493,6519,878,1371,144,3,N\A
2,2002/05/25,5689,4503,2066,844,3072,769,1408,6068,1093,1347,153,3,N\A
2,2002/06/10,7070,5356,34838,743,4330,273,1494,1204,2118,-332,168,3,N\A
2,2002/06/26,7348,4774,34838,483,3160,272,763,3985,1635,1430,180,3,N\A
2,2002/07/12,7331,4852,3222,517,3358,243,766,1708,1907,1523,198,3,N\A
2,2002/07/28,7236,6324,2066,726,4528,514,978,5321,2748,-104,220,3,N\A
2,2002/08/13,4283,5397,2062,1516,3788,1648,1220,270,2036,1809,239,3,N\A
2,2002/08/29,6830,6183,35878,772,4099,704,865,4572,2627,64,243,3,N\A
2,2002/09/14,5257,6048,2066,1091,3510,1341,1062,4827,2019,2244,267,3,N\A
2,2002/09/30,7458,5603,2185,586,4025,293,784,3721,3071,382,282,1,N\A
2,2002/10/16,7054,5484,34837,334,1934,886,818,3957,2851,2364,292,1,N\A
2,2002/11/01,7653,4950,2185,439,3302,197,616,1636,3507,2379,310,1,N\A
2,2002/11/17,7930,5179,2116,375,3249,217,602,2939,4003,2406,333,0,N\A
2,2002/12/03,7923,5140,2185,377,3254,203,650,2976,4227,2392,349,1,N\A
2,2002/12/19,7181,5413,2120,662,4035,324,1125,4552,4674,506,355,1,N\A
3,2002/01/01,3788,2462,2185,1265,2808,631,2195,2012,4261,489,1,1,N\A
3,2002/01/17,3698,2036,2257,937,2037,554,2134,570,3997,457,24,1,N\A
3,2002/02/02,3426,1737,2257,936,1912,465,1890,651,3694,418,40,1,N\A
3,2002/02/18,2932,1444,2257,928,1698,525,1201,597,3280,354,56,1,N\A
3,2002/03/06,4106,1955,2257,742,1776,401,871,2220,2646,2098,70,1,N\A
3,2002/03/22,7790,4644,2189,363,2923,176,651,5173,1657,2006,91,1,N\A
3,2002/04/07,6909,3867,2185,472,2583,236,428,867,1866,1765,111,1,N\A
3,2002/04/23,7771,4937,2185,393,3134,215,644,606,1965,-123,120,1,N\A
3,2002/05/09,7290,4493,2116,465,2967,245,487,920,1911,1474,143,0,N\A
3,2002/05/25,6119,4899,2066,795,3302,704,717,5205,1519,1311,155,3,N\A
3,2002/06/10,5656,3908,2118,918,3309,470,923,1984,2322,-356,161,3,N\A
3,2002/06/26,3947,2095,2122,926,2134,437,1116,4248,2683,-329,179,3,N\A
3,2002/07/12,3322,3354,2066,1476,2945,1447,1263,5204,1583,1413,203,3,N\A
3,2002/07/28,3519,2068,2066,996,2078,664,571,5708,2937,-201,213,3,N\A
3,2002/08/13,3366,1590,2116,866,1745,417,637,901,1959,1787,239,0,N\A
3,2002/08/29,3966,9705,2062,1252,2898,2156,2690,3240,2422,74,250,3,N\A
3,2002/09/14,6652,4680,34837,602,2995,510,632,570,2273,252,264,1,N\A
3,2002/09/30,8217,4874,2185,284,2902,157,524,829,2657,2236,287,1,N\A
3,2002/10/16,8291,5174,2185,293,3137,154,552,615,2983,472,296,1,N\A
3,2002/11/01,7542,4875,2116,435,3105,270,570,775,3522,2369,319,0,N\A
3,2002/11/17,6131,3756,2061,694,2894,322,768,3463,3706,2402,333,1,N\A
3,2002/12/03,4726,3273,2116,1178,3290,564,1458,3184,4236,509,346,0,N\A
3,2002/12/19,3730,2390,2116,1214,2659,644,2013,579,4198,522,360,0,N\A
4,2002/01/01,3946,2061,2185,928,2138,404,896,770,4332,485,8,1,N\A
4,2002/01/17,6678,3602,2257,467,2345,282,699,766,3943,2265,31,1,N\A
4,2002/02/02,7609,5339,2257,480,3536,281,746,2085,4081,420,33,1,N\A
4,2002/02/18,7725,6074,2257,519,4045,353,1101,2150,3710,363,49,1,N\A
4,2002/03/06,7289,5120,2257,540,3444,334,1065,787,2934,257,72,1,N\A
4,2002/03/22,6883,5374,2257,654,3543,537,1682,694,2165,1960,95,1,N\A
4,2002/04/07,6285,3544,2261,557,2442,332,1393,4246,1647,1951,100,1,N\A
4,2002/04/23,4497,3186,2066,1142,3009,695,1844,5747,2695,-66,117,3,N\A
4,2002/05/09,3776,2082,34962,1045,2313,448,993,3341,1528,1497,141,3,N\A
4,2002/05/25,4988,2973,34838,761,2276,547,914,775,1935,1433,159,3,N\A
4,2002/06/10,5231,4470,2062,876,2798,974,882,730,2033,1453,175,3,N\A
4,2002/06/26,7465,6231,34966,637,4389,421,816,4297,2584,-294,179,3,N\A
4,2002/07/12,4063,4997,2062,1666,3947,1671,1264,3350,1750,1521,205,3,N\A
4,2002/07/28,7343,6966,34842,747,4877,605,1266,5104,2722,-128,220,3,N\A
4,2002/08/13,8095,5746,3294,395,3753,202,589,3337,1682,1841,237,3,N\A
4,2002/08/29,7762,5750,35874,493,3913,267,742,3325,1830,2030,253,3,N\A
4,2002/09/14,6348,2332,35874,371,1661,8,370,3321,2151,2188,269,3,N\A
4,2002/09/30,6679,4133,2185,546,2743,364,722,3265,2596,2296,285,1,N\A
4,2002/10/16,7409,4667,34966,471,3165,208,801,6230,2763,2456,297,3,N\A
4,2002/11/01,7255,6141,34837,619,3892,571,819,3362,3783,496,314,1,N\A
4,2002/11/17,8489,6429,2185,333,4075,203,715,3331,3892,2407,333,1,N\A
4,2002/12/03,8052,5120,2116,329,3050,232,789,803,4250,2400,351,0,N\A
4,2002/12/19,6535,3246,2116,449,2143,239,719,685,4305,2342,2,0,N\A
5,2002/01/01,3632,2075,2185,1085,2323,523,1987,29,4360,3068,15,1,N\A
5,2002/01/17,3714,2346,2185,1266,2762,589,2250,2720,4493,483,17,1,N\A
5,2002/02/02,3394,1646,2257,871,1766,454,2094,1439,3990,421,40,1,N\A
5,2002/02/18,4216,1859,2257,738,1814,237,2251,1384,3552,364,56,1,N\A
5,2002/03/06,3009,1635,2257,1071,1993,577,2598,1436,2907,2159,70,1,N\A
5,2002/03/22,3388,2317,2257,1396,2827,769,3437,11,2273,1520,95,1,N\A
5,2002/04/07,3265,2410,2257,1763,3473,842,3931,2738,2495,134,97,1,N\A
5,2002/04/23,3505,2005,2262,1118,2325,532,2060,5402,1190,1877,114,3,N\A
5,2002/05/09,3504,2677,34842,1534,3189,925,2492,6448,2814,-172,142,3,N\A
5,2002/05/25,4151,3833,2066,1607,3888,1154,2479,5373,2587,-236,156,3,N\A
5,2002/06/10,4275,3141,2062,1228,3062,778,1370,1394,2108,-311,168,3,N\A
5,2002/06/26,4361,3400,34966,1304,3321,842,686,5969,2857,-239,181,3,N\A
5,2002/07/12,2870,3560,2066,2279,4114,1987,1438,5373,2755,-179,204,3,N\A
5,2002/07/28,4369,3660,34842,1619,4132,891,792,5398,2755,-94,220,3,N\A
5,2002/08/13,3423,3132,2062,1759,3590,1271,1271,2680,2313,-56,225,3,N\A
5,2002/08/29,385,388,34841,5078,5485,2634,718,4706,1691,2095,251,1,N\A
5,2002/09/14,5022,7319,2066,1312,3960,1705,1308,6460,3338,251,270,3,N\A
5,2002/09/30,7435,4263,2116,390,2651,231,707,28,2969,3206,287,0,N\A
5,2002/10/16,6471,7712,3098,676,3156,1223,1289,1454,3096,2340,294,3,N\A
5,2002/11/01,7056,4589,2116,548,3175,287,720,1430,3744,528,312,0,N\A
5,2002/11/17,5972,3267,2116,579,2296,351,961,1445,3968,2379,326,0,N\A
5,2002/12/03,4605,2691,2116,960,2599,418,1302,1536,4256,2398,342,0,N\A
5,2002/12/19,4270,2463,2116,954,2376,489,1254,3860,4278,2402,356,0,N\A