1,No Data
2,No Data
3,No Data
4,No Data
5,No Data
6,No Data
7,No Data
8,No Data
9,No Data
10,No Data
11,No Data
12,No Data
13,No Data
14,No Data
id,Date,250m 16 days NDVI,250m 16 days EVI,250m 16 days VI Quality,250m 16 days red reflectance,250m 16 days NIR reflectance,250m 16 days blue reflectance,250m 16 days MIR reflectance,250m 16 days view zenith angle,250m 16 days sun zenith angle,250m 16 days relative azimuth angle,250m 16 days composite day of the year,250m 16 days pixel reliability,actual_date
1,2000/02/18,5450,2925,4164,586,1990,468,885,451,4861,2464,61,0,N\A
1,2000/03/05,6136,2628,6281,402,1679,259,816,2596,4238,2412,75,1,N\A
No data
No data
No data
No data
No data
No data
1,2007/01/01,6353,2521,4168,376,1686,127,538,636,6383,584,9,0,N\A
1,2007/01/17,6163,2508,6212,390,1643,199,449,547,5906,2401,32,0,N\A
1,2007/02/02,5543,2475,4164,525,1831,239,498,611,5693,506,41,0,N\A
1,2007/02/18,6949,2730,2116,295,1639,147,156,1732,5450,542,50,0,N\A
1,2007/03/06,6102,3492,4164,571,2359,398,1056,3649,4908,498,68,0,N\A
1,2007/03/22,6304,3240,4164,502,2215,268,706,1732,4240,498,82,0,N\A
1,2007/04/07,6694,2900,6281,359,1813,191,428,1661,3271,2333,103,1,N\A
1,2007/04/23,5976,2849,4164,511,2029,237,763,506,2549,2331,128,0,N\A
1,2007/05/09,6356,3479,6212,542,2433,280,598,1796,2643,402,130,0,N\A
1,2007/05/25,5530,2907,6212,699,2429,233,495,3715,2509,322,148,0,N\A
1,2007/06/10,6305,3725,6212,591,2608,349,938,2796,2327,289,171,0,N\A
1,2007/06/26,5354,3691,4164,639,2112,796,949,1652,2044,2159,183,0,N\A
1,2007/07/12,5845,2433,4168,440,1678,213,579,4323,2129,2268,204,0,N\A
1,2007/07/28,5443,2599,4233,626,2122,199,784,584,2822,2221,224,1,N\A
1,2007/08/13,5576,3051,6212,668,2352,342,1014,572,3124,456,233,0,N\A
1,2007/08/29,6148,2631,4164,411,1723,230,355,3603,3274,2369,245,0,N\A
1,2007/09/14,5094,2337,6212,595,1831,291,596,603,4330,2454,272,0,N\A
1,2007/09/30,5648,2663,4164,540,1942,270,489,2723,4839,589,283,0,N\A
1,2007/10/16,6361,2922,6212,425,1911,233,463,505,5440,2528,304,0,N\A
1,2007/11/01,7412,2629,6212,229,1541,59,185,2623,5805,2477,318,0,N\A
1,2007/11/17,6730,2609,6216,343,1755,38,466,1805,6009,647,322,0,N\A
1,2007/12/03,6104,2620,4168,442,1827,169,447,655,6387,622,345,0,N\A
1,2007/12/19,7026,2881,4168,299,1712,166,412,1643,6401,2447,359,0,N\A
1,2008/01/01,6046,2552,4241,406,1648,256,794,4928,6244,2451,6,1,N\A
1,2008/01/17,6715,2946,4168,380,1934,137,487,645,6055,598,28,0,N\A
1,2008/02/02,6839,3156,6212,386,2057,152,498,1769,5868,563,37,0,N\A
1,2008/02/18,5994,2706,4164,444,1773,288,621,1778,5357,525,53,0,N\A
1,2008/03/05,5898,2751,4164,502,1946,245,391,726,4435,524,76,0,N\A
1,2008/03/21,6272,2975,4164,468,2043,216,526,727,3807,478,92,0,N\A
1,2008/04/06,6211,2755,4164,452,1934,160,555,1588,3176,2316,106,0,N\A
1,2008/04/22,5644,2652,4164,593,2130,160,406,1796,2994,446,117,0,N\A
1,2008/05/08,5196,2801,6212,691,2186,399,1005,2787,2494,354,142,0,N\A
1,2008/05/24,5238,2939,4164,714,2285,428,1114,2783,2334,313,158,0,N\A
1,2008/06/09,6614,3443,4164,504,2473,160,367,1760,2224,304,165,0,N\A
1,2008/06/25,5908,3553,4233,699,2718,361,1075,1760,2277,289,181,1,N\A
1,2008/07/11,5930,3250,4164,609,2384,318,592,511,2253,2176,195,0,N\A
1,2008/07/27,6345,3458,6281,564,2523,233,458,1787,2723,356,213,1,N\A
1,2008/08/12,5886,3090,6212,538,2078,380,521,2651,2717,2292,225,0,N\A
1,2008/08/28,6412,3280,4164,501,2292,220,377,521,3343,2340,243,0,N\A
1,2008/09/13,5443,2623,6212,583,1976,293,578,529,3864,2385,259,0,N\A
1,2008/09/29,5979,2852,4164,481,1912,301,436,535,4427,2438,275,0,N\A
1,2008/10/15,6603,2846,6281,368,1799,192,487,666,5330,591,300,1,N\A
1,2008/10/31,7238,3514,4164,331,2066,228,554,2825,5932,633,318,0,N\A
1,2008/11/16,6856,2590,4164,295,1582,124,413,2633,5873,2489,321,0,N\A
1,2008/12/02,7484,3075,4168,244,1696,181,190,1635,6336,2473,346,0,N\A
1,2008/12/18,7263,2623,4237,246,1552,78,447,2660,6360,2453,353,1,N\A
1,2009/01/01,7526,2683,6216,202,1431,159,152,1652,6262,2420,12,0,N\A
1,2009/01/17,4447,2323,4172,764,1988,454,811,5590,6505,556,20,1,N\A
1,2009/02/02,6861,2665,4164,317,1703,81,362,1652,5489,2380,44,0,N\A
1,2009/02/18,6494,3435,4164,491,2310,269,660,2769,4973,517,64,0,N\A
1,2009/03/06,6427,2835,4164,431,1982,119,359,538,4618,2335,69,0,N\A
1,2009/03/22,5688,2445,6212,460,1674,270,682,560,3985,2395,85,0,N\A
1,2009/04/07,6600,3407,6212,451,2202,275,734,600,3116,499,110,0,N\A
1,2009/04/23,6289,3027,4164,464,2037,244,677,1690,2571,2311,124,0,N\A
1,2009/05/09,5573,3009,4164,648,2280,348,985,1732,2513,408,135,0,N\A
1,2009/05/25,6433,3214,6212,514,2368,138,428,635,2152,362,158,0,N\A
1,2009/06/10,5058,2477,4164,615,1874,381,618,2660,1905,2224,163,0,N\A
1,2009/06/26,5405,2438,4164,502,1683,345,642,3514,1930,2224,186,0,N\A
1,2009/07/12,5126,2789,4164,720,2235,397,905,1607,2332,2203,204,0,N\A
1,2009/07/28,6019,3090,4164,541,2177,292,831,493,2582,2193,213,0,N\A
1,2009/08/13,5899,2848,6212,563,2183,179,321,503,2965,2301,229,0,N\A
1,2009/08/29,5776,3277,6212,651,2432,367,884,1769,3607,483,247,0,N\A
1,2009/09/14,5926,2811,4164,513,2006,241,690,1643,4169,2415,268,0,N\A
1,2009/09/30,6288,2691,6212,440,1931,96,466,1634,4747,2434,284,0,N\A
1,2009/10/16,6458,2981,6212,428,1989,196,615,645,5420,640,302,0,N\A
1,2009/11/01,6933,3095,6212,347,1916,177,431,520,5608,2461,309,0,N\A
1,2009/11/17,6560,2435,4168,319,1536,128,448,1652,6150,2470,332,0,N\A
1,2009/12/03,6321,2830,4168,426,1890,202,611,1760,6402,636,343,0,N\A
1,2009/12/19,6765,3221,4168,386,2001,238,398,1779,6499,607,359,0,N\A
1,2010/01/01,6279,2793,4168,418,1829,228,447,1607,6225,2424,15,0,N\A
1,2010/01/17,6812,2994,4164,338,1783,233,345,1607,5886,2383,31,0,N\A
1,2010/02/02,6574,2896,6212,361,1747,260,591,673,5916,536,33,0,N\A
1,2010/02/18,6194,2568,4164,411,1749,159,353,1634,4821,2360,63,0,N\A
1,2010/03/06,6008,2855,4164,476,1909,296,691,1769,4546,517,74,0,N\A
1,2010/03/22,5374,2234,4237,494,1642,235,608,5068,4049,440,94,1,N\A
1,2010/04/07,6004,3054,6212,567,2271,230,568,2806,3648,464,99,0,N\A
1,2010/04/23,5908,2927,4164,591,2298,169,569,683,3037,421,113,0,N\A
1,2010/05/09,5775,2831,4164,538,2009,300,839,502,2363,2247,136,0,N\A
1,2010/05/25,5576,3290,4164,697,2454,438,1050,523,2125,2250,152,0,N\A
1,2010/06/10,5859,3198,4164,630,2413,301,938,522,2056,2203,168,0,N\A
1,2010/06/26,5051,2648,4164,792,2409,253,834,1769,2330,290,186,0,N\A
1,2010/07/12,5584,2951,4164,584,2061,407,672,1616,2389,2205,207,0,N\A
1,2010/07/28,4882,2411,4164,698,2030,321,814,1598,2745,2262,223,0,N\A
1,2010/08/13,5912,3177,4164,657,2558,206,661,1796,3233,447,234,0,N\A
1,2010/08/29,5734,2800,6212,560,2066,264,780,511,3521,2308,248,0,N\A
1,2010/09/14,5487,2603,4164,593,2035,233,676,530,4060,2419,264,0,N\A
1,2010/09/30,6190,2843,6212,453,1925,227,474,1652,4847,2441,287,0,N\A
1,2010/10/16,6502,2822,4164,404,1906,137,274,636,4980,644,289,0,N\A
1,2010/11/01,6636,3011,4164,386,1909,211,404,1643,5858,2476,319,0,N\A
1,2010/11/17,6963,2907,4168,334,1866,93,171,520,6093,2452,328,0,N\A
1,2010/12/03,6793,3078,4168,370,1938,190,573,645,6287,651,337,0,N\A
1,2010/12/19,6663,2791,6216,351,1753,174,465,1606,6375,2429,2,0,N\A
No data
No data
No data
No data
2,2000/02/18,8363,3415,4237,162,1818,89,444,5155,4854,2456,63,1,N\A
2,2000/03/05,8846,4127,2116,129,2107,120,483,1235,4454,2399,76,0,N\A
No data
No data
No data
No data
No data
No data
2,2007/01/01,8425,4080,2120,193,2258,102,512,2955,6731,609,3,0,N\A
2,2007/01/17,8667,3500,2189,131,1835,60,345,1325,6112,2387,31,1,N\A
2,2007/02/02,8686,3408,2116,121,1722,94,380,1334,5628,2394,47,0,N\A
2,2007/02/18,8541,4187,2116,176,2238,131,407,1952,5372,537,58,0,N\A
2,2007/03/06,8556,3838,2185,158,2031,104,440,248,4736,2498,72,1,N\A
2,2007/03/22,8078,4031,2185,241,2267,153,588,1325,3782,2338,95,1,N\A
2,2007/04/07,8241,3679,2116,194,2012,110,421,1307,3201,2331,111,0,N\A
2,2007/04/23,8299,4323,2185,227,2443,132,542,916,3240,496,113,1,N\A
2,2007/05/09,7884,4102,2116,288,2435,144,593,943,2780,476,129,0,N\A
2,2007/05/25,7826,4057,2185,295,2419,147,677,979,2466,425,145,1,N\A
2,2007/06/10,7970,4129,2116,272,2409,147,571,186,2225,2169,168,0,N\A
2,2007/06/26,8144,4168,2116,243,2376,139,560,1325,2301,2201,191,0,N\A
2,2007/07/12,8071,4360,2116,269,2521,163,620,241,2502,2159,200,0,N\A
2,2007/07/28,7802,4446,2116,332,2690,190,731,1933,3000,407,218,0,N\A
2,2007/08/13,7371,3462,2116,311,2055,177,548,1370,3381,2340,239,0,N\A
2,2007/08/29,7828,3710,2116,258,2118,151,570,276,3715,2362,248,0,N\A
2,2007/09/14,7965,3444,2185,217,1916,118,495,2393,4121,2420,262,1,N\A
2,2007/09/30,8130,3895,2116,224,2172,135,495,845,4621,578,273,0,N\A
2,2007/10/16,8459,3574,2116,158,1893,94,432,213,5402,2478,296,0,N\A
2,2007/11/01,8267,3934,2120,203,2140,140,518,2034,6021,646,314,0,N\A
2,2007/11/17,8095,3296,2189,187,1777,112,526,3975,6155,2500,324,1,N\A
2,2007/12/03,8183,3706,2120,206,2062,104,506,2964,6599,643,339,0,N\A
2,2007/12/19,8462,3486,2189,151,1813,107,466,926,6672,624,353,1,N\A
2,2008/01/01,7579,4169,2193,355,2578,184,651,5099,6874,601,1,1,N\A
2,2008/01/17,8269,3597,2120,181,1911,130,467,916,6440,598,20,0,N\A
2,2008/02/02,8632,3511,2120,135,1840,68,368,925,6062,588,36,0,N\A
2,2008/02/18,8164,3897,4233,215,2128,153,672,2964,5580,541,54,1,N\A
2,2008/03/05,8381,3553,2116,164,1862,120,547,971,4955,527,68,0,N\A
2,2008/03/21,8305,3201,4164,155,1674,99,489,2247,3986,2375,89,0,N\A
2,2008/04/06,7925,3252,2116,208,1797,111,461,2273,3375,2348,105,0,N\A
2,2008/04/22,7651,3889,2116,313,2352,150,594,179,2885,2385,123,0,N\A
2,2008/05/08,7641,3989,2185,325,2431,158,520,1289,2643,2311,130,1,N\A
2,2008/05/24,7898,4923,2116,363,3091,189,663,917,2422,391,148,0,N\A
2,2008/06/09,8594,5220,4164,228,3017,137,475,204,2223,2195,171,0,N\A
2,2008/06/25,8049,4497,2116,285,2638,169,508,1307,2177,2209,178,0,N\A
2,2008/07/11,8604,4754,2116,199,2654,125,440,1298,2336,2225,194,0,N\A
2,2008/07/27,8509,4425,2116,198,2458,117,422,178,2881,2191,219,0,N\A
2,2008/08/12,8728,4646,4164,175,2578,93,429,197,3304,2380,235,0,N\A
2,2008/08/28,8449,4544,2116,215,2558,128,600,916,3630,522,244,0,N\A
2,2008/09/13,8696,4560,2116,173,2482,115,441,916,4155,573,260,0,N\A
2,2008/09/29,8884,4364,2116,138,2337,76,276,218,4935,2555,283,0,N\A
2,2008/10/15,9025,4637,2185,126,2459,85,367,925,5283,646,292,1,N\A
2,2008/10/31,8865,4021,2116,127,2112,71,433,151,5986,2399,315,0,N\A
2,2008/11/16,8664,4154,2189,157,2194,117,352,952,6242,662,324,1,N\A
2,2008/12/02,8445,4472,2120,206,2444,156,495,2955,6634,641,342,0,N\A
2,2008/12/18,8590,3622,4237,141,1859,113,350,1298,6616,2471,354,1,N\A
2,2009/01/01,9208,4104,2189,86,2086,56,352,1307,6577,2443,4,1,N\A
2,2009/01/17,8712,4756,2120,178,2588,132,583,3782,6604,589,17,0,N\A
2,2009/02/02,8659,3759,2116,140,1949,101,421,216,5714,2471,45,0,N\A
2,2009/02/18,8516,4470,2116,196,2447,138,564,2945,5474,536,56,0,N\A
2,2009/03/06,8594,4110,2116,167,2210,105,413,231,4512,2327,77,0,N\A
2,2009/03/22,8393,4086,2116,193,2209,138,496,244,3880,2444,93,0,N\A
2,2009/04/07,8788,4307,2185,146,2264,113,419,2356,3270,2359,107,1,N\A
2,2009/04/23,8193,4691,2116,278,2800,137,529,1951,2871,449,127,0,N\A
2,2009/05/09,8132,4571,2116,280,2718,142,447,233,2444,2327,141,0,N\A
2,2009/05/25,8162,4896,2116,299,2956,158,641,1979,2389,366,159,0,N\A
2,2009/06/10,8287,4220,2116,223,2382,124,496,197,2228,2380,173,0,N\A
2,2009/06/26,8283,4328,2116,231,2461,129,541,154,2354,2325,189,0,N\A
2,2009/07/12,7986,4458,2116,296,2644,167,598,962,2552,359,198,0,N\A
2,2009/07/28,8286,4138,2116,216,2305,131,444,179,2948,2346,221,0,N\A
2,2009/08/13,8216,3919,2116,213,2175,125,528,203,3387,2466,237,0,N\A
2,2009/08/29,7972,4505,2116,300,2660,182,618,2954,3892,508,248,0,N\A
2,2009/09/14,8246,4111,2116,223,2320,121,408,925,4252,569,262,0,N\A
2,2009/09/30,8324,4132,2116,210,2297,124,482,2946,4966,592,280,0,N\A
2,2009/10/16,7900,3622,2116,241,2055,131,408,925,5379,632,294,0,N\A
2,2009/11/01,8779,3782,2120,128,1970,75,206,213,6061,2641,317,0,N\A
2,2009/11/17,8243,4233,2189,229,2379,141,496,3782,6283,638,321,1,N\A
2,2009/12/03,8291,3980,2120,202,2162,142,443,2946,6668,634,344,0,N\A
2,2009/12/19,8767,3458,2189,115,1751,82,341,3217,6575,2455,354,1,N\A
2,2010/01/01,8658,3663,4237,138,1919,79,274,158,6465,2409,16,1,N\A
2,2010/01/17,8167,3298,2189,178,1765,107,373,1262,6297,2421,23,1,N\A
2,2010/02/02,8579,3516,2116,142,1857,69,332,1280,5878,2398,39,0,N\A
2,2010/02/18,8246,4440,2116,242,2518,154,587,3782,5686,537,52,0,N\A
2,2010/03/06,8429,4142,2185,190,2230,141,500,925,4735,545,73,1,N\A
2,2010/03/22,7824,3969,2116,281,2302,168,578,186,3782,2360,96,0,N\A
2,2010/04/07,8003,4000,4164,256,2308,136,509,163,3210,2442,112,0,N\A
2,2010/04/23,7474,3969,2116,357,2470,174,545,962,2988,464,121,0,N\A
2,2010/05/09,8105,4618,2116,289,2762,148,502,186,2407,2222,144,0,N\A
2,2010/05/25,8165,5172,2116,325,3218,158,600,1997,2517,393,146,0,N\A
2,2010/06/10,8462,5077,2116,248,2977,137,515,203,2246,2343,176,0,N\A
2,2010/06/26,8427,4970,2116,248,2907,136,463,194,2391,2353,192,0,N\A
2,2010/07/12,8539,4931,2116,223,2830,127,442,188,2656,2415,208,0,N\A
2,2010/07/28,8590,4827,4164,206,2718,126,420,156,3024,2433,224,0,N\A
2,2010/08/13,8137,4761,2116,286,2785,184,536,952,3326,477,233,0,N\A
2,2010/08/29,8670,4453,2116,176,2472,85,454,195,3996,2395,256,0,N\A
2,2010/09/14,8553,4265,2116,180,2308,122,422,204,4561,2386,272,0,N\A
2,2010/09/30,8780,4120,4164,143,2203,75,389,1308,4784,2459,279,0,N\A
2,2010/10/16,8458,4543,2116,214,2563,123,443,2946,5606,623,299,0,N\A
2,2010/11/01,8223,4365,2116,246,2523,128,466,3792,5924,635,308,0,N\A
2,2010/11/17,7975,4833,34969,336,2984,174,617,6044,6609,623,328,1,N\A
2,2010/12/03,8236,3932,4168,210,2172,128,341,925,6615,649,345,0,N\A
2,2010/12/19,7777,4899,4313,381,3048,230,792,5623,6920,593,2,1,N\A
No data
No data
No data
No data
3,2000/02/18,4925,2415,2120,668,1965,340,1220,4890,4928,2459,63,1,N\A
3,2000/03/05,4553,2417,2116,811,2167,401,1562,748,4533,2448,76,0,N\A
No data
No data
No data
No data
No data
No data
3,2007/01/01,5915,2858,2120,529,2061,245,908,2396,6707,602,10,0,N\A
3,2007/01/17,5965,2544,2120,445,1761,200,956,837,6190,2431,31,0,N\A
3,2007/02/02,5860,2477,2116,456,1747,194,1004,845,5706,2390,47,0,N\A
3,2007/02/18,5853,2678,2116,498,1904,236,1003,845,5124,2352,63,0,N\A
3,2007/03/06,6137,2946,2116,490,2047,237,1111,263,4816,430,72,0,N\A
3,2007/03/22,6669,4192,2189,600,3003,303,1251,4725,4584,488,85,1,N\A
3,2007/04/07,8433,5796,2116,301,3541,183,626,820,3279,2375,111,0,N\A
3,2007/04/23,8558,6550,2116,325,4183,188,764,1378,3318,501,113,0,N\A
3,2007/05/09,8871,6270,2116,215,3595,188,547,1825,2573,2313,134,0,N\A
3,2007/05/25,8246,7101,2116,414,4308,411,919,1442,2544,428,145,0,N\A
3,2007/06/10,8467,4929,2116,233,2808,153,578,302,2302,433,168,0,N\A
3,2007/06/26,8389,5684,2116,280,3197,273,1070,838,2380,2249,191,0,N\A
3,2007/07/12,8157,5743,2116,355,3499,259,859,255,2579,260,200,0,N\A
3,2007/07/28,7880,5717,2116,386,3256,403,1196,243,2894,333,216,0,N\A
3,2007/08/13,7714,4717,2116,374,2899,235,727,881,3461,2334,239,0,N\A
3,2007/08/29,8076,4881,2116,308,2895,199,798,890,3987,2371,255,0,N\A
3,2007/09/14,8092,4787,2116,300,2846,180,743,221,4341,422,264,0,N\A
3,2007/09/30,8250,4701,2116,258,2692,173,658,872,5137,2454,287,0,N\A
3,2007/10/16,8197,4701,2116,252,2544,249,889,3660,5258,2480,292,0,N\A
3,2007/11/01,6709,3786,2120,516,2620,243,869,2447,6099,644,314,0,N\A
3,2007/11/17,6576,3544,2120,499,2416,252,897,1425,6255,638,321,0,N\A
3,2007/12/03,5540,2439,2120,501,1746,266,973,2808,6625,2467,349,0,N\A
3,2007/12/19,5397,2409,2120,510,1706,314,1120,809,6677,2419,2,0,N\A
3,2008/01/01,5397,2409,2120,510,1706,314,1120,809,6677,2419,2,0,N\A
3,2008/01/17,5543,2421,2120,504,1758,245,917,1387,6519,598,20,0,N\A
3,2008/02/02,5089,2271,2116,575,1767,280,1139,295,5888,504,43,0,N\A
3,2008/02/18,5497,2289,2116,477,1642,238,1027,3631,5329,2401,55,0,N\A
3,2008/03/05,5466,2435,2116,532,1815,245,987,1807,4703,2376,73,0,N\A
3,2008/03/21,5986,2750,2116,480,1912,237,1060,1780,4065,2369,89,0,N\A
3,2008/04/06,7463,5025,2120,487,3353,269,1042,4108,3583,456,111,0,N\A
3,2008/04/22,8368,6115,2116,349,3929,185,779,311,2963,463,123,0,N\A
3,2008/05/08,8670,6421,2116,286,4017,161,587,801,2722,2335,130,0,N\A
3,2008/05/24,8528,6749,2116,353,4444,188,759,1378,2499,408,148,0,N\A
3,2008/06/09,8556,6779,2116,335,4306,223,894,2394,2457,350,173,0,N\A
3,2008/06/25,8369,6104,2116,330,3718,243,719,296,2399,302,187,0,N\A
3,2008/07/11,7602,5475,2116,467,3429,361,1020,308,2625,290,203,0,N\A
3,2008/07/27,7700,5470,2116,410,3156,409,1302,317,2959,334,219,0,N\A
3,2008/08/12,7800,5152,2116,375,3035,317,1002,293,3383,464,235,0,N\A
3,2008/08/28,7241,4390,2116,435,2719,310,752,819,3546,2369,242,0,N\A
3,2008/09/13,7546,4714,2116,413,2954,261,764,1378,4233,575,260,0,N\A
3,2008/09/29,7680,4314,2116,343,2615,201,731,277,5013,557,283,0,N\A
3,2008/10/15,7532,4722,2116,404,2871,298,900,3305,5497,624,294,0,N\A
3,2008/10/31,7504,3700,2120,321,2252,151,496,344,6062,560,315,0,N\A
3,2008/11/16,6661,3206,34897,421,2101,204,632,322,6444,600,331,1,N\A
3,2008/12/02,6215,2815,2120,443,1898,218,535,801,6541,2492,338,0,N\A
3,2008/12/18,5518,2291,2120,475,1645,231,876,818,6692,2463,354,0,N\A
3,2009/01/01,5204,2113,2120,475,1506,288,989,818,6654,2436,4,0,N\A
3,2009/01/17,5177,2167,2120,503,1583,286,985,284,6261,628,29,0,N\A
3,2009/02/02,5085,2180,2116,546,1676,266,1141,275,5792,536,45,0,N\A
3,2009/02/18,5111,2206,2116,546,1688,270,1106,827,5510,2393,52,0,N\A
3,2009/03/06,5087,2378,2116,603,1852,312,1246,266,4591,586,77,0,N\A
3,2009/03/22,6052,3122,2116,524,2131,321,1144,259,3959,455,93,0,N\A
3,2009/04/07,7121,4537,2116,508,3022,296,1039,3272,3719,484,104,0,N\A
3,2009/04/23,8822,7307,2116,295,4717,181,791,2363,2950,450,127,0,N\A
3,2009/05/09,8697,6776,2116,291,4178,211,686,266,2523,420,141,0,N\A
3,2009/05/25,8474,6152,2116,307,3717,227,576,838,2356,2302,148,0,N\A
3,2009/06/10,8477,6527,2116,318,3859,294,861,315,2306,295,173,0,N\A
3,2009/06/26,7995,5946,2116,436,3915,254,911,347,2431,361,189,0,N\A
3,2009/07/12,8081,5600,2116,369,3478,242,747,331,2677,352,205,0,N\A
3,2009/07/28,8051,5325,2116,356,3299,216,832,311,3026,440,221,0,N\A
3,2009/08/13,8108,5243,2116,313,2997,277,954,801,3153,2322,228,0,N\A
3,2009/08/29,7952,5052,2116,336,2946,273,806,295,3978,489,253,0,N\A
3,2009/09/14,7906,4884,2116,324,2771,292,974,293,4539,621,269,0,N\A
3,2009/09/30,8010,4536,2116,290,2626,199,563,809,4759,2442,276,0,N\A
3,2009/10/16,7835,4593,2116,332,2735,220,702,295,5661,587,301,0,N\A
3,2009/11/01,7316,3796,2120,361,2330,204,600,289,6137,558,317,0,N\A
3,2009/11/17,6497,3837,2124,583,2746,287,898,4075,6361,641,321,0,N\A
3,2009/12/03,5381,2758,2120,656,2185,302,1283,3300,6746,633,344,0,N\A
3,2009/12/19,5238,2365,2120,575,1840,256,1002,2418,6773,616,2,0,N\A
3,2010/01/01,4890,1957,2120,523,1524,250,993,329,6543,623,16,0,N\A
3,2010/01/17,5730,2153,2124,393,1448,208,927,4313,6346,2435,19,0,N\A
3,2010/02/02,5038,2025,2116,512,1552,238,931,302,5705,603,48,0,N\A
3,2010/02/18,5232,2857,2120,698,2230,402,1297,4080,5765,535,52,0,N\A
3,2010/03/06,5584,2279,2116,434,1532,279,972,3632,4490,2391,76,0,N\A
3,2010/03/22,5787,2812,2116,547,2050,263,1098,311,3861,546,96,0,N\A
3,2010/04/07,7183,4398,2116,478,2916,257,852,330,3289,464,112,0,N\A
3,2010/04/23,8350,5602,2116,307,3415,185,658,765,3016,2353,119,0,N\A
3,2010/05/09,8983,6505,2116,208,3884,134,518,1853,2404,2300,142,0,N\A
3,2010/05/25,8631,6513,2116,295,4015,201,722,296,2321,325,160,0,N\A
3,2010/06/10,8512,6377,2116,309,3845,245,832,295,2322,319,176,0,N\A
3,2010/06/26,8247,5925,2116,352,3665,240,621,305,2468,306,192,0,N\A
3,2010/07/12,8262,5908,2116,333,3499,280,838,324,2735,322,208,0,N\A
3,2010/07/28,8707,5065,2116,195,2822,137,582,2789,2662,2285,213,0,N\A
3,2010/08/13,8071,4844,2116,310,2905,183,682,782,3235,2289,231,0,N\A
3,2010/08/29,7993,4706,2116,311,2789,199,689,800,3728,2346,247,0,N\A
3,2010/09/14,8258,4765,2116,264,2768,162,816,284,4639,644,272,0,N\A
3,2010/09/30,8189,4780,2116,265,2662,229,654,818,4860,2453,279,0,N\A
3,2010/10/16,7950,4257,2116,268,2347,233,826,1853,5642,2482,302,0,N\A
3,2010/11/01,7838,3953,2116,263,2170,225,865,2808,5846,2490,309,0,N\A
3,2010/11/17,6582,4043,2124,581,2819,329,955,5296,6554,630,326,1,N\A
3,2010/12/03,6242,2538,2120,359,1552,261,1022,3632,6604,2479,348,0,N\A
3,2010/12/19,5465,2180,2120,455,1552,227,900,334,6702,531,3,0,N\A
No data
No data
No data
No data
4,2000/02/18,-3000,-3000,51199,-1000,-1000,-1000,-1000,-10000,-10000,-4000,-1,-1,N\A
4,2000/03/05,-3000,-3000,51199,-1000,-1000,-1000,-1000,-10000,-10000,-4000,-1,-1,N\A
No data
No data
No data
No data
No data
No data
4,2007/01/01,-3000,-3000,51199,-1000,-1000,-1000,-1000,-10000,-10000,-4000,-1,-1,N\A
4,2007/01/17,-3000,-3000,51199,-1000,-1000,-1000,-1000,-10000,-10000,-4000,-1,-1,N\A
4,2007/02/02,-3000,-3000,51199,-1000,-1000,-1000,-1000,-10000,-10000,-4000,-1,-1,N\A
4,2007/02/18,8118,4013,4164,228,2196,174,385,3507,5627,543,58,0,N\A
4,2007/03/06,-3000,-3000,51199,-1000,-1000,-1000,-1000,-10000,-10000,-4000,-1,-1,N\A
4,2007/03/22,8079,3747,4233,210,1977,193,544,645,4032,529,95,1,N\A
4,2007/04/07,7329,3763,4164,341,2213,243,637,664,3453,491,111,0,N\A
4,2007/04/23,-3000,-3000,51199,-1000,-1000,-1000,-1000,-10000,-10000,-4000,-1,-1,N\A
4,2007/05/09,-3000,-3000,51199,-1000,-1000,-1000,-1000,-10000,-10000,-4000,-1,-1,N\A
4,2007/05/25,8051,4191,4233,261,2418,149,629,699,2443,423,159,1,N\A
4,2007/06/10,-3000,-3000,51199,-1000,-1000,-1000,-1000,-10000,-10000,-4000,-1,-1,N\A
4,2007/06/26,-3000,-3000,51199,-1000,-1000,-1000,-1000,-10000,-10000,-4000,-1,-1,N\A
4,2007/07/12,-3000,-3000,51199,-1000,-1000,-1000,-1000,-10000,-10000,-4000,-1,-1,N\A
4,2007/07/28,-3000,-3000,51199,-1000,-1000,-1000,-1000,-10000,-10000,-4000,-1,-1,N\A
4,2007/08/13,-3000,-3000,51199,-1000,-1000,-1000,-1000,-10000,-10000,-4000,-1,-1,N\A
4,2007/08/29,-3000,-3000,51199,-1000,-1000,-1000,-1000,-10000,-10000,-4000,-1,-1,N\A
4,2007/09/14,-3000,-3000,51199,-1000,-1000,-1000,-1000,-10000,-10000,-4000,-1,-1,N\A
4,2007/09/30,8045,3693,4164,224,2068,124,332,617,5296,656,287,0,N\A
4,2007/10/16,-3000,-3000,51199,-1000,-1000,-1000,-1000,-10000,-10000,-4000,-1,-1,N\A
4,2007/11/01,-3000,-3000,51199,-1000,-1000,-1000,-1000,-10000,-10000,-4000,-1,-1,N\A
4,2007/11/17,-3000,-3000,51199,-1000,-1000,-1000,-1000,-10000,-10000,-4000,-1,-1,N\A
4,2007/12/03,-3000,-3000,51199,-1000,-1000,-1000,-1000,-10000,-10000,-4000,-1,-1,N\A
4,2007/12/19,-3000,-3000,51199,-1000,-1000,-1000,-1000,-10000,-10000,-4000,-1,-1,N\A
4,2008/01/01,8128,5122,4241,266,2577,386,247,5411,7034,598,8,1,N\A
4,2008/01/17,8795,3741,4168,112,1747,199,265,2438,6454,2417,23,0,N\A
4,2008/02/02,-3000,-3000,51199,-1000,-1000,-1000,-1000,-10000,-10000,-4000,-1,-1,N\A
4,2008/02/18,-3000,-3000,51199,-1000,-1000,-1000,-1000,-10000,-10000,-4000,-1,-1,N\A
4,2008/03/05,-3000,-3000,51199,-1000,-1000,-1000,-1000,-10000,-10000,-4000,-1,-1,N\A
4,2008/03/21,-3000,-3000,51199,-1000,-1000,-1000,-1000,-10000,-10000,-4000,-1,-1,N\A
4,2008/04/06,-3000,-3000,51199,-1000,-1000,-1000,-1000,-10000,-10000,-4000,-1,-1,N\A
4,2008/04/22,-3000,-3000,51199,-1000,-1000,-1000,-1000,-10000,-10000,-4000,-1,-1,N\A
4,2008/05/08,-3000,-3000,51199,-1000,-1000,-1000,-1000,-10000,-10000,-4000,-1,-1,N\A
4,2008/05/24,-3000,-3000,51199,-1000,-1000,-1000,-1000,-10000,-10000,-4000,-1,-1,N\A
4,2008/06/09,7572,4162,4164,328,2374,274,730,3526,2640,355,173,0,N\A
4,2008/06/25,-3000,-3000,51199,-1000,-1000,-1000,-1000,-10000,-10000,-4000,-1,-1,N\A
4,2008/07/11,-3000,-3000,51199,-1000,-1000,-1000,-1000,-10000,-10000,-4000,-1,-1,N\A
4,2008/07/27,-3000,-3000,51199,-1000,-1000,-1000,-1000,-10000,-10000,-4000,-1,-1,N\A
4,2008/08/12,-3000,-3000,51199,-1000,-1000,-1000,-1000,-10000,-10000,-4000,-1,-1,N\A
4,2008/08/28,7238,3737,4164,376,2347,189,434,2677,3885,509,244,0,N\A
4,2008/09/13,-3000,-3000,51199,-1000,-1000,-1000,-1000,-10000,-10000,-4000,-1,-1,N\A
4,2008/09/29,-3000,-3000,51199,-1000,-1000,-1000,-1000,-10000,-10000,-4000,-1,-1,N\A
4,2008/10/15,-3000,-3000,51199,-1000,-1000,-1000,-1000,-10000,-10000,-4000,-1,-1,N\A
4,2008/10/31,-3000,-3000,51199,-1000,-1000,-1000,-1000,-10000,-10000,-4000,-1,-1,N\A
4,2008/11/16,-3000,-3000,51199,-1000,-1000,-1000,-1000,-10000,-10000,-4000,-1,-1,N\A
4,2008/12/02,-3000,-3000,51199,-1000,-1000,-1000,-1000,-10000,-10000,-4000,-1,-1,N\A
4,2008/12/18,-3000,-3000,51199,-1000,-1000,-1000,-1000,-10000,-10000,-4000,-1,-1,N\A
4,2009/01/01,-3000,-3000,51199,-1000,-1000,-1000,-1000,-10000,-10000,-4000,-1,-1,N\A
4,2009/01/17,-3000,-3000,51199,-1000,-1000,-1000,-1000,-10000,-10000,-4000,-1,-1,N\A
4,2009/02/02,-3000,-3000,51199,-1000,-1000,-1000,-1000,-10000,-10000,-4000,-1,-1,N\A
4,2009/02/18,-3000,-3000,51199,-1000,-1000,-1000,-1000,-10000,-10000,-4000,-1,-1,N\A
4,2009/03/06,8064,3146,4164,183,1708,92,336,440,4754,2410,75,0,N\A
4,2009/03/22,-3000,-3000,51199,-1000,-1000,-1000,-1000,-10000,-10000,-4000,-1,-1,N\A
4,2009/04/07,-3000,-3000,51199,-1000,-1000,-1000,-1000,-10000,-10000,-4000,-1,-1,N\A
4,2009/04/23,-3000,-3000,51199,-1000,-1000,-1000,-1000,-10000,-10000,-4000,-1,-1,N\A
4,2009/05/09,-3000,-3000,51199,-1000,-1000,-1000,-1000,-10000,-10000,-4000,-1,-1,N\A
4,2009/05/25,-3000,-3000,51199,-1000,-1000,-1000,-1000,-10000,-10000,-4000,-1,-1,N\A
4,2009/06/10,-3000,-3000,51199,-1000,-1000,-1000,-1000,-10000,-10000,-4000,-1,-1,N\A
4,2009/06/26,-3000,-3000,51199,-1000,-1000,-1000,-1000,-10000,-10000,-4000,-1,-1,N\A
4,2009/07/12,-3000,-3000,51199,-1000,-1000,-1000,-1000,-10000,-10000,-4000,-1,-1,N\A
4,2009/07/28,-3000,-3000,51199,-1000,-1000,-1000,-1000,-10000,-10000,-4000,-1,-1,N\A
4,2009/08/13,-3000,-3000,51199,-1000,-1000,-1000,-1000,-10000,-10000,-4000,-1,-1,N\A
4,2009/08/29,-3000,-3000,51199,-1000,-1000,-1000,-1000,-10000,-10000,-4000,-1,-1,N\A
4,2009/09/14,-3000,-3000,51199,-1000,-1000,-1000,-1000,-10000,-10000,-4000,-1,-1,N\A
4,2009/09/30,8134,4274,4164,238,2313,214,416,3545,5416,616,287,0,N\A
4,2009/10/16,-3000,-3000,51199,-1000,-1000,-1000,-1000,-10000,-10000,-4000,-1,-1,N\A
4,2009/11/01,-3000,-3000,51199,-1000,-1000,-1000,-1000,-10000,-10000,-4000,-1,-1,N\A
4,2009/11/17,-3000,-3000,51199,-1000,-1000,-1000,-1000,-10000,-10000,-4000,-1,-1,N\A
4,2009/12/03,-3000,-3000,51199,-1000,-1000,-1000,-1000,-10000,-10000,-4000,-1,-1,N\A
4,2009/12/19,-3000,-3000,51199,-1000,-1000,-1000,-1000,-10000,-10000,-4000,-1,-1,N\A
4,2010/01/01,-3000,-3000,51199,-1000,-1000,-1000,-1000,-10000,-10000,-4000,-1,-1,N\A
4,2010/01/17,-3000,-3000,51199,-1000,-1000,-1000,-1000,-10000,-10000,-4000,-1,-1,N\A
4,2010/02/02,-3000,-3000,51199,-1000,-1000,-1000,-1000,-10000,-10000,-4000,-1,-1,N\A
4,2010/02/18,-3000,-3000,51199,-1000,-1000,-1000,-1000,-10000,-10000,-4000,-1,-1,N\A
4,2010/03/06,-3000,-3000,51199,-1000,-1000,-1000,-1000,-10000,-10000,-4000,-1,-1,N\A
4,2010/03/22,-3000,-3000,51199,-1000,-1000,-1000,-1000,-10000,-10000,-4000,-1,-1,N\A
4,2010/04/07,-3000,-3000,51199,-1000,-1000,-1000,-1000,-10000,-10000,-4000,-1,-1,N\A
4,2010/04/23,-3000,-3000,51199,-1000,-1000,-1000,-1000,-10000,-10000,-4000,-1,-1,N\A
4,2010/05/09,-3000,-3000,51199,-1000,-1000,-1000,-1000,-10000,-10000,-4000,-1,-1,N\A
4,2010/05/25,-3000,-3000,51199,-1000,-1000,-1000,-1000,-10000,-10000,-4000,-1,-1,N\A
4,2010/06/10,-3000,-3000,51199,-1000,-1000,-1000,-1000,-10000,-10000,-4000,-1,-1,N\A
4,2010/06/26,-3000,-3000,51199,-1000,-1000,-1000,-1000,-10000,-10000,-4000,-1,-1,N\A
4,2010/07/12,-3000,-3000,51199,-1000,-1000,-1000,-1000,-10000,-10000,-4000,-1,-1,N\A
4,2010/07/28,-3000,-3000,51199,-1000,-1000,-1000,-1000,-10000,-10000,-4000,-1,-1,N\A
4,2010/08/13,-3000,-3000,51199,-1000,-1000,-1000,-1000,-10000,-10000,-4000,-1,-1,N\A
4,2010/08/29,-3000,-3000,51199,-1000,-1000,-1000,-1000,-10000,-10000,-4000,-1,-1,N\A
4,2010/09/14,-3000,-3000,51199,-1000,-1000,-1000,-1000,-10000,-10000,-4000,-1,-1,N\A
4,2010/09/30,-3000,-3000,51199,-1000,-1000,-1000,-1000,-10000,-10000,-4000,-1,-1,N\A
4,2010/10/16,-3000,-3000,51199,-1000,-1000,-1000,-1000,-10000,-10000,-4000,-1,-1,N\A
4,2010/11/01,-3000,-3000,51199,-1000,-1000,-1000,-1000,-10000,-10000,-4000,-1,-1,N\A
4,2010/11/17,-3000,-3000,51199,-1000,-1000,-1000,-1000,-10000,-10000,-4000,-1,-1,N\A
4,2010/12/03,7852,3437,4168,220,1829,193,406,2686,6854,641,345,0,N\A
4,2010/12/19,-3000,-3000,51199,-1000,-1000,-1000,-1000,-10000,-10000,-4000,-1,-1,N\A
No data
No data
No data
No data
5,2000/02/18,7494,4061,34841,333,2325,275,1135,5071,5717,572,58,1,N\A
5,2000/03/05,6639,2933,2116,374,1852,200,678,86,5081,138,68,0,N\A
No data
No data
No data
No data
No data
No data
5,2007/01/01,4852,2649,34841,680,1962,526,588,2984,7007,624,2,1,N\A
5,2007/01/17,597,2196,18581,4842,5457,5001,271,4381,6408,2429,26,2,N\A
5,2007/02/02,5702,2793,2116,534,1951,330,1003,1025,5939,558,48,0,N\A
5,2007/02/18,5650,2910,2257,473,1702,531,1422,2945,5959,556,50,1,N\A
5,2007/03/06,5494,2691,2116,545,1874,373,1508,56,5037,2912,71,0,N\A
5,2007/03/22,5472,2813,2185,609,2081,354,1312,1034,4092,535,96,1,N\A
5,2007/04/07,6727,3162,2185,350,1789,335,1341,3727,3793,2406,99,1,N\A
5,2007/04/23,6384,3552,2185,506,2293,367,1598,1035,2997,2328,126,1,N\A
5,2007/05/09,7187,4187,2185,430,2628,278,1379,1000,2632,2343,142,1,N\A
5,2007/05/25,7472,4609,2185,406,2807,296,1237,1080,2530,414,160,1,N\A
5,2007/06/10,7610,4744,2116,410,3022,229,928,2071,2574,399,169,0,N\A
5,2007/06/26,8309,5519,34961,307,3326,199,921,1071,2516,2243,190,1,N\A
5,2007/07/12,8097,4571,2116,274,2607,199,866,1099,2775,2294,206,0,N\A
5,2007/07/28,7836,4516,2116,326,2687,210,988,68,3026,2696,215,0,N\A
5,2007/08/13,7496,3717,2116,319,2229,173,777,1116,3611,2348,238,0,N\A
5,2007/08/29,7528,4128,2116,341,2419,251,975,1997,4099,545,249,0,N\A
5,2007/09/14,7643,3742,2116,291,2179,175,607,90,4500,2707,263,0,N\A
5,2007/09/30,7181,3576,2116,348,2121,242,946,1007,5434,643,288,0,N\A
5,2007/10/16,7153,3389,2116,336,2025,211,624,1079,5975,656,304,0,N\A
5,2007/11/01,6670,3222,2120,402,2013,257,921,61,6168,307,311,0,N\A
5,2007/11/17,6584,2910,2120,375,1821,220,567,32,6580,830,327,0,N\A
5,2007/12/03,7249,3077,2120,281,1762,189,456,1054,6886,2487,350,0,N\A
5,2007/12/19,6647,2840,2120,352,1748,210,508,2938,6855,2447,364,0,N\A
5,2008/01/01,7026,3154,2120,331,1895,198,402,2062,6875,596,12,0,N\A
5,2008/01/17,7126,3198,2120,298,1776,268,824,64,6549,3260,26,0,N\A
5,2008/02/02,6919,3168,2120,341,1873,244,428,1063,6355,557,35,0,N\A
5,2008/02/18,6959,2913,2116,311,1735,184,624,3708,5568,2407,54,0,N\A
5,2008/03/05,5489,2759,2116,581,1995,356,1119,68,4931,634,74,0,N\A
5,2008/03/21,6560,3031,2116,377,1815,296,979,2880,3986,2395,95,0,N\A
5,2008/04/06,5982,3262,2116,545,2168,400,1226,1125,3991,527,99,0,N\A
5,2008/04/22,5241,3072,2116,767,2457,441,1890,3002,3473,488,117,0,N\A
5,2008/05/08,7453,4205,2185,378,2591,227,836,2983,3040,459,133,1,N\A
5,2008/05/24,7541,4492,2185,391,2790,238,887,2973,2759,420,149,1,N\A
5,2008/06/09,6975,4100,2116,483,2711,270,1195,18,2439,1507,170,0,N\A
5,2008/06/25,8129,4906,2116,291,2820,224,1184,28,2527,3215,186,0,N\A
5,2008/07/11,7583,4422,2116,382,2780,202,744,2071,2916,402,204,0,N\A
5,2008/07/27,7447,4082,2116,355,2427,249,1023,24,3092,688,218,0,N\A
5,2008/08/12,7389,4459,2120,427,2845,247,972,5034,4047,467,240,1,N\A
5,2008/08/28,7471,3788,2116,314,2170,241,866,1054,3698,2381,241,0,N\A
5,2008/09/13,7551,3526,2116,288,2064,160,624,2057,4467,2430,264,0,N\A
5,2008/09/29,7280,3890,2116,366,2326,257,794,2053,5312,622,284,0,N\A
5,2008/10/15,7417,3627,2116,313,2111,213,851,1062,5530,624,291,0,N\A
5,2008/10/31,6732,3597,2120,463,2371,252,637,3011,6177,652,309,0,N\A
5,2008/11/16,7584,3089,2120,232,1689,172,466,32,6636,830,330,0,N\A
5,2008/12/02,7313,3201,2120,291,1875,167,342,1035,6740,2466,337,0,N\A
5,2008/12/18,6760,2951,2120,340,1759,237,571,45,6930,3283,362,0,N\A
5,2009/01/01,7663,3330,2189,238,1799,201,467,1062,6867,2451,3,1,N\A
5,2009/01/17,6198,2857,34965,403,1717,352,692,2053,6465,2415,26,1,N\A
5,2009/02/02,5858,2689,2120,481,1842,277,993,1062,6257,2413,35,0,N\A
5,2009/02/18,6619,2974,2116,373,1834,239,763,1062,5737,2399,51,0,N\A
5,2009/03/06,5649,2829,2116,553,1989,349,1368,2063,4819,2390,74,0,N\A
5,2009/03/22,6204,3011,2116,435,1857,355,1342,2957,4505,2402,81,0,N\A
5,2009/04/07,5974,3079,2116,503,1996,386,1334,1089,3868,2369,99,0,N\A
5,2009/04/23,5910,3319,2116,651,2533,302,1209,2034,3126,495,126,0,N\A
5,2009/05/09,6729,3910,2185,532,2721,256,1111,29,2701,1931,140,1,N\A
5,2009/05/25,7433,4405,2116,396,2690,273,1332,1044,2617,442,149,0,N\A
5,2009/06/10,7594,4839,2116,424,3101,242,745,1053,2390,2285,163,0,N\A
5,2009/06/26,7887,4542,2116,326,2760,176,806,1026,2415,2251,179,0,N\A
5,2009/07/12,7635,4845,2116,424,3163,210,839,1098,2744,405,197,0,N\A
5,2009/07/28,7830,4068,2116,292,2400,160,647,2910,2751,2323,209,0,N\A
5,2009/08/13,7265,3912,2116,389,2456,211,663,1044,3297,2335,227,0,N\A
5,2009/08/29,7099,3617,2116,381,2246,219,716,1053,3790,2378,243,0,N\A
5,2009/09/14,6244,3208,2116,532,2301,228,666,46,4700,3254,268,0,N\A
5,2009/09/30,7363,3389,2120,301,1982,185,606,4362,5309,2493,287,0,N\A
5,2009/10/16,6829,3164,2116,376,1996,194,705,55,5838,3407,300,0,N\A
5,2009/11/01,6861,3050,2120,347,1864,202,365,1053,6145,646,309,0,N\A
5,2009/11/17,4983,2575,2189,682,2037,397,841,1063,6480,2507,323,1,N\A
5,2009/12/03,6426,3023,2120,417,1917,269,744,2044,6840,2466,346,0,N\A
5,2009/12/19,6683,3187,2189,394,1982,252,728,2928,6864,2467,353,1,N\A
5,2010/01/01,5050,2396,2120,632,1922,301,904,1088,6883,606,8,0,N\A
5,2010/01/17,6582,2875,2120,357,1732,256,604,32,6413,752,31,0,N\A
5,2010/02/02,5507,2786,2120,626,2161,286,818,2089,6436,576,33,0,N\A
5,2010/02/18,6676,2871,2120,350,1756,215,783,5414,5105,2425,64,1,N\A
5,2010/03/06,5484,2887,2116,604,2071,399,1133,2071,5351,557,65,0,N\A
5,2010/03/22,4782,2612,2116,790,2238,416,1457,2071,4718,527,81,0,N\A
5,2010/04/07,5073,2773,2116,700,2142,446,1413,44,3495,774,111,0,N\A
5,2010/04/23,5556,2756,2116,593,2076,291,1193,2901,3214,2388,116,0,N\A
5,2010/05/09,6357,3403,2116,507,2277,309,1180,15,2659,819,143,0,N\A
5,2010/05/25,7149,4143,2116,432,2599,282,1077,2974,2703,411,154,0,N\A
5,2010/06/10,6827,3733,2116,488,2588,194,835,28,2456,3214,175,0,N\A
5,2010/06/26,7838,5017,2120,361,2979,280,1167,4459,2921,351,188,0,N\A
5,2010/07/12,6192,3419,2116,580,2467,287,1101,1079,2793,421,200,0,N\A
5,2010/07/28,6840,3363,2116,402,2143,215,846,2911,2817,2327,212,0,N\A
5,2010/08/13,6395,3591,2116,559,2543,278,885,1088,3537,503,232,0,N\A
5,2010/08/29,6230,3264,2116,521,2243,291,946,1070,4033,536,248,0,N\A
5,2010/09/14,7522,3572,2120,286,2023,211,932,4372,4205,2450,258,0,N\A
5,2010/09/30,6602,3083,2116,395,1930,247,891,5,5384,2502,287,0,N\A
5,2010/10/16,6176,2894,2116,458,1938,254,759,30,5930,18,303,0,N\A
5,2010/11/01,7021,2932,2120,304,1737,179,347,28,6396,3273,319,0,N\A
5,2010/11/17,7196,3015,2120,284,1742,181,407,2044,6667,2476,333,0,N\A
5,2010/12/03,7071,3180,2120,330,1924,183,524,1063,6886,621,344,0,N\A
5,2010/12/19,6713,2920,2120,365,1856,171,617,1088,6965,632,360,0,N\A
No data
No data
No data
No data
6,2000/02/18,3371,2068,2116,1280,2582,603,2019,3735,5698,591,58,0,N\A
6,2000/03/05,4061,2309,2116,976,2311,495,1777,38,5084,-86,70,0,N\A
No data
No data
No data
No data
No data
No data
6,2007/01/01,5289,3333,2120,906,2941,415,1320,3678,7014,601,13,0,N\A
6,2007/01/17,781,4565,18508,4463,5220,5047,428,2956,6438,2420,30,2,N\A
6,2007/02/02,2019,2711,51429,2656,4000,2339,634,5810,6267,2437,33,2,N\A
6,2007/02/18,5384,2944,34893,661,2203,410,1392,962,5948,580,50,1,N\A
6,2007/03/06,6220,3946,2116,709,3043,335,1285,97,5035,2646,73,0,N\A
6,2007/03/22,6409,3692,2116,577,2637,287,1070,1118,4084,2402,96,0,N\A
6,2007/04/07,8296,5306,2116,305,3276,148,743,2946,3505,2391,110,0,N\A
6,2007/04/23,8474,7213,2189,411,4979,215,1023,5886,3976,446,113,1,N\A
6,2007/05/09,8565,6608,2116,333,4311,168,681,1016,3059,504,130,0,N\A
6,2007/05/25,8730,6749,2120,295,4352,146,642,5777,2474,2468,145,1,N\A
6,2007/06/10,9074,9168,34837,345,7113,97,807,62,2507,2620,169,1,N\A
6,2007/06/26,8367,6334,34965,362,4073,213,804,4371,2385,2355,188,1,N\A
6,2007/07/12,6756,5162,2116,820,4237,348,1372,962,2752,423,194,0,N\A
6,2007/07/28,8679,7295,2116,346,4896,184,785,116,3140,2425,217,0,N\A
6,2007/08/13,8883,7581,2116,295,4988,171,761,925,3425,490,226,0,N\A
6,2007/08/29,7300,5221,2116,606,3883,244,1136,1161,4297,2401,256,0,N\A
6,2007/09/14,7051,4828,2116,625,3615,251,1026,919,4437,545,258,0,N\A
6,2007/09/30,8301,6018,2116,365,3932,174,865,1145,5470,2493,288,0,N\A
6,2007/10/16,7925,6252,2116,510,4408,251,987,2865,5715,632,292,0,N\A
6,2007/11/01,7469,5570,2120,577,3983,288,1153,1018,6124,634,306,0,N\A
6,2007/11/17,6968,4523,2124,578,3235,269,1050,4342,6700,2495,332,0,N\A
6,2007/12/03,6832,4843,34901,686,3646,331,1086,4907,6803,2493,339,1,N\A
6,2007/12/19,4193,3548,34965,1591,3889,966,1348,2937,6931,2456,1,1,N\A
6,2008/01/01,5079,3768,2124,1254,3843,559,1838,5453,7172,600,11,1,N\A
6,2008/01/17,5595,3747,2120,900,3187,444,1300,989,6771,617,21,0,N\A
6,2008/02/02,5087,3076,2120,839,2577,465,1714,62,6122,2747,44,0,N\A
6,2008/02/18,5112,3680,2116,1149,3553,549,1792,2899,5866,555,55,0,N\A
6,2008/03/05,589,1442,51425,6108,6873,5368,630,6446,5109,2455,66,2,N\A
6,2008/03/21,6849,5227,2116,771,4124,362,1455,3735,4329,511,96,0,N\A
6,2008/04/06,7259,4846,34965,541,3407,249,864,6434,3858,-1121,98,1,N\A
6,2008/04/22,8259,6203,2116,388,4070,208,848,76,3177,2908,124,0,N\A
6,2008/05/08,8281,6352,2185,402,4277,192,719,2928,2925,2386,129,1,N\A
6,2008/05/24,3895,4428,2062,1951,4441,1612,1457,2889,2792,438,151,3,N\A
6,2008/06/09,8591,7871,2116,355,4686,408,1063,87,2505,2728,172,0,N\A
6,2008/06/25,8167,6092,2116,395,3916,245,889,1089,2477,2261,179,0,N\A
6,2008/07/11,8000,5945,2116,445,4006,227,923,45,2853,2034,204,0,N\A
6,2008/07/27,8874,7069,2116,267,4479,158,770,2044,3064,2319,218,0,N\A
6,2008/08/12,8954,7254,2116,250,4532,170,773,2063,3516,2367,234,0,N\A
6,2008/08/28,8320,5925,2116,342,3731,198,915,1090,3841,2388,243,0,N\A
6,2008/09/13,8107,5100,2116,327,3129,181,809,2071,4626,2431,266,0,N\A
6,2008/09/29,7086,4633,2116,556,3261,267,1027,82,5338,2786,284,0,N\A
6,2008/10/15,6795,4620,2116,633,3318,345,1145,63,5898,3063,300,0,N\A
6,2008/10/31,6643,4922,2120,825,4091,327,1183,3716,6595,648,320,0,N\A
6,2008/11/16,23,66,18581,8154,8193,7008,431,6264,7072,630,333,2,N\A
6,2008/12/02,1673,1850,3102,3185,4465,2171,1218,2900,7005,643,343,3,N\A
6,2008/12/18,4357,3699,35878,1245,3168,1019,1125,3677,7114,618,2,3,N\A
6,2009/01/01,4105,3174,34845,1413,3381,848,1457,6457,6833,-1127,4,1,N\A
6,2009/01/17,89,216,51425,6622,6742,5681,91,1970,6527,581,32,2,N\A
6,2009/02/02,612,1050,51229,5044,5702,4041,436,2946,6281,2417,35,2,N\A
6,2009/02/18,4208,3114,34837,1387,3403,739,1539,87,5443,2762,62,1,N\A
6,2009/03/06,4711,3103,2116,999,2779,591,1956,102,4809,2691,78,0,N\A
6,2009/03/22,4871,3343,2116,1065,3088,580,1966,3659,4834,523,82,0,N\A
6,2009/04/07,6170,4513,2185,884,3733,434,1453,3659,4215,507,98,1,N\A
6,2009/04/23,8270,7262,2189,497,5251,249,942,6251,3637,410,127,1,N\A
6,2009/05/09,8415,7002,2116,415,4823,210,754,1960,2810,470,144,0,N\A
6,2009/05/25,8326,6718,2116,420,4599,209,788,970,2657,467,151,0,N\A
6,2009/06/10,7919,5726,2116,463,3987,184,785,2938,2369,2343,163,0,N\A
6,2009/06/26,8332,7180,2116,457,5023,249,957,2025,2795,405,192,0,N\A
6,2009/07/12,8795,6452,2116,253,3949,153,645,1053,2688,2268,197,0,N\A
6,2009/07/28,8459,7212,2116,419,5021,211,867,1997,3440,479,224,0,N\A
6,2009/08/13,8371,6803,2116,413,4658,205,865,1006,3580,512,231,0,N\A
6,2009/08/29,8186,6387,2116,436,4372,211,925,2899,4237,541,249,0,N\A
6,2009/09/14,8424,6064,2116,325,3800,190,814,1980,4991,595,272,0,N\A
6,2009/09/30,8551,6606,2116,302,3869,291,1068,1090,5087,2475,277,0,N\A
6,2009/10/16,7874,5144,2120,400,3363,182,1012,4342,5474,2498,289,0,N\A
6,2009/11/01,6515,4531,34901,712,3375,394,1131,4361,6516,644,315,1,N\A
6,2009/11/17,6179,4525,2120,916,3879,401,1425,3678,6664,652,322,0,N\A
6,2009/12/03,5792,4051,2120,958,3596,409,1452,2890,7037,642,345,0,N\A
6,2009/12/19,3521,3828,2070,2621,5470,1679,886,6268,7338,601,2,3,N\A
6,2010/01/01,3521,3828,2070,2621,5470,1679,886,6268,7338,601,2,3,N\A
6,2010/01/17,643,1500,51357,4255,4840,4083,380,5380,6636,2448,18,2,N\A
6,2010/02/02,-206,-241,51225,4468,4287,5341,190,2053,5938,2392,47,2,N\A
6,2010/02/18,5180,3110,34841,876,2759,384,1366,6149,5171,2440,64,1,N\A
6,2010/03/06,4862,2664,34893,737,2132,462,1642,51,5341,2272,65,1,N\A
6,2010/03/22,5456,4079,2189,1180,4014,497,1625,5463,4489,482,96,1,N\A
6,2010/04/07,6301,3812,2189,649,2861,300,1207,4342,3808,2420,100,1,N\A
6,2010/04/23,8499,6388,2116,331,4080,186,781,2900,3232,2392,118,0,N\A
6,2010/05/09,7883,5540,2116,447,3777,191,705,2053,2639,2342,143,0,N\A
6,2010/05/25,8515,5433,2116,256,3193,162,701,997,2635,469,154,0,N\A
6,2010/06/10,7799,5879,2116,520,4207,220,984,2063,2413,2300,175,0,N\A
6,2010/06/26,8101,6889,2116,497,4740,310,1216,2899,2815,398,188,0,N\A
6,2010/07/12,8245,6017,2116,383,3982,177,832,1081,2738,2303,200,0,N\A
6,2010/07/28,8253,6904,2116,472,4933,215,994,2927,3400,445,220,0,N\A
6,2010/08/13,8539,6176,2116,305,3873,168,810,3688,3568,2391,237,0,N\A
6,2010/08/29,8727,6933,2116,304,4475,168,805,2928,3900,2409,246,0,N\A
6,2010/09/14,8578,6194,2116,301,3933,144,750,2941,4477,2438,262,0,N\A
6,2010/09/30,8029,5500,2116,393,3596,186,839,980,5313,610,282,0,N\A
6,2010/10/16,7737,5497,2116,464,3638,265,996,2053,5980,2491,303,0,N\A
6,2010/11/01,8118,5242,34965,375,3611,57,900,3697,6375,2498,317,1,N\A
6,2010/11/17,-19,-53,18508,8603,8570,7301,444,2890,6846,650,332,2,N\A
6,2010/12/03,6315,4952,2124,972,4304,442,1393,5897,7223,629,345,1,N\A
6,2010/12/19,44,67,18508,7466,7533,7033,303,42,7011,2328,353,2,N\A
No data
No data
No data
No data
7,2000/02/18,6335,3811,2185,636,2835,297,1001,3368,5253,2439,56,1,N\A
7,2000/03/05,6267,3653,4233,706,3077,145,1098,619,4593,553,76,1,N\A
No data
No data
No data
No data
No data
No data
7,2007/01/01,5864,3892,4172,859,3295,374,1350,4244,6878,602,3,0,N\A
7,2007/01/17,6375,4984,4172,857,3872,519,1321,4856,6557,563,28,1,N\A
7,2007/02/02,6561,4194,2116,620,2986,347,1054,519,5772,559,47,0,N\A
7,2007/02/18,7082,4652,4164,549,3215,291,887,519,5192,566,63,0,N\A
7,2007/03/06,7192,5128,2116,572,3503,353,1062,1596,4890,546,72,0,N\A
7,2007/03/22,7443,5750,2185,623,4250,296,1067,3470,4292,496,90,1,N\A
7,2007/04/07,7087,4764,4164,558,3274,316,1220,549,3356,446,111,0,N\A
7,2007/04/23,6460,4185,4164,653,3037,362,1302,547,3079,2319,118,0,N\A
7,2007/05/09,5751,3669,4164,785,2910,419,1499,3526,2832,409,138,0,N\A
7,2007/05/25,4737,2602,4164,822,2302,402,1882,583,2357,378,159,0,N\A
7,2007/06/10,5029,3058,2185,881,2664,450,1761,2640,2496,371,161,1,N\A
7,2007/06/26,4807,2352,4168,688,1962,340,1533,4177,2059,2302,178,0,N\A
7,2007/07/12,3845,1957,4164,882,1984,427,1584,2614,2352,2265,196,0,N\A
7,2007/07/28,4071,1968,4168,776,1842,395,1631,4197,2517,2322,210,0,N\A
7,2007/08/13,3519,1847,4164,988,2061,463,1875,2641,3065,2320,228,0,N\A
7,2007/08/29,3459,1848,2116,1006,2070,495,2003,481,4053,563,255,0,N\A
7,2007/09/14,3409,1863,4164,1037,2110,525,2124,474,4615,583,271,0,N\A
7,2007/09/30,3448,1812,4164,970,1991,497,1988,500,5189,627,287,0,N\A
7,2007/10/16,3517,1982,2116,1089,2271,520,2073,2575,5324,623,289,0,N\A
7,2007/11/01,5348,2774,4164,638,2105,362,1238,2558,5828,2479,308,0,N\A
7,2007/11/17,5666,3626,4237,780,2820,458,1288,2649,6308,652,321,1,N\A
7,2007/12/03,6665,4803,4168,713,3563,401,1175,3498,6788,634,346,0,N\A
7,2007/12/19,6995,4090,4237,501,2834,211,800,1615,6684,2435,365,1,N\A
7,2008/01/01,7277,4727,2265,489,3103,295,817,6138,6566,2473,1,1,N\A
7,2008/01/17,7538,5241,2124,462,3292,342,811,4787,6155,2427,28,1,N\A
7,2008/02/02,7631,5158,4164,440,3275,290,827,2586,5926,2409,39,0,N\A
7,2008/02/18,7901,5466,4233,431,3677,189,876,1580,5082,2394,64,1,N\A
7,2008/03/05,7734,5348,4164,463,3624,217,796,483,4770,2357,73,0,N\A
7,2008/03/21,8067,5894,4164,427,3992,191,633,457,4134,2347,89,0,N\A
7,2008/04/06,7780,5848,4164,514,4117,240,697,1674,3557,496,107,0,N\A
7,2008/04/22,7411,5599,4164,597,4016,311,765,3507,3126,440,125,0,N\A
7,2008/05/08,6618,4286,4164,625,3072,340,867,1633,2670,437,139,0,N\A
7,2008/05/24,5603,3280,4233,732,2598,369,1040,2621,2600,406,148,1,N\A
7,2008/06/09,6059,3469,4164,598,2437,370,846,2595,2137,2267,167,0,N\A
7,2008/06/25,5817,3189,4233,637,2409,312,1266,549,2354,323,178,1,N\A
7,2008/07/11,5784,2806,4168,571,2138,214,1075,4168,2261,2313,197,0,N\A
7,2008/07/27,4930,2417,4168,691,2035,304,1078,4158,2579,2330,213,0,N\A
7,2008/08/12,5013,2363,4168,653,1966,266,1148,4168,3008,2363,229,0,N\A
7,2008/08/28,4143,2244,2116,952,2299,401,1713,556,3621,484,242,0,N\A
7,2008/09/13,3982,2068,4164,881,2047,432,1624,2612,4307,549,260,0,N\A
7,2008/09/29,5784,3381,2116,696,2606,355,1212,1615,5069,606,283,0,N\A
7,2008/10/15,6885,3905,4237,443,2402,336,884,5308,5208,2506,291,1,N\A
7,2008/10/31,-3000,-3000,51199,-1000,-1000,-1000,-1000,-10000,-10000,-4000,-1,-1,N\A
7,2008/11/16,7768,4775,4237,401,3193,131,766,3424,6445,2483,334,1,N\A
7,2008/12/02,6937,4451,4168,525,2904,359,863,2577,6589,2470,343,0,N\A
7,2008/12/18,6885,4647,4309,618,3350,315,1016,3488,6846,614,365,1,N\A
7,2009/01/01,7093,4467,2120,505,2970,294,839,546,6708,625,4,0,N\A
7,2009/01/17,7046,4626,4168,532,3071,339,766,1625,6457,2412,18,0,N\A
7,2009/02/02,7390,4922,4164,484,3226,294,821,565,5842,2363,43,0,N\A
7,2009/02/18,6829,5243,4168,783,4157,369,1165,4234,5634,530,56,0,N\A
7,2009/03/06,6963,4788,4164,609,3402,330,1039,1605,4666,537,77,0,N\A
7,2009/03/22,7231,4527,4164,498,3099,230,803,1643,4329,2361,82,0,N\A
7,2009/04/07,8428,5589,4233,287,3365,176,605,2623,3405,2373,105,1,N\A
7,2009/04/23,7434,5239,4164,551,3744,242,803,3460,3046,438,127,0,N\A
7,2009/05/09,7493,4144,4233,427,2980,19,954,583,2528,2301,139,1,N\A
7,2009/05/25,5165,3261,4164,928,2911,437,1355,2603,2562,392,150,0,N\A
7,2009/06/10,5420,3126,4164,743,2502,386,1338,538,2259,2217,171,0,N\A
7,2009/06/26,5145,2926,4164,749,2337,435,1386,504,2366,2261,187,0,N\A
7,2009/07/12,5229,2390,2116,582,1858,267,902,3415,2530,2306,208,0,N\A
7,2009/07/28,4595,2334,4164,762,2058,367,1417,1589,2678,2271,210,0,N\A
7,2009/08/13,4400,2089,2116,752,1934,307,1831,573,3236,451,228,0,N\A
7,2009/08/29,4259,1842,4233,690,1714,261,1759,549,3893,2413,251,1,N\A
7,2009/09/14,3945,1836,4164,699,1610,454,1513,547,4456,2389,267,0,N\A
7,2009/09/30,6129,3044,4164,485,2021,309,1067,3433,5153,2482,288,0,N\A
7,2009/10/16,6300,3157,4164,495,2181,240,1101,550,5593,2519,299,0,N\A
7,2009/11/01,6819,4117,4237,409,2163,529,522,6127,5780,-1079,307,1,N\A
7,2009/11/17,6689,3755,2120,492,2480,293,824,556,6458,2459,331,0,N\A
7,2009/12/03,7184,4192,4241,442,2698,253,917,4172,6568,2480,343,1,N\A
7,2009/12/19,6786,3764,4237,474,2476,270,764,1611,6694,2459,354,1,N\A
7,2010/01/01,6635,3884,4168,548,2710,278,985,1669,6605,599,16,0,N\A
7,2010/01/17,6365,3701,4168,574,2585,326,1034,1660,6262,581,32,0,N\A
7,2010/02/02,6123,3904,2189,728,3028,356,1165,3507,6300,568,34,1,N\A
7,2010/02/18,6644,4528,4168,673,3338,355,1208,4876,5850,535,52,1,N\A
7,2010/03/06,7126,3711,4233,405,2414,175,751,2586,4547,2383,76,1,N\A
7,2010/03/22,7491,4690,4164,447,3117,209,756,563,4236,527,87,0,N\A
7,2010/04/07,8023,5019,4168,328,2991,226,622,4777,3625,2411,97,1,N\A
7,2010/04/23,7689,5281,4164,466,3568,224,792,1661,2905,444,128,0,N\A
7,2010/05/09,7418,4658,4164,457,3083,231,699,542,2485,2341,142,0,N\A
7,2010/05/25,6868,4007,4164,514,2769,238,812,2586,2193,2296,156,0,N\A
7,2010/06/10,5795,3274,2116,659,2476,341,1233,547,2272,2193,174,0,N\A
7,2010/06/26,5627,3526,4164,780,2788,431,1372,2621,2572,349,185,0,N\A
7,2010/07/12,5472,2759,4164,591,2020,349,1214,1607,2434,2252,197,0,N\A
7,2010/07/28,5098,2485,4164,660,2033,291,1387,1589,2744,2276,213,0,N\A
7,2010/08/13,5101,2448,4164,629,1939,312,1360,1579,3154,2307,229,0,N\A
7,2010/08/29,5991,2652,4164,472,1883,189,1107,3434,3506,2391,243,0,N\A
7,2010/09/14,5589,2748,4164,576,2036,295,1251,3443,4069,2428,259,0,N\A
7,2010/09/30,5492,2807,4237,515,1770,491,664,5308,4819,2491,280,1,N\A
7,2010/10/16,5835,2824,4164,522,1985,289,1020,539,5685,2502,302,0,N\A
7,2010/11/01,6498,3271,2116,462,2177,246,802,1612,5883,2485,309,0,N\A
7,2010/11/17,6095,3090,2120,516,2127,292,919,554,6397,663,327,0,N\A
7,2010/12/03,6431,3602,4168,538,2477,300,909,1641,6770,640,352,0,N\A
7,2010/12/19,6157,3087,4168,528,2220,225,777,1669,6760,626,3,0,N\A
No data
No data
No data
No data
8,2000/02/18,6615,3337,2185,437,2145,263,1064,1115,5489,601,56,1,N\A
8,2000/03/05,6571,3323,2116,456,2204,239,1082,1097,4870,598,72,0,N\A
No data
No data
No data
No data
No data
No data
8,2007/01/01,7389,2966,2120,259,1725,123,532,1125,6725,2430,9,0,N\A
8,2007/01/17,7056,3288,2120,356,2063,163,776,1007,6468,578,27,0,N\A
8,2007/02/02,7552,3021,2116,231,1657,166,617,3821,5749,2409,46,0,N\A
8,2007/02/18,7072,3229,2185,340,1983,174,774,102,5745,2698,50,1,N\A
8,2007/03/06,6873,3320,2116,393,2121,196,870,1162,4831,2386,73,0,N\A
8,2007/03/22,6775,3294,2185,405,2107,216,940,88,4513,2238,82,1,N\A
8,2007/04/07,7016,3339,2185,363,2070,196,896,1135,3586,2347,105,1,N\A
8,2007/04/23,6375,3308,2116,502,2268,258,1120,53,3321,2136,114,0,N\A
8,2007/05/09,6616,3690,2116,519,2549,255,1081,29,2859,1936,130,0,N\A
8,2007/05/25,6861,4641,2185,629,3379,312,1211,2097,2638,432,148,1,N\A
8,2007/06/10,7201,4428,2116,487,2994,235,1051,56,2385,2788,162,0,N\A
8,2007/06/26,6915,4431,2116,579,3175,267,1146,1006,2539,399,187,0,N\A
8,2007/07/12,6921,4669,2116,601,3304,325,1264,2024,2724,385,196,0,N\A
8,2007/07/28,6864,4139,2116,510,2743,309,1190,104,2838,2202,210,0,N\A
8,2007/08/13,7514,3711,2120,314,2213,174,675,4500,3102,2383,229,0,N\A
8,2007/08/29,6789,3996,2116,521,2725,275,1001,954,4035,525,251,0,N\A
8,2007/09/14,6712,3802,2116,515,2618,251,904,136,4234,2539,258,0,N\A
8,2007/09/30,7352,4174,2185,409,2681,204,776,2928,5304,608,285,1,N\A
8,2007/10/16,7455,3825,2116,336,2305,194,815,2025,5513,641,292,0,N\A
8,2007/11/01,7343,3407,2116,316,2063,152,625,36,5923,2963,306,0,N\A
8,2007/11/17,7563,3459,2120,286,2062,126,589,47,6372,3201,322,0,N\A
8,2007/12/03,7333,3291,2120,308,2002,131,529,37,6688,2172,338,0,N\A
8,2007/12/19,7763,3626,2120,268,2129,121,528,68,6837,2869,354,0,N\A
8,2008/01/01,8002,3346,2120,203,1830,119,472,3802,6731,2451,1,0,N\A
8,2008/01/17,7436,3472,2120,305,2075,155,631,1127,6379,2430,28,0,N\A
8,2008/02/02,7238,3457,2116,335,2091,187,767,1034,5931,572,46,0,N\A
8,2008/02/18,7275,3224,2116,303,1921,159,642,45,5649,2612,53,0,N\A
8,2008/03/05,7339,3778,2116,354,2307,201,947,1107,4732,531,78,0,N\A
8,2008/03/21,7093,3361,2116,345,2029,210,924,1044,4088,2364,92,0,N\A
8,2008/04/06,7067,4337,2120,484,2817,303,1144,4518,4176,484,98,1,N\A
8,2008/04/22,6684,3651,2116,493,2481,244,1029,51,3232,2959,117,0,N\A
8,2008/05/08,6883,4236,2120,538,2915,282,1003,5068,3070,391,139,1,N\A
8,2008/05/24,6884,3921,2116,483,2618,254,941,1136,2362,2306,156,0,N\A
8,2008/06/09,6955,4555,2116,571,3180,305,1218,1024,2443,404,174,0,N\A
8,2008/06/25,7282,4452,2116,453,2881,262,1031,51,2412,2124,181,0,N\A
8,2008/07/11,6919,4213,2116,519,2851,284,1041,68,2595,2650,197,0,N\A
8,2008/07/27,6909,4156,2116,508,2779,289,1086,71,2898,2887,213,0,N\A
8,2008/08/12,7001,3902,2116,442,2506,258,963,1125,3456,2331,236,0,N\A
8,2008/08/28,6865,3978,2116,491,2642,276,1046,66,3784,2596,245,0,N\A
8,2008/09/13,7424,3493,2116,311,2104,152,650,3030,4425,2441,266,0,N\A
8,2008/09/29,7079,3778,2116,409,2392,230,815,69,4908,2507,277,0,N\A
8,2008/10/15,7274,3362,2116,325,2060,148,655,1099,5698,2494,300,0,N\A
8,2008/10/31,7401,4052,2120,380,2545,196,693,3002,6392,645,320,0,N\A
8,2008/11/16,7690,4299,2124,348,2666,170,730,4499,6509,641,322,0,N\A
8,2008/12/02,7708,4644,2124,381,2944,191,749,5069,6986,630,347,1,N\A
8,2008/12/18,7849,3795,2120,260,2158,162,513,2052,6901,630,359,0,N\A
8,2009/01/01,8168,3416,2120,185,1835,116,537,3031,6622,2443,12,0,N\A
8,2009/01/17,7619,3481,2120,267,1976,174,624,1144,6304,2424,30,0,N\A
8,2009/02/02,7439,4541,2124,435,2963,221,878,5058,6179,544,45,1,N\A
8,2009/02/18,7318,3320,2116,304,1963,173,752,1135,5240,2393,62,0,N\A
8,2009/03/06,6906,3517,2116,409,2235,228,933,999,4612,521,80,0,N\A
8,2009/03/22,7099,3452,2116,361,2128,200,798,1162,3972,2365,94,0,N\A
8,2009/04/07,6756,3852,34893,510,2635,254,1059,979,3412,513,112,1,N\A
8,2009/04/23,6845,3561,2116,439,2344,214,933,1162,2893,2332,126,0,N\A
8,2009/05/09,6678,4388,2116,623,3128,346,1235,998,2612,439,144,0,N\A
8,2009/05/25,6938,3792,2116,458,2534,213,837,2145,2377,2313,149,0,N\A
8,2009/06/10,7171,4111,2116,433,2629,250,959,1108,2314,2241,174,0,N\A
8,2009/06/26,6809,4498,2116,595,3135,345,1245,1079,2604,404,192,0,N\A
8,2009/07/12,6913,4131,2116,509,2789,273,1052,22,2641,1723,199,0,N\A
8,2009/07/28,6642,4044,2116,568,2815,311,1209,1043,3242,452,224,0,N\A
8,2009/08/13,7111,3781,2116,397,2352,241,865,2118,3226,2345,229,0,N\A
8,2009/08/29,6908,3576,2116,416,2275,237,833,1126,4076,2406,254,0,N\A
8,2009/09/14,7114,3960,2116,429,2545,235,857,1024,4789,605,272,0,N\A
8,2009/09/30,7019,3838,2116,446,2547,205,780,1043,5361,621,288,0,N\A
8,2009/10/16,7213,4098,2116,428,2644,226,858,2988,5495,626,290,0,N\A
8,2009/11/01,7367,4127,2120,391,2579,223,817,3783,6313,645,315,0,N\A
8,2009/11/17,7904,3679,2120,248,2119,119,442,3031,6542,2492,332,0,N\A
8,2009/12/03,7086,3355,2120,353,2070,186,583,80,6758,2885,343,0,N\A
8,2009/12/19,7671,3669,2120,283,2148,152,500,2061,6903,623,361,0,N\A
8,2010/01/01,8330,3248,2189,160,1757,57,487,3783,6684,2447,6,1,N\A
8,2010/01/17,7482,3463,2120,299,2076,139,621,23,6449,2929,26,0,N\A
8,2010/02/02,7525,3340,2120,277,1962,135,643,1098,6236,2411,33,0,N\A
8,2010/02/18,7593,3072,2116,238,1740,126,540,1117,5733,2405,49,0,N\A
8,2010/03/06,6855,3230,2116,374,2005,217,847,62,4823,2717,74,0,N\A
8,2010/03/22,6554,3502,2116,486,2335,274,1012,2061,4205,520,92,0,N\A
8,2010/04/07,6656,3361,2116,434,2162,255,1067,1043,3889,535,99,0,N\A
8,2010/04/23,6830,3551,2116,432,2294,237,1023,1070,3332,521,115,0,N\A
8,2010/05/09,6887,3810,2116,458,2485,258,1133,1052,2882,465,131,0,N\A
8,2010/05/25,6708,3946,2116,540,2741,272,1030,68,2436,2677,154,0,N\A
8,2010/06/10,7004,4464,2116,543,3082,283,1206,2053,2514,368,172,0,N\A
8,2010/06/26,6390,3616,2116,571,2593,272,1063,50,2464,2226,186,0,N\A
8,2010/07/12,6926,3521,2116,410,2258,213,863,2112,2538,2273,200,0,N\A
8,2010/07/28,7026,3763,2116,415,2376,245,974,1099,2769,2254,209,0,N\A
8,2010/08/13,6696,3615,2116,483,2441,240,958,36,3464,2813,234,0,N\A
8,2010/08/29,7293,3337,2116,314,2006,162,640,3021,4043,2417,255,0,N\A
8,2010/09/14,7337,3369,2116,309,2012,164,598,3031,4633,2446,271,0,N\A
8,2010/09/30,7837,3273,2116,220,1815,127,518,3803,4880,2470,278,0,N\A
8,2010/10/16,8224,3314,2120,169,1735,125,586,4460,5696,2495,301,0,N\A
8,2010/11/01,8394,3227,2124,150,1718,63,461,4461,6180,2504,317,0,N\A
8,2010/11/17,8030,3078,2120,182,1666,94,494,2126,6475,2481,328,0,N\A
8,2010/12/03,7800,3543,2120,250,2023,135,599,2062,6862,627,348,0,N\A
8,2010/12/19,7767,2985,2120,211,1679,87,463,2108,6795,2443,360,0,N\A
No data
No data
No data
No data
9,2000/02/18,5634,2874,2116,621,2224,268,1047,1907,5883,611,58,0,N\A
9,2000/03/05,5560,2491,2116,513,1798,264,834,944,5582,625,65,0,N\A
No data
No data
No data
No data
No data
No data
9,2007/01/01,6479,3114,2189,451,2111,199,556,3471,7241,601,15,1,N\A
9,2007/01/17,5142,2676,34845,655,2042,402,1559,4197,6681,2424,30,1,N\A
9,2007/02/02,6024,2311,2120,383,1544,171,605,1099,6657,2435,34,0,N\A
9,2007/02/18,6195,3468,2193,598,2546,279,1174,4727,6448,559,49,1,N\A
9,2007/03/06,5548,2990,2116,669,2337,321,1206,2677,5528,562,70,0,N\A
9,2007/03/22,5533,2597,2116,565,1965,251,1102,2835,4296,2411,96,0,N\A
9,2007/04/07,7500,4811,2116,452,3164,238,850,1824,3980,553,109,0,N\A
9,2007/04/23,9124,7221,2116,207,4522,110,532,1981,3448,2408,121,0,N\A
9,2007/05/09,8979,7247,2116,251,4668,125,672,1879,3104,517,141,0,N\A
9,2007/05/25,9174,7912,2116,222,5155,120,699,2733,3014,470,150,0,N\A
9,2007/06/10,9156,7700,2261,214,4861,141,700,4751,3103,418,161,1,N\A
9,2007/06/26,9208,7558,34837,198,4807,100,697,138,2828,2564,187,1,N\A
9,2007/07/12,9089,7206,2116,215,4510,120,659,855,2996,434,196,0,N\A
9,2007/07/28,9260,6698,2116,161,4195,14,597,844,3304,497,212,0,N\A
9,2007/08/13,9040,6601,2116,201,3990,113,621,1770,4030,530,237,0,N\A
9,2007/08/29,9014,5603,2116,165,3184,94,435,2882,4526,2444,256,0,N\A
9,2007/09/14,8810,6781,2189,267,4224,165,732,4697,4865,554,257,1,N\A
9,2007/09/30,8204,4929,2116,296,3001,141,493,2863,5730,2484,288,0,N\A
9,2007/10/16,7789,5174,2189,432,3477,181,715,4717,5979,626,289,1,N\A
9,2007/11/01,5648,2801,2120,596,2143,255,718,917,6468,662,308,0,N\A
9,2007/11/17,6406,2813,2124,417,1904,159,798,5194,6997,-1103,332,1,N\A
9,2007/12/03,6433,3071,34965,446,2055,218,735,1835,7314,635,349,1,N\A
9,2007/12/19,6076,3143,2120,556,2278,256,943,3480,7384,623,2,0,N\A
9,2008/01/01,6076,3143,2120,556,2278,256,943,3480,7384,623,2,0,N\A
9,2008/01/17,5806,2460,34965,446,1681,241,794,1990,6799,2434,28,1,N\A
9,2008/02/02,5950,2361,2120,406,1599,187,634,890,6577,600,39,0,N\A
9,2008/02/18,5527,2708,2120,587,2038,289,1074,898,6037,588,55,0,N\A
9,2008/03/05,5752,3138,2116,646,2396,311,988,3508,5741,554,66,0,N\A
9,2008/03/21,5435,2695,34893,605,2046,308,1160,1926,4487,2404,92,1,N\A
9,2008/04/06,5945,3742,2189,758,2981,357,1235,5266,4246,499,109,1,N\A
9,2008/04/22,8507,6542,2116,344,4266,179,638,77,3373,2297,126,0,N\A
9,2008/05/08,9019,8286,2116,291,5642,166,761,890,3184,519,135,0,N\A
9,2008/05/24,7175,7980,34837,794,4829,927,674,3556,2688,2398,154,1,N\A
9,2008/06/09,8887,7571,2116,296,5026,158,752,1825,2847,449,176,0,N\A
9,2008/06/25,9083,7640,2116,238,4953,127,650,890,2837,458,183,0,N\A
9,2008/07/11,9104,7026,2116,204,4352,109,600,88,3121,2423,206,0,N\A
9,2008/07/27,9025,6626,2116,206,4021,115,551,1055,3233,2362,213,0,N\A
9,2008/08/12,9212,7712,2185,203,4950,104,710,3481,3803,480,226,1,N\A
9,2008/08/28,9120,5986,2116,160,3479,77,428,2817,4053,2408,243,0,N\A
9,2008/09/13,8525,6137,2116,311,3907,150,550,1824,5228,618,272,0,N\A
9,2008/09/29,4128,2787,34841,916,2204,820,894,5214,5669,-1091,287,1,N\A
9,2008/10/15,7476,4409,2116,418,2895,181,573,1072,5926,2504,293,0,N\A
9,2008/10/31,5837,3076,2120,624,2374,253,740,1026,6456,2499,309,0,N\A
9,2008/11/16,6943,2926,2189,318,1763,177,502,1972,7017,2502,332,1,N\A
9,2008/12/02,8650,3628,2261,136,1880,-1000,627,899,7231,648,343,1,N\A
9,2008/12/18,6163,3014,2120,502,2115,233,746,2696,7372,634,361,0,N\A
9,2009/01/01,6371,2713,2189,381,1719,224,592,1825,7313,623,2,1,N\A
9,2009/01/17,5595,2294,2261,449,1590,247,564,3565,6735,2423,28,1,N\A
9,2009/02/02,2498,4687,18453,2156,3592,2516,391,2697,6496,571,43,2,N\A
9,2009/02/18,5553,2948,2116,645,2256,329,1132,2696,5930,575,59,0,N\A
9,2009/03/06,5078,2460,2116,644,1973,311,1236,125,4990,2508,80,0,N\A
9,2009/03/22,5219,2772,34961,719,2289,326,1340,132,4358,2459,96,1,N\A
9,2009/04/07,7135,4331,2120,492,2943,233,833,4128,4099,518,109,0,N\A
9,2009/04/23,8071,6131,2116,445,4171,220,793,3451,3817,519,116,0,N\A
9,2009/05/09,8743,7000,2116,306,4564,159,614,122,2945,2385,144,0,N\A
9,2009/05/25,9242,7008,2116,168,4267,87,436,2836,2766,2393,149,0,N\A
9,2009/06/10,9013,7753,2120,256,4933,185,791,5679,3224,389,168,1,N\A
9,2009/06/26,9076,7386,2185,224,4629,142,578,1044,2747,2319,183,1,N\A
9,2009/07/12,9250,6594,34893,151,3876,88,445,2790,2849,2352,197,1,N\A
9,2009/07/28,8921,6779,2116,242,4247,124,614,1861,3322,485,210,0,N\A
9,2009/08/13,9032,6258,2116,189,3717,101,490,1063,3744,2392,231,0,N\A
9,2009/08/29,8739,6087,2116,250,3716,131,553,1842,4206,558,242,0,N\A
9,2009/09/14,8687,5710,2116,239,3404,131,428,1989,5089,2457,270,0,N\A
9,2009/09/30,8012,5487,2116,388,3517,212,616,3480,5467,613,276,0,N\A
9,2009/10/16,8101,4581,2116,292,2784,125,529,2817,5929,2496,293,0,N\A
9,2009/11/01,6565,2436,34841,267,1288,322,777,2827,6458,2502,309,1,N\A
9,2009/11/17,5167,2119,2120,505,1585,250,604,105,7128,2571,336,0,N\A
9,2009/12/03,6478,2270,2120,300,1404,140,501,1071,7203,2494,343,0,N\A
9,2009/12/19,6052,3843,2069,695,2826,418,1111,5690,7553,623,360,1,N\A
9,2010/01/01,4108,5812,18508,991,2373,1650,460,2734,7217,605,14,2,N\A
9,2010/01/17,3545,4394,34846,1726,3622,1759,1146,5696,7174,582,27,3,N\A
9,2010/02/02,2703,3917,18508,1638,2852,1991,523,3546,6165,2410,47,2,N\A
9,2010/02/18,5157,2185,2116,524,1640,269,799,1062,5841,2382,58,0,N\A
9,2010/03/06,5187,2637,2116,674,2127,320,1283,892,5200,532,76,0,N\A
9,2010/03/22,5600,3148,2120,720,2553,309,1394,4167,4587,525,96,0,N\A
9,2010/04/07,5863,3016,2116,586,2247,266,1047,3537,3717,2427,111,0,N\A
9,2010/04/23,7884,4707,2120,345,2917,177,702,4168,3470,2437,118,0,N\A
9,2010/05/09,8813,7341,2116,308,4882,154,713,2715,3129,486,142,0,N\A
9,2010/05/25,9092,7440,2116,226,4752,120,694,891,2842,473,156,0,N\A
9,2010/06/10,9188,6488,2116,161,3809,96,457,3556,2595,2374,175,0,N\A
9,2010/06/26,9050,6923,2116,216,4335,101,631,115,2764,2630,179,0,N\A
9,2010/07/12,8884,6917,2116,259,4385,137,689,1843,3072,448,197,0,N\A
9,2010/07/28,8968,7336,2120,251,4614,167,758,6068,3815,407,212,1,N\A
9,2010/08/13,8909,5766,2116,197,3417,85,384,1044,3832,2377,234,0,N\A
9,2010/08/29,8809,6291,2116,246,3888,119,580,2705,4643,568,254,0,N\A
9,2010/09/14,8925,5330,2116,171,3012,95,418,2826,4837,2446,264,0,N\A
9,2010/09/30,8190,4996,2116,307,3087,136,510,872,5662,639,284,0,N\A
9,2010/10/16,7417,4974,2124,494,3332,271,855,5679,6401,632,299,1,N\A
9,2010/11/01,5966,2726,2120,484,1916,225,820,2706,6804,667,318,0,N\A
9,2010/11/17,2475,4669,18508,2192,3634,2542,612,2705,7157,657,334,2,N\A
9,2010/12/03,6323,3892,2193,654,2904,317,1138,5679,7493,636,347,1,N\A
9,2010/12/19,1811,1958,51229,3120,4500,3657,2222,3527,7195,2452,2,2,N\A
No data
No data
No data
No data
10,2000/02/18,3102,3259,34845,1783,3387,1571,990,6352,6390,577,57,1,N\A
10,2000/03/05,6831,3820,2065,489,2598,231,1028,6339,5775,565,73,1,N\A
No data
No data
No data
No data
No data
No data
10,2007/01/01,7906,2959,34969,180,1540,151,506,4129,7421,604,15,1,N\A
10,2007/01/17,5722,2767,2070,506,1860,355,913,4013,7057,2436,21,3,N\A
10,2007/02/02,7650,2043,2120,141,1059,90,331,3386,6364,2415,46,0,N\A
10,2007/02/18,7345,3499,34969,323,2111,170,608,4109,6024,560,63,1,N\A
10,2007/03/06,7270,2357,2116,198,1253,167,589,944,5412,2393,73,0,N\A
10,2007/03/22,7317,2181,2120,178,1149,145,611,4023,4845,2431,85,0,N\A
10,2007/04/07,6522,2229,2116,282,1340,156,703,23,4451,1115,98,0,N\A
10,2007/04/23,8115,3363,2116,188,1807,120,472,908,3625,2394,121,0,N\A
10,2007/05/09,8868,5721,2185,189,3151,179,569,2761,3283,509,141,1,N\A
10,2007/05/25,7549,5839,34841,428,3065,579,684,4148,3162,460,159,1,N\A
10,2007/06/10,7654,4274,34841,364,2740,137,598,5445,2689,2464,170,1,N\A
10,2007/06/26,5801,4515,34837,667,2510,841,522,3386,2858,2378,190,1,N\A
10,2007/07/12,8422,4556,2116,215,2510,161,668,1861,3175,484,196,0,N\A
10,2007/07/28,8564,3822,2116,152,1966,135,534,962,3478,2334,217,0,N\A
10,2007/08/13,8869,4525,34841,131,2186,216,608,5834,3561,2465,225,1,N\A
10,2007/08/29,8711,2418,34893,77,1118,109,278,33,4258,2224,242,1,N\A
10,2007/09/14,8303,3298,2116,162,1748,93,402,981,5055,2459,265,0,N\A
10,2007/09/30,7384,2551,2116,213,1416,121,360,1862,5900,2488,288,0,N\A
10,2007/10/16,7880,4405,2124,303,2556,212,779,4697,6362,647,296,1,N\A
10,2007/11/01,3563,5882,2070,1426,3005,1980,1700,6338,7120,642,316,3,N\A
10,2007/11/17,1766,871,34841,853,1219,778,529,70,6995,534,322,1,N\A
10,2007/12/03,8357,2226,34965,98,1095,65,376,1807,7409,2484,352,1,N\A
10,2007/12/19,8248,1938,2120,89,927,87,216,36,7450,366,354,0,N\A
10,2008/01/01,7528,2348,2193,182,1291,77,331,5455,7188,2452,13,1,N\A
10,2008/01/17,5997,2427,3102,390,1559,248,420,3470,7198,596,25,3,N\A
10,2008/02/02,7246,2025,2120,171,1071,132,394,907,6508,2402,44,0,N\A
10,2008/02/18,7142,2064,2120,185,1110,136,523,3358,6268,2411,49,0,N\A
10,2008/03/05,6822,3399,2189,412,2181,219,647,5214,5939,545,68,1,N\A
10,2008/03/21,7401,2679,2257,221,1480,141,558,2577,4694,2420,90,1,N\A
10,2008/04/06,6190,2950,34893,465,1976,262,924,2752,4066,547,112,1,N\A
10,2008/04/22,7119,3183,2116,330,1961,151,665,998,3553,565,126,0,N\A
10,2008/05/08,7970,3169,2116,194,1718,115,433,1806,3324,2394,131,0,N\A
10,2008/05/24,8084,5542,35033,365,3446,232,723,2724,3042,477,160,1,N\A
10,2008/06/09,8682,5816,2116,234,3317,196,686,2723,3025,469,176,0,N\A
10,2008/06/25,8846,4943,2116,163,2663,133,569,63,2906,-90,181,0,N\A
10,2008/07/11,8783,4500,2116,156,2408,111,426,44,3092,268,197,0,N\A
10,2008/07/27,8690,5980,2120,245,3497,183,724,4707,3859,464,219,1,N\A
10,2008/08/12,7592,5213,34837,299,2185,658,630,61,3840,72,229,1,N\A
10,2008/08/28,8872,3849,2116,117,1959,93,365,1816,4229,2408,243,0,N\A
10,2008/09/13,8786,3666,2189,122,1888,77,333,4568,5219,2487,271,1,N\A
10,2008/09/29,7550,2765,34961,214,1533,119,334,926,5757,2467,284,1,N\A
10,2008/10/15,8090,3469,2193,194,1838,154,624,5030,6090,-1086,294,1,N\A
10,2008/10/31,7672,2513,2120,170,1291,155,349,77,6629,616,309,0,N\A
10,2008/11/16,1784,3286,2066,2825,4052,2889,2055,2737,7331,660,336,3,N\A
10,2008/12/02,5963,3000,51229,379,1499,592,137,980,7447,671,350,2,N\A
10,2008/12/18,9245,2373,2189,41,1046,94,196,2641,7396,2465,362,1,N\A
10,2009/01/01,6331,2257,18577,305,1358,1617,239,1879,7396,617,9,2,N\A
10,2009/01/17,9981,2823,2261,1,1103,180,212,2641,6910,2420,28,1,N\A
10,2009/02/02,3982,2548,51429,1035,2405,2314,585,6127,6320,2446,45,2,N\A
10,2009/02/18,4540,3311,34837,686,1827,977,1237,926,5823,2402,62,1,N\A
10,2009/03/06,6659,2506,2116,291,1451,217,766,953,5169,565,80,0,N\A
10,2009/03/22,6668,2291,2116,264,1321,183,725,2660,4582,2420,92,0,N\A
10,2009/04/07,7373,2761,2116,221,1462,207,682,953,3962,2406,110,0,N\A
10,2009/04/23,7541,3720,2116,312,2226,165,721,2696,3969,543,114,0,N\A
10,2009/05/09,8099,4628,2116,287,2734,165,564,953,3125,535,144,0,N\A
10,2009/05/25,8740,4279,2116,152,2262,113,422,1835,2944,2400,149,0,N\A
10,2009/06/10,9148,4374,2120,99,2227,88,395,5445,2692,2458,175,1,N\A
10,2009/06/26,6158,2056,34837,247,1039,386,373,873,2962,2348,190,1,N\A
10,2009/07/12,8524,4239,2116,183,2298,123,487,1007,3360,502,208,0,N\A
10,2009/07/28,8531,4795,2116,216,2726,125,497,1907,3615,499,217,0,N\A
10,2009/08/13,8532,3980,2116,171,2159,93,357,49,3923,221,231,0,N\A
10,2009/08/29,8652,3585,2116,134,1855,88,350,3367,4215,2432,243,0,N\A
10,2009/09/14,8440,3254,2116,144,1703,79,237,918,5263,2482,270,0,N\A
10,2009/09/30,8125,3088,2116,166,1605,127,456,998,5968,656,288,0,N\A
10,2009/10/16,8040,2793,2120,158,1455,106,365,1800,6098,2485,293,0,N\A
10,2009/11/01,2292,2917,2070,1390,2217,1796,1015,6128,6862,-1079,317,3,N\A
10,2009/11/17,6029,2635,2193,432,1744,252,650,4129,7160,665,324,1,N\A
10,2009/12/03,4869,1483,34841,305,884,394,358,2724,7375,655,338,1,N\A
10,2009/12/19,3170,1664,51429,908,1751,2111,325,4558,7377,2475,353,2,N\A
10,2010/01/01,2709,5136,18577,1052,1834,1912,165,3352,7312,2450,6,2,N\A
10,2010/01/17,1581,2196,51229,1850,2545,2098,351,68,7038,691,26,2,N\A
10,2010/02/02,3301,6477,18508,839,1666,1801,258,2632,6340,2407,47,2,N\A
10,2010/02/18,7223,2028,2116,173,1073,136,446,2632,5748,2410,63,0,N\A
10,2010/03/06,4781,4469,18645,604,1711,1219,241,3358,5452,2414,70,2,N\A
10,2010/03/22,6798,3260,2120,389,2041,228,850,4707,4765,532,96,1,N\A
10,2010/04/07,6239,2604,2116,398,1719,190,902,1915,4147,558,108,0,N\A
10,2010/04/23,6834,2374,2116,257,1367,163,718,881,3874,2403,113,0,N\A
10,2010/05/09,8439,4039,2116,190,2245,89,404,2623,3025,2398,143,0,N\A
10,2010/05/25,8486,4949,2116,233,2845,140,527,36,2955,236,154,0,N\A
10,2010/06/10,8818,6173,2120,224,3567,183,705,5625,3337,421,162,1,N\A
10,2010/06/26,8623,5341,2116,224,3031,165,610,1897,3074,478,188,0,N\A
10,2010/07/12,8786,3616,2116,118,1826,97,373,1798,3078,2352,200,0,N\A
10,2010/07/28,8862,6394,2189,224,3715,188,754,6011,4068,438,219,1,N\A
10,2010/08/13,8762,5424,2120,204,3092,134,663,5208,4306,490,233,1,N\A
10,2010/08/29,8755,3263,2116,110,1658,61,246,1807,4424,2432,248,0,N\A
10,2010/09/14,8626,4579,2120,186,2522,118,521,4128,5177,585,263,0,N\A
10,2010/09/30,8171,3370,2116,190,1888,58,403,1880,5839,638,284,0,N\A
10,2010/10/16,7885,4826,2124,380,3215,108,567,6001,6582,632,299,1,N\A
10,2010/11/01,7461,2611,2120,212,1458,107,277,908,6508,2489,305,0,N\A
10,2010/11/17,860,1049,51229,1534,1823,1886,741,63,7176,81,330,2,N\A
10,2010/12/03,1525,1285,2066,2155,2931,3323,670,908,7282,2498,337,3,N\A
10,2010/12/19,1187,1384,2066,3846,4883,4561,1647,2604,7367,2450,2,3,N\A
No data
No data
No data
No data
11,2000/02/18,7690,2285,2120,156,1195,102,380,1461,6003,2442,58,0,N\A
11,2000/03/05,5301,2123,34837,459,1495,274,506,2136,5309,617,78,1,N\A
No data
No data
No data
No data
No data
No data
11,2007/01/01,4546,2747,2066,737,1966,694,619,2118,7545,625,1,3,N\A
11,2007/01/17,2831,3381,18508,1615,2891,1753,343,2900,7202,602,26,2,N\A
11,2007/02/02,7721,3127,2189,224,1742,127,263,1198,6752,593,40,1,N\A
11,2007/02/18,7302,2755,2120,248,1591,119,477,2081,6488,571,49,0,N\A
11,2007/03/06,7648,2626,2120,194,1456,81,334,5298,5440,2439,71,1,N\A
11,2007/03/22,7462,2470,2120,197,1356,108,404,5670,4533,-1132,94,1,N\A
11,2007/04/07,7270,2748,2116,247,1563,143,489,655,4339,2378,102,0,N\A
11,2007/04/23,7771,3673,2116,265,2113,150,463,1234,3788,554,120,0,N\A
11,2007/05/09,8088,3630,2116,217,2054,94,317,1499,3161,2412,141,0,N\A
11,2007/05/25,8273,4216,2185,227,2403,115,437,322,2978,486,159,1,N\A
11,2007/06/10,2324,2093,18453,1129,1813,1389,-1000,6533,2815,-1064,163,2,N\A
11,2007/06/26,6974,7881,2062,247,1386,1234,1164,1561,2973,2337,189,3,N\A
11,2007/07/12,8243,3947,2116,215,2233,99,346,258,3348,480,207,0,N\A
11,2007/07/28,8168,4223,2116,247,2450,119,414,2872,3737,498,218,0,N\A
11,2007/08/13,8341,4180,2116,214,2366,104,413,2054,3876,511,225,0,N\A
11,2007/08/29,9124,3560,34965,83,1813,22,300,4402,4455,2456,249,1,N\A
11,2007/09/14,8384,3646,2116,171,1946,107,352,1161,5132,630,264,0,N\A
11,2007/09/30,7617,2672,2116,200,1479,95,249,248,5960,665,287,0,N\A
11,2007/10/16,7435,3066,2261,257,1747,152,325,3812,6018,2495,290,1,N\A
11,2007/11/01,3791,1659,2070,321,713,898,619,5979,6684,-1079,309,3,N\A
11,2007/11/17,7192,3112,2189,307,1880,145,392,3651,7167,664,323,1,N\A
11,2007/12/03,7434,2208,2120,176,1196,94,254,627,7411,2463,342,0,N\A
11,2007/12/19,8082,2233,2189,119,1122,81,230,2374,7472,2462,356,1,N\A
11,2008/01/01,7550,2923,2120,223,1598,157,500,2910,7453,615,13,0,N\A
11,2008/01/17,7542,2125,2120,159,1135,81,308,636,7115,2433,25,0,N\A
11,2008/02/02,6675,2202,2120,259,1299,140,363,639,6672,2452,41,0,N\A
11,2008/02/18,7645,2410,2120,172,1289,98,381,2374,6140,2420,55,0,N\A
11,2008/03/05,7155,2378,2116,222,1339,124,405,344,5799,483,66,0,N\A
11,2008/03/21,6856,2865,2116,325,1743,176,588,1297,4834,573,91,0,N\A
11,2008/04/06,6218,3655,34841,527,2260,476,729,4827,4553,525,104,1,N\A
11,2008/04/22,7853,3863,34893,271,2254,140,469,2928,3728,540,125,1,N\A
11,2008/05/08,7758,3587,2116,264,2092,125,414,314,3477,505,130,0,N\A
11,2008/05/24,7451,3806,2185,340,2328,175,445,2384,2969,2403,151,1,N\A
11,2008/06/09,8305,4466,2116,242,2614,105,404,293,2958,532,162,0,N\A
11,2008/06/25,8575,5049,34965,227,2961,105,334,4807,3316,429,184,1,N\A
11,2008/07/11,8727,4042,2185,147,2163,77,253,1525,3290,2359,208,1,N\A
11,2008/07/27,8247,3992,2116,217,2259,103,396,311,3408,541,210,0,N\A
11,2008/08/12,8387,4158,2185,207,2361,87,324,3632,4103,513,230,1,N\A
11,2008/08/28,8196,3837,2116,217,2190,85,313,2108,4451,565,244,0,N\A
11,2008/09/13,8127,4522,2189,278,2691,136,447,5276,5100,559,257,1,N\A
11,2008/09/29,7937,3798,2116,249,2166,139,317,2900,5944,643,285,0,N\A
11,2008/10/15,7311,3090,2120,280,1803,155,261,1244,6390,651,299,0,N\A
11,2008/10/31,5746,2763,34841,456,1688,437,439,1506,6979,2482,320,1,N\A
11,2008/11/16,7735,2696,2189,184,1441,119,314,2928,7346,666,333,1,N\A
11,2008/12/02,7703,2519,2120,175,1349,100,251,313,7370,626,338,0,N\A
11,2008/12/18,7866,2580,2189,163,1365,93,178,3134,7430,2464,366,1,N\A
11,2009/01/01,4697,3769,2120,675,1871,1065,299,645,7363,2441,11,0,N\A
11,2009/01/17,9933,3254,2261,5,1501,5,298,2099,7243,605,22,1,N\A
11,2009/02/02,7146,2437,2189,227,1364,142,218,284,6826,588,36,1,N\A
11,2009/02/18,6655,2834,34837,364,1813,162,560,2900,5984,577,63,1,N\A
11,2009/03/06,6974,2657,2116,278,1560,156,448,1198,5356,587,77,0,N\A
11,2009/03/22,7159,2575,2116,242,1462,143,451,673,4737,2396,91,0,N\A
11,2009/04/07,7783,3416,2116,241,1934,132,433,1189,4126,563,109,0,N\A
11,2009/04/23,8038,4238,2120,273,2510,127,405,4787,3931,511,122,1,N\A
11,2009/05/09,7697,4079,2116,323,2483,158,456,2080,3431,535,134,0,N\A
11,2009/05/25,8162,3901,2116,223,2204,113,335,1561,3057,2402,146,0,N\A
11,2009/06/10,8239,4051,2116,222,2300,108,388,297,2943,442,164,0,N\A
11,2009/06/26,8190,4508,2185,256,2573,168,409,3651,3201,450,184,1,N\A
11,2009/07/12,8007,4242,2116,276,2494,144,442,2136,3278,470,198,0,N\A
11,2009/07/28,8057,3986,2116,248,2305,119,337,1243,3739,523,221,0,N\A
11,2009/08/13,8248,3493,2116,183,1907,89,309,631,4081,2383,235,0,N\A
11,2009/08/29,8328,3638,2116,179,1963,104,290,303,4410,555,244,0,N\A
11,2009/09/14,7869,3143,2116,207,1736,109,297,1224,5336,637,269,0,N\A
11,2009/09/30,8076,3878,2116,234,2199,125,335,3622,5823,626,280,0,N\A
11,2009/10/16,7572,2857,2189,221,1600,115,250,3124,6522,2497,304,1,N\A
11,2009/11/01,6959,2841,2120,311,1735,143,251,2099,6783,659,310,0,N\A
11,2009/11/17,7333,2273,2120,194,1261,92,285,1543,7047,2505,322,0,N\A
11,2009/12/03,7219,3121,2193,291,1802,193,503,4255,7479,659,337,1,N\A
11,2009/12/19,6354,2839,2065,382,1714,304,461,3641,7620,642,360,1,N\A
11,2010/01/01,632,1419,51353,2511,2850,2926,237,2355,7316,2443,12,2,N\A
11,2010/01/17,2616,3194,18577,1075,1837,1643,453,3764,7003,2433,26,2,N\A
11,2010/02/02,2820,2855,18508,1191,2127,1477,320,1234,6480,596,48,2,N\A
11,2010/02/18,7356,2595,2265,221,1451,124,315,4848,6019,2430,56,1,N\A
11,2010/03/06,3017,2906,2116,1370,2554,1412,328,2910,5881,565,66,0,N\A
11,2010/03/22,7081,2465,2116,239,1399,143,397,1535,4962,2425,85,0,N\A
11,2010/04/07,6979,2356,2116,243,1366,121,445,2356,4064,2426,108,0,N\A
11,2010/04/23,7171,2547,2116,240,1457,127,417,3096,3807,2424,115,0,N\A
11,2010/05/09,3611,2856,34841,1119,2384,1070,650,4343,3365,2453,129,1,N\A
11,2010/05/25,8440,3553,2116,161,1904,81,289,2374,2905,2395,156,0,N\A
11,2010/06/10,9159,3871,2120,86,1961,49,252,4858,2764,2444,168,1,N\A
11,2010/06/26,8349,4316,2116,221,2457,111,335,303,2993,476,183,0,N\A
11,2010/07/12,8829,5618,34965,202,3250,120,434,6373,3705,395,193,1,N\A
11,2010/07/28,7750,3666,2116,286,2257,71,297,1516,3421,2364,213,0,N\A
11,2010/08/13,7854,3758,2116,264,2197,123,403,2126,4121,536,233,0,N\A
11,2010/08/29,9005,3429,2185,92,1759,21,226,3784,4512,2445,250,1,N\A
11,2010/09/14,8268,3778,2116,198,2089,102,318,2099,5209,606,265,0,N\A
11,2010/09/30,8104,3154,2116,178,1700,94,277,285,5677,617,279,0,N\A
11,2010/10/16,7649,2915,2120,214,1607,126,398,2374,6389,2487,300,0,N\A
11,2010/11/01,9572,3366,34845,35,1602,1133,545,5991,6918,-1081,317,1,N\A
11,2010/11/17,1243,1146,51285,1225,1573,1511,95,1225,7366,671,336,2,N\A
11,2010/12/03,1969,2395,18577,1564,2331,1828,154,627,7483,2454,350,2,N\A
11,2010/12/19,3167,1853,18577,1044,2012,1618,70,2355,7454,2451,364,2,N\A
No data
No data
No data
No data
12,2000/02/18,5584,1762,2120,334,1179,160,660,420,6056,621,58,0,N\A
12,2000/03/05,5524,2286,2189,452,1568,277,1135,5320,5707,587,73,1,N\A
No data
No data
No data
No data
No data
No data
12,2007/01/01,5730,1780,34841,326,1201,116,707,2136,7400,622,15,1,N\A
12,2007/01/17,5626,1546,2189,279,997,142,580,3765,6863,2428,32,1,N\A
12,2007/02/02,3493,1828,2066,771,1599,654,955,3764,6357,2419,48,3,N\A
12,2007/02/18,5687,2104,2120,389,1415,208,837,3632,6573,574,49,0,N\A
12,2007/03/06,5211,1954,2116,452,1436,208,978,1235,5672,557,70,0,N\A
12,2007/03/22,5811,2213,2116,392,1480,206,1016,1515,4746,2416,91,0,N\A
12,2007/04/07,7024,3420,2116,373,2134,200,834,339,4127,614,109,0,N\A
12,2007/04/23,7745,4238,2116,330,2598,160,626,592,3861,2400,116,0,N\A
12,2007/05/09,9000,6435,2116,206,3915,99,598,389,3234,465,141,0,N\A
12,2007/05/25,9168,7161,2185,192,4424,107,661,2163,3075,501,159,1,N\A
12,2007/06/10,9135,6854,2185,191,4230,86,520,1488,2874,2366,171,1,N\A
12,2007/06/26,5597,7616,3098,1027,3639,1497,1253,2117,3178,476,191,3,N\A
12,2007/07/12,9083,6157,2116,174,3624,88,512,619,3117,2318,196,0,N\A
12,2007/07/28,9059,6762,2116,204,4136,110,670,2900,3700,501,216,0,N\A
12,2007/08/13,6991,4925,2185,688,3885,238,870,282,4172,444,237,1,N\A
12,2007/08/29,9077,5199,2116,139,2875,74,402,2383,4260,2417,242,0,N\A
12,2007/09/14,8368,4312,2116,219,2465,101,399,3142,5088,2464,265,0,N\A
12,2007/09/30,6947,3564,2120,422,2343,187,635,2099,6014,656,287,0,N\A
12,2007/10/16,6223,2469,2189,385,1654,149,704,348,6460,663,301,1,N\A
12,2007/11/01,5240,2234,34845,415,1329,479,816,5246,6678,-1084,309,1,N\A
12,2007/11/17,5681,1813,2120,325,1180,179,726,2966,7267,672,328,0,N\A
12,2007/12/03,4578,2314,2069,576,1549,599,678,5702,7640,650,341,1,N\A
12,2007/12/19,3537,1427,2065,518,1085,568,459,593,7514,2500,356,1,N\A
12,2008/01/01,4920,2052,2069,493,1448,370,954,4275,7532,609,13,1,N\A
12,2008/01/17,3940,2593,3106,871,2004,841,1339,6057,7633,600,17,3,N\A
12,2008/02/02,5281,1915,2120,415,1344,228,763,2145,6981,604,34,0,N\A
12,2008/02/18,5307,1633,2120,343,1119,173,854,582,6201,2414,55,0,N\A
12,2008/03/05,5599,2228,2116,442,1567,213,1031,2993,5559,568,75,0,N\A
12,2008/03/21,5319,2502,34837,487,1594,461,906,3031,4676,2428,92,1,N\A
12,2008/04/06,5985,2404,34837,383,1525,260,672,546,4323,2403,103,1,N\A
12,2008/04/22,6599,4112,35037,655,3197,223,678,5638,3440,-1101,127,1,N\A
12,2008/05/08,8757,6556,2116,277,4180,128,589,594,3333,2433,135,0,N\A
12,2008/05/24,9235,7459,2116,188,4729,85,573,338,2981,535,160,0,N\A
12,2008/06/09,9311,7508,2116,167,4685,86,586,341,2956,442,176,0,N\A
12,2008/06/25,9325,7252,2116,155,4440,80,491,594,2957,2381,183,0,N\A
12,2008/07/11,9191,7624,34837,189,4489,203,735,1489,3259,2372,206,1,N\A
12,2008/07/27,9056,6986,2116,216,4361,110,653,2153,3507,497,210,0,N\A
12,2008/08/12,9356,7194,34961,146,4390,69,570,2144,3908,529,226,1,N\A
12,2008/08/28,9068,6864,2116,206,4216,113,563,3650,4543,553,244,0,N\A
12,2008/09/13,8693,5480,2116,225,3220,121,413,329,5406,629,272,0,N\A
12,2008/09/29,6907,4228,2193,547,2991,243,435,4274,6016,630,285,1,N\A
12,2008/10/15,6009,2545,2124,422,1693,232,566,4313,6305,-1096,298,0,N\A
12,2008/10/31,1238,1519,3102,2253,2890,2124,2205,2291,6673,2498,309,3,N\A
12,2008/11/16,8007,2579,2265,141,1274,152,601,5627,7290,-1093,335,1,N\A
12,2008/12/02,1622,2018,2066,1830,2539,1965,1890,584,7430,2516,343,3,N\A
12,2008/12/18,6208,1637,2261,233,996,99,462,1497,7470,2442,366,1,N\A
12,2009/01/01,3654,2373,2189,685,1474,970,376,601,7401,2470,9,1,N\A
12,2009/01/17,5688,1999,2120,371,1350,178,828,3650,7321,606,22,0,N\A
12,2009/02/02,2065,3153,35878,1642,2497,2076,536,2929,6649,576,45,3,N\A
12,2009/02/18,5488,2160,34837,353,1212,452,1070,3096,5833,2412,62,1,N\A
12,2009/03/06,4569,2076,2116,644,1728,339,1249,2919,5440,566,77,0,N\A
12,2009/03/22,5024,2032,2116,510,1540,257,1240,1234,4809,563,91,0,N\A
12,2009/04/07,7728,3811,2116,286,2232,158,484,3115,3976,2429,110,0,N\A
12,2009/04/23,7682,4388,2185,354,2701,194,578,303,3935,618,114,1,N\A
12,2009/05/09,8749,6134,2116,251,3764,127,571,307,3464,472,130,0,N\A
12,2009/05/25,8708,6639,2185,302,4376,113,615,3640,3251,494,150,1,N\A
12,2009/06/10,9842,5937,2261,25,3155,-1000,352,4828,2795,2451,163,1,N\A
12,2009/06/26,9158,5101,2120,122,2776,67,385,5246,2837,2440,186,1,N\A
12,2009/07/12,8949,5254,2116,164,2959,86,425,1471,3320,2375,208,0,N\A
12,2009/07/28,8691,6222,2189,272,3884,134,630,5712,4047,455,218,1,N\A
12,2009/08/13,8563,5558,2116,261,3372,126,560,2153,3989,530,228,0,N\A
12,2009/08/29,8479,4971,2116,241,2930,114,490,1270,4695,600,251,0,N\A
12,2009/09/14,8391,4105,2116,201,2298,98,384,3087,5300,2476,270,0,N\A
12,2009/09/30,6706,7658,3102,474,2404,1193,1100,6256,5972,-1072,287,3,N\A
12,2009/10/16,7416,3790,2120,346,2333,174,546,2154,6209,656,292,0,N\A
12,2009/11/01,5444,950,34841,182,617,36,157,3651,6841,661,310,1,N\A
12,2009/11/17,5402,1485,2120,294,985,149,629,601,7224,2464,329,0,N\A
12,2009/12/03,784,1471,2066,3816,4466,3509,2035,3755,7377,2489,341,3,N\A
12,2009/12/19,4231,1556,34841,454,1120,420,509,582,7509,2450,361,1,N\A
12,2010/01/01,1082,1394,51353,1949,2422,2085,66,362,7473,538,5,2,N\A
12,2010/01/17,432,836,18577,2634,2872,2875,237,2300,7048,2425,26,2,N\A
12,2010/02/02,1145,1708,51229,2668,3358,2569,367,583,6569,2398,44,2,N\A
12,2010/02/18,3396,2340,2062,1044,2118,921,1088,1271,5977,568,62,3,N\A
12,2010/03/06,2284,1996,34837,1515,2412,1369,659,349,5670,544,69,1,N\A
12,2010/03/22,5580,2525,2116,512,1805,277,1127,2947,4704,555,96,0,N\A
12,2010/04/07,6558,2936,2116,388,1867,214,919,564,4124,2402,108,0,N\A
12,2010/04/23,6755,3046,2116,370,1911,198,824,1461,3860,2406,115,0,N\A
12,2010/05/09,8654,4958,2189,204,2829,109,469,5256,3087,-1115,141,1,N\A
12,2010/05/25,8993,6568,2116,214,4039,102,561,591,2976,2355,156,0,N\A
12,2010/06/10,9198,7471,2257,197,4721,102,659,2946,3103,475,176,1,N\A
12,2010/06/26,9072,7075,2116,215,4419,114,635,1270,3122,496,190,0,N\A
12,2010/07/12,9071,6732,2116,202,4149,94,602,1288,3391,511,206,0,N\A
12,2010/07/28,9190,6781,34837,177,4196,59,593,1306,3776,531,222,1,N\A
12,2010/08/13,8892,6442,2116,233,3974,114,627,3669,4222,523,233,0,N\A
12,2010/08/29,9394,5364,2185,91,2915,40,360,3745,4452,2442,248,1,N\A
12,2010/09/14,8588,5679,2116,264,3478,122,517,3650,5287,599,265,0,N\A
12,2010/09/30,7346,3975,2116,383,2504,195,530,602,5857,2501,284,0,N\A
12,2010/10/16,7064,3517,2120,378,2197,205,493,1506,6098,2482,291,0,N\A
12,2010/11/01,2019,1049,35878,648,976,940,649,2328,6836,2499,314,3,N\A
12,2010/11/17,4323,3603,52466,892,2251,1090,424,4818,7414,658,331,3,N\A
12,2010/12/03,842,2115,51353,2326,2754,2887,144,3086,7329,2487,337,2,N\A
12,2010/12/19,706,717,18457,3175,3658,3573,434,4837,7694,631,363,2,N\A
No data
No data
No data
No data
13,2000/02/18,4256,3064,2066,929,2306,886,1359,3004,6294,2466,61,3,N\A
13,2000/03/05,5667,2464,2120,477,1725,257,1038,4131,5740,-1120,75,0,N\A
No data
No data
No data
No data
No data
No data
13,2007/01/01,2441,1367,2069,771,1269,905,559,4178,7688,2447,14,1,N\A
13,2007/01/17,5975,2506,2120,425,1687,220,669,791,7459,597,29,0,N\A
13,2007/02/02,6224,2607,2120,397,1706,205,648,72,7241,2883,36,0,N\A
13,2007/02/18,1544,2247,2066,2759,3767,2548,3145,2365,6375,592,63,3,N\A
13,2007/03/06,5651,2467,2116,491,1767,238,1093,880,5800,2409,75,0,N\A
13,2007/03/22,5916,2891,2116,531,2070,260,1155,791,5127,597,93,0,N\A
13,2007/04/07,6134,3274,2116,577,2408,252,1136,2384,4518,587,111,0,N\A
13,2007/04/23,7684,5028,2116,429,3276,226,751,818,4020,581,125,0,N\A
13,2007/05/09,8901,7009,2116,257,4424,147,701,2419,3654,556,143,0,N\A
13,2007/05/25,8807,5896,2116,226,3565,102,529,3050,3271,2443,160,0,N\A
13,2007/06/10,9195,6715,2185,167,3985,103,539,1642,3285,2407,162,1,N\A
13,2007/06/26,7253,2691,34841,213,1338,289,235,4197,3317,2435,190,1,N\A
13,2007/07/12,8824,6019,2116,207,3315,220,422,2420,3523,2401,201,0,N\A
13,2007/07/28,8159,5186,2116,310,3058,223,602,2430,3888,2409,217,0,N\A
13,2007/08/13,7937,5752,2185,420,3653,283,941,3680,4339,540,225,1,N\A
13,2007/08/29,8138,5079,2185,312,3040,198,696,3105,5170,2468,256,1,N\A
13,2007/09/14,8623,5306,2116,214,2896,206,679,2439,5522,2463,265,0,N\A
13,2007/09/30,8664,5461,2120,227,3173,140,433,1561,6079,661,278,0,N\A
13,2007/10/16,7298,3833,2120,386,2472,158,540,53,6565,2266,292,0,N\A
13,2007/11/01,6351,2827,2120,419,1878,199,718,44,7102,3454,308,0,N\A
13,2007/11/17,6041,2549,2065,398,1613,278,679,836,7674,2509,331,1,N\A
13,2007/12/03,5758,2366,2065,411,1527,294,516,1643,7782,2497,338,1,N\A
13,2007/12/19,5913,2177,2065,370,1441,182,411,809,7933,642,365,1,N\A
13,2008/01/01,3798,3217,3106,1098,2443,1144,1192,5585,8085,623,8,3,N\A
13,2008/01/17,4256,872,2065,257,638,168,280,3058,7613,2435,19,1,N\A
13,2008/02/02,5768,3088,2124,592,2206,359,1157,4276,7136,590,45,0,N\A
13,2008/02/18,6148,3168,34845,461,1933,411,1262,4639,6477,2433,56,1,N\A
13,2008/03/05,5664,2563,2116,517,1868,239,977,800,5690,2442,78,0,N\A
13,2008/03/21,5858,3229,35037,540,2068,464,838,4609,5226,2452,88,1,N\A
13,2008/04/06,6173,3341,2116,559,2363,296,1266,836,4436,616,112,0,N\A
13,2008/04/22,7752,5393,2116,444,3507,263,903,818,3942,587,128,0,N\A
13,2008/05/08,8425,6236,2116,333,3898,214,878,66,3741,3106,135,0,N\A
13,2008/05/24,8182,6160,2116,410,4101,211,728,32,3441,2538,151,0,N\A
13,2008/06/09,9116,6523,2120,178,3852,112,486,4188,3251,2463,161,0,N\A
13,2008/06/25,9209,6653,2120,158,3840,127,512,4182,3214,2448,177,0,N\A
13,2008/07/11,8347,5973,2116,336,3731,205,654,819,3760,517,208,0,N\A
13,2008/07/27,8558,5733,2116,251,3232,232,486,1634,3798,2402,213,0,N\A
13,2008/08/12,8134,6338,2189,407,3956,320,1022,4768,4560,531,230,1,N\A
13,2008/08/28,8750,5202,2116,190,2852,160,667,3059,4684,2443,243,0,N\A
13,2008/09/13,8543,5049,2185,224,2852,158,477,2401,5627,2470,268,1,N\A
13,2008/09/29,7436,5589,2193,586,3986,306,1275,6221,6474,623,282,1,N\A
13,2008/10/15,7780,4328,34841,337,2700,143,606,3059,6497,2506,291,1,N\A
13,2008/10/31,5320,2333,34965,514,1683,299,597,1662,7267,669,313,1,N\A
13,2008/11/16,6146,3138,2065,496,2078,327,761,2411,7522,683,322,1,N\A
13,2008/12/02,5984,2584,2065,425,1692,265,331,1626,7907,655,345,1,N\A
13,2008/12/18,4850,3463,2069,751,2166,861,1134,4639,7887,-1129,360,1,N\A
13,2009/01/01,5345,2269,2065,458,1510,356,586,54,7821,2982,9,1,N\A
13,2009/01/17,5209,2766,2065,572,1816,534,728,2384,7701,622,20,1,N\A
13,2009/02/02,3586,2525,18508,1257,2663,2857,526,3078,7041,595,45,2,N\A
13,2009/02/18,5594,2454,2189,493,1745,260,606,1661,6540,2420,55,1,N\A
13,2009/03/06,5644,2500,2116,495,1778,256,1043,2411,5623,2435,78,0,N\A
13,2009/03/22,5525,3025,2116,658,2283,374,1348,3059,5189,580,93,0,N\A
13,2009/04/07,6407,3313,2116,489,2233,268,1176,2421,4404,2453,110,0,N\A
13,2009/04/23,8092,5421,2116,355,3368,214,828,92,4095,2840,121,0,N\A
13,2009/05/09,8548,5666,2116,261,3336,178,805,1679,3684,2425,135,0,N\A
13,2009/05/25,8680,6829,2120,307,4346,187,920,4758,3670,511,152,1,N\A
13,2009/06/10,8541,6122,2116,306,3891,145,625,2383,3409,545,164,0,N\A
13,2009/06/26,7423,6020,2189,667,4511,340,841,5205,3646,481,177,1,N\A
13,2009/07/12,6287,4231,35037,622,2729,535,1010,6475,3455,-1076,196,1,N\A
13,2009/07/28,8460,5884,2116,293,3513,212,655,1634,4079,545,219,0,N\A
13,2009/08/13,8026,5034,2116,335,3060,205,490,818,4246,565,226,0,N\A
13,2009/08/29,8124,5165,2116,322,3111,206,688,2384,4880,580,244,0,N\A
13,2009/09/14,8397,5420,2116,271,3112,218,695,809,5331,607,258,0,N\A
13,2009/09/30,7236,3580,2120,359,2239,169,643,846,6430,2524,288,0,N\A
13,2009/10/16,6931,4920,2193,608,3355,406,1216,5924,6777,642,291,1,N\A
13,2009/11/01,1566,1186,2066,1903,2610,1218,1623,1652,7192,2504,311,3,N\A
13,2009/11/17,4260,2249,2065,780,1938,500,841,2380,7587,676,324,1,N\A
13,2009/12/03,5568,2376,2065,444,1560,331,633,1626,7932,654,347,1,N\A
13,2009/12/19,5173,3337,2069,584,1836,795,676,4638,7875,2462,362,1,N\A
13,2010/01/01,2010,1542,18453,1768,2658,3106,257,3049,7788,2453,8,2,N\A
13,2010/01/17,3129,2057,18453,1226,2343,2953,488,3737,7657,609,25,2,N\A
13,2010/02/02,2468,5495,18508,1625,2690,2346,486,1642,7008,2421,42,2,N\A
13,2010/02/18,2762,5079,18508,1817,3204,2304,531,1626,6375,574,62,2,N\A
13,2010/03/06,2612,3330,51285,1609,2747,1848,465,2383,6152,2415,65,2,N\A
13,2010/03/22,5354,2814,2116,652,2155,362,1234,58,5133,3083,92,0,N\A
13,2010/04/07,5968,2789,2116,494,1957,241,1166,1634,4569,2443,106,0,N\A
13,2010/04/23,5352,3302,2120,785,2593,482,1461,4294,4514,564,114,0,N\A
13,2010/05/09,7798,4444,35037,312,2523,261,859,6003,3654,-1070,137,1,N\A
13,2010/05/25,8807,6794,2116,266,4195,178,677,24,3377,2584,156,0,N\A
13,2010/06/10,8617,6555,2116,313,4214,162,723,1616,3369,527,174,0,N\A
13,2010/06/26,8862,6091,2116,217,3599,136,553,854,3301,2393,179,0,N\A
13,2010/07/12,8760,5926,2116,231,3496,148,543,856,3470,2412,195,0,N\A
13,2010/07/28,5970,3199,34837,650,2576,190,769,1652,4157,551,222,1,N\A
13,2010/08/13,8961,5455,34965,156,2848,193,804,4638,4478,2460,237,1,N\A
13,2010/08/29,3160,2514,34961,2720,5234,875,1867,3717,5109,586,249,1,N\A
13,2010/09/14,8495,5331,2185,232,2852,261,550,1661,5579,2470,266,1,N\A
13,2010/09/30,8237,4338,2120,239,2473,138,505,1661,6190,2476,282,0,N\A
13,2010/10/16,8330,4341,2120,221,2427,140,433,2402,6445,2503,289,0,N\A
13,2010/11/01,6720,2091,34897,255,1300,45,296,2384,7240,669,311,1,N\A
13,2010/11/17,-348,-282,18457,2482,2315,5205,437,6221,8009,659,335,2,N\A
13,2010/12/03,2097,1842,18457,2140,3276,4998,437,5201,7992,660,340,2,N\A
13,2010/12/19,3431,2341,18453,1233,2521,2649,554,1652,7947,638,1,2,N\A
No data
No data
No data
No data
14,2000/02/18,1983,4205,18508,2047,3060,2576,153,1654,7120,629,57,2,N\A
14,2000/03/05,3279,8577,18508,1334,2636,2246,197,294,6554,633,71,2,N\A
No data
No data
No data
No data
No data
No data
14,2007/01/01,4964,2764,3106,924,2746,242,635,6330,8469,-1151,10,3,N\A
14,2007/01/17,5004,3812,18453,623,1871,990,431,450,8291,2511,17,2,N\A
14,2007/02/02,2060,7404,18453,1801,2736,2718,140,2365,7731,2434,38,2,N\A
14,2007/02/18,5216,5820,18508,772,2456,1314,347,2210,7312,604,53,2,N\A
14,2007/03/06,5091,3950,18508,668,2054,972,195,474,6792,2427,65,2,N\A
14,2007/03/22,7340,2645,2185,242,1578,54,397,223,5812,567,90,1,N\A
14,2007/04/07,6662,2466,2116,301,1503,150,519,232,5207,688,106,0,N\A
14,2007/04/23,7054,2928,2116,304,1760,154,568,2228,4878,616,117,0,N\A
14,2007/05/09,6988,2993,2116,309,1743,216,790,2247,4422,603,133,0,N\A
14,2007/05/25,7767,3386,2116,239,1902,141,526,258,3985,634,154,0,N\A
14,2007/06/10,4565,1386,2069,425,1139,109,205,5093,8458,-1068,169,1,N\A
14,2007/06/26,7938,3786,2185,260,2263,80,372,2356,3877,2444,182,1,N\A
14,2007/07/12,8568,3782,2116,155,2011,90,344,2374,4067,2430,198,0,N\A
14,2007/07/28,8524,3715,2116,158,1984,86,352,196,4554,670,218,0,N\A
14,2007/08/13,7918,4793,2261,341,2936,193,606,4710,4972,564,226,1,N\A
14,2007/08/29,7844,3488,34893,240,1987,121,357,2781,5800,625,254,1,N\A
14,2007/09/14,8065,3318,2116,195,1821,99,260,503,5848,2515,257,0,N\A
14,2007/09/30,7844,3852,2120,238,1970,288,727,1553,6902,675,284,0,N\A
14,2007/10/16,7685,2904,34897,212,1620,103,362,2219,7241,683,293,1,N\A
14,2007/11/01,7215,2893,2065,242,1496,282,407,428,7623,2479,305,1,N\A
14,2007/11/17,5188,3076,18453,575,1815,692,294,1088,8237,2479,328,2,N\A
14,2007/12/03,356,2052,2070,5810,6240,6115,1800,4246,8426,-1114,338,3,N\A
14,2007/12/19,933,1716,3102,2914,3514,2968,4111,1752,8486,2466,2,3,N\A
14,2008/01/01,5337,2951,18453,508,1671,649,592,927,8481,631,6,2,N\A
14,2008/01/17,2326,5575,2070,2929,4705,3242,434,6475,8440,610,27,3,N\A
14,2008/02/02,4780,4954,18453,791,2240,1290,496,241,7552,583,45,2,N\A
14,2008/02/18,4351,4970,18508,908,2307,1429,360,2238,7211,608,56,2,N\A
14,2008/03/05,2979,3481,2066,1132,2093,1598,399,2854,6179,2450,80,3,N\A
14,2008/03/21,3832,4143,18504,955,2142,1428,261,2301,5828,2448,89,2,N\A
14,2008/04/06,6620,3781,2189,418,2056,498,533,4345,5285,595,108,1,N\A
14,2008/04/22,7864,2749,2120,181,1514,64,387,4247,4829,-1104,117,0,N\A
14,2008/05/08,6907,3414,2116,398,2176,206,649,3881,4545,595,131,0,N\A
14,2008/05/24,7362,3202,2116,288,1896,143,449,231,3953,589,157,0,N\A
14,2008/06/09,8466,4488,2261,211,2540,111,418,4325,4044,553,172,1,N\A
14,2008/06/25,8235,4063,2116,223,2305,111,393,2228,3986,574,184,0,N\A
14,2008/07/11,9265,1252,2116,21,551,13,124,3842,4212,-1141,206,0,N\A
14,2008/07/27,8082,3318,2116,193,1820,96,345,438,4379,2396,212,0,N\A
14,2008/08/12,8357,4524,34841,243,2716,68,392,4325,5240,589,236,1,N\A
14,2008/08/28,5503,1477,34837,270,931,182,176,232,5697,701,253,1,N\A
14,2008/09/13,7015,2629,2120,268,1528,154,301,228,6305,540,269,0,N\A
14,2008/09/29,7854,2942,2120,192,1598,107,274,2365,6758,-1102,281,0,N\A
14,2008/10/15,7720,2437,2120,169,1314,78,238,927,7250,702,294,0,N\A
14,2008/10/31,6854,2583,2065,260,1393,265,381,965,7779,658,310,1,N\A
14,2008/11/16,6380,2485,2065,318,1439,276,264,1725,8098,-1092,322,1,N\A
14,2008/12/02,-83,-139,2066,3196,3143,3041,1637,429,8434,2465,340,3,N\A
14,2008/12/18,2088,3300,2066,2331,3562,2430,996,2901,8473,2455,2,3,N\A
14,2009/01/01,-44,-18,18457,1016,1007,2541,342,4256,8422,-1144,7,2,N\A
14,2009/01/17,4082,2796,18453,842,2004,889,171,1586,8316,631,17,2,N\A
14,2009/02/02,4615,5257,18508,757,2055,1390,301,236,7455,557,47,2,N\A
14,2009/02/18,5131,4569,18508,629,1955,1130,180,1581,7416,593,49,2,N\A
14,2009/03/06,3984,3381,18508,874,2032,1162,337,1580,6815,602,65,2,N\A
14,2009/03/22,3909,3048,18504,864,1973,1075,255,2201,5837,604,90,2,N\A
14,2009/04/07,6839,2698,2185,296,1577,198,442,3871,4961,-1118,112,1,N\A
14,2009/04/23,6735,2468,2116,291,1492,143,539,891,4733,643,120,0,N\A
14,2009/05/09,7220,2679,2116,245,1518,148,503,3415,4248,-1114,137,0,N\A
14,2009/05/25,7433,3478,2116,309,2099,145,556,232,3927,677,159,0,N\A
14,2009/06/10,7521,3814,2116,324,2290,180,531,2818,3976,583,163,0,N\A
14,2009/06/26,7996,4058,2116,261,2345,143,475,2836,3981,575,179,0,N\A
14,2009/07/12,8726,3904,2120,141,2073,73,288,4243,4095,-1128,199,0,N\A
14,2009/07/28,7958,3781,2116,247,2173,123,421,2237,4624,585,218,0,N\A
14,2009/08/13,8073,4130,2116,256,2401,127,395,3369,5212,594,236,0,N\A
14,2009/08/29,7639,3868,2116,312,2331,154,410,3369,5766,623,252,0,N\A
14,2009/09/14,8112,3152,2116,180,1727,72,278,2900,5897,-1123,258,0,N\A
14,2009/09/30,7314,2811,2120,251,1618,129,261,249,7019,652,287,0,N\A
14,2009/10/16,6518,3764,2065,392,1860,595,402,3842,7629,-1088,304,1,N\A
14,2009/11/01,5532,3431,2065,571,1985,681,568,2891,7678,-1092,306,1,N\A
14,2009/11/17,5008,3972,2070,700,2105,995,367,4950,8234,-1098,325,3,N\A
14,2009/12/03,4951,2749,18453,736,2180,462,212,1590,8423,671,337,2,N\A
14,2009/12/19,73,214,2070,8919,9051,7623,4586,4619,8495,-1143,1,3,N\A
14,2010/01/01,197,203,18453,3451,3590,4557,205,2247,8409,640,13,2,N\A
14,2010/01/17,82,240,18453,2633,2677,3187,45,1733,8140,2440,23,2,N\A
14,2010/02/02,502,396,18453,2193,2425,3444,306,437,7654,2428,41,2,N\A
14,2010/02/18,1172,2009,18508,2281,2887,2538,65,1116,6810,2445,64,2,N\A
14,2010/03/06,3359,2663,18508,1203,2420,1095,233,1752,6526,2431,71,2,N\A
14,2010/03/22,4533,3891,18508,802,2132,1120,299,3846,6039,-1144,83,2,N\A
14,2010/04/07,6716,3152,2257,359,1828,311,382,2892,5349,2470,101,1,N\A
14,2010/04/23,6680,2729,2116,324,1628,217,605,944,4653,634,123,0,N\A
14,2010/05/09,7614,2929,2116,221,1632,122,446,2346,4145,2466,142,0,N\A
14,2010/05/25,7511,3849,2116,339,2385,151,518,3871,4131,578,152,0,N\A
14,2010/06/10,7721,4004,2116,316,2458,131,466,2228,3936,582,173,0,N\A
14,2010/06/26,7875,3689,2116,252,2120,130,443,240,3894,571,178,0,N\A
14,2010/07/12,8207,4456,2120,259,2631,117,447,4325,4212,542,193,0,N\A
14,2010/07/28,7832,4295,2189,315,2592,164,472,4335,4508,551,209,1,N\A
14,2010/08/13,8055,3570,2116,222,2061,69,388,1607,4887,609,228,0,N\A
14,2010/08/29,7608,3688,34893,296,2179,159,469,2228,5757,635,253,1,N\A
14,2010/09/14,7582,2948,2120,234,1702,88,432,2219,6358,651,269,0,N\A
14,2010/09/30,8119,2820,2120,153,1474,91,373,1761,6701,2486,279,0,N\A
14,2010/10/16,7224,3358,2065,262,1626,406,411,2338,7536,-1086,302,1,N\A
14,2010/11/01,5318,2872,2065,540,1767,577,503,254,7667,601,306,1,N\A
14,2010/11/17,4600,7633,18453,919,2485,1716,244,3396,8326,-1108,332,2,N\A
14,2010/12/03,54,137,2070,6634,6707,5764,2929,4325,8489,674,337,3,N\A
14,2010/12/19,-71,-96,2066,5997,5912,6459,2570,2328,8488,2466,1,3,N\A
No data
No data
No data
No data