site-id,lat,lon,tile-h,tile-v,pixel-col,pixel_row
61,12.971637,120.830057,29,7,3718,3373
62,12.40737,121.046508,29,7,3945,3644
63,12.340134,121.170515,29,7,4018,3676
64,13.230624,121.257164,29,7,3858,3249
65,10.652135,119.493672,29,7,3568,4486
66,10.668567,119.470909,29,7,3554,4479
67,9.366401,118.456632,29,8,3301,304
68,8.714167,117.743065,29,8,3064,617
69,8.08227,123.506419,30,8,1094,920
70,7.868412,123.484973,30,8,1114,1023
71,7.786051,122.982379,30,8,887,1062
72,7.650617,122.850755,30,8,843,1127
73,7.507213,123.351302,30,8,1101,1196
74,7.861127,122.520327,30,8,657,1026
75,14.14799,122.924476,29,7,4414,2808
76,13.604707,123.122114,29,7,4640,3069
77,13.50613,123.277828,29,7,4736,3117
78,13.283444,123.527968,30,7,107,3223
79,12.927565,123.805392,30,7,320,3394
80,12.89,123.799085,30,7,326,3412
81,12.716405,124.008861,30,7,464,3496
82,10.898434,122.647957,30,7,209,4368
83,10.752442,122.485416,30,7,160,4438
84,11.363732,122.739258,30,7,159,4145
85,10.759446,121.998863,29,7,4729,4435
86,10.763421,121.986677,29,7,4723,4433
87,11.143128,122.468119,30,7,76,4251
88,10.556672,122.920172,30,7,403,4532
89,10.189371,122.944362,30,7,482,4709
90,9.963671,122.817143,30,8,463,17
91,9.119513,123.035243,30,8,710,422
92,9.889339,124.022938,30,8,1046,53
93,11.048044,124.527249,30,7,1065,4296
94,11.170972,124.512619,30,7,1033,4237
95,11.184684,124.942315,30,7,1233,4231
96,11.120902,124.96439,30,7,1256,4261
97,11.049578,124.990612,30,7,1283,4296
98,10.690659,125.000179,30,7,1358,4468
99,10.38718,124.763971,30,7,1305,4614
100,7.95065,123.737432,30,8,1223,983
101,7.944943,123.784221,30,8,1246,986
102,8.091085,124.233147,30,8,1438,916
103,8.27297,124.711303,30,8,1638,828
104,7.981357,125.161778,30,8,1895,968
105,7.83664,125.140285,30,8,1906,1038
106,7.659747,126.05561,30,8,2366,1123
107,7.414352,125.737122,30,8,2249,1241
108,6.939792,126.005324,30,8,2439,1468
109,6.703197,125.300778,30,8,2133,1582
110,7.056759,124.858556,30,8,1878,1412
111,6.54765,124.877744,30,8,1950,1657
112,6.538818,124.665855,30,8,1850,1661
113,6.647342,124.07798,30,8,1557,1609
114,9.299643,125.969187,30,8,2070,336
115,9.064081,125.596527,30,8,1933,449
116,8.922705,125.992527,30,8,2144,517
117,8.568238,125.894741,30,8,2155,687
118,8.060933,126.037643,30,8,2300,930
id,Date,250m 16 days NDVI,250m 16 days EVI,250m 16 days VI Quality,250m 16 days red reflectance,250m 16 days NIR reflectance,250m 16 days blue reflectance,250m 16 days MIR reflectance,250m 16 days view zenith angle,250m 16 days sun zenith angle,250m 16 days relative azimuth angle,250m 16 days composite day of the year,250m 16 days pixel reliability,actual_date
61,2008/01/01,3277,1052,2116,522,1031,276,509,2526,4241,442,16,0,N\A
61,2008/01/17,3040,852,2116,468,877,226,357,1185,4070,442,23,0,N\A
61,2008/02/02,5504,2002,2185,405,1397,192,456,1718,3629,2233,37,1,N\A
61,2008/02/18,7789,5252,2116,433,3484,208,806,2581,3255,275,64,0,N\A
61,2008/03/05,7267,4333,2116,440,2780,256,745,1267,2939,258,71,0,N\A
61,2008/03/21,8424,5101,2116,252,2947,167,690,3956,2099,2033,83,0,N\A
61,2008/04/06,7959,4850,2116,354,3116,134,619,2939,1700,1776,108,0,N\A
61,2008/04/22,7487,4923,36002,469,3265,251,710,5550,1204,1717,113,3,N\A
61,2008/05/08,6458,3114,35878,457,2124,198,585,4033,1504,1505,131,3,N\A
61,2008/05/24,5008,2676,2116,760,2285,347,1024,1185,2202,-355,151,0,N\A
61,2008/06/09,5102,2612,2116,679,2094,350,927,3673,2595,-348,169,0,N\A
61,2008/06/25,6579,3386,34842,465,2254,245,629,4043,1870,1348,179,3,N\A
61,2008/07/11,4847,1726,3222,448,1291,236,453,2977,1943,1461,204,3,N\A
61,2008/07/27,5652,2954,34842,585,2106,366,666,5958,3038,-209,212,3,N\A
61,2008/08/12,6255,2414,2116,358,1554,176,454,2986,1753,1744,236,0,N\A
61,2008/08/28,5528,2268,2116,474,1646,210,573,1184,2198,47,247,0,N\A
61,2008/09/13,6429,5852,2066,838,3856,799,953,5946,2975,115,260,3,N\A
61,2008/09/29,6877,3062,2116,355,1919,171,516,1736,2330,2182,277,0,N\A
61,2008/10/15,7023,3652,2116,416,2379,192,766,1194,2972,454,295,0,N\A
61,2008/10/31,6179,3271,2116,563,2384,246,865,1673,3192,2351,309,0,N\A
61,2008/11/16,6072,3075,2120,528,2161,274,984,4014,3435,2401,323,0,N\A
61,2008/12/02,5893,2745,2116,503,1947,242,738,2994,3927,2377,348,0,N\A
61,2008/12/18,4055,1451,34965,513,1213,298,680,4898,3890,2389,362,1,N\A
62,2008/01/01,5196,3486,2116,964,3050,517,1670,2259,4182,457,16,0,N\A
62,2008/01/17,5285,3599,2116,991,3213,497,1561,613,3805,2269,30,0,N\A
62,2008/02/02,5107,3578,4164,1045,3227,567,2033,878,3719,367,39,0,N\A
62,2008/02/18,5200,1223,3098,227,719,270,328,3224,2851,2153,60,3,N\A
62,2008/03/05,4210,2967,2116,1349,3311,650,2144,949,2888,245,71,0,N\A
62,2008/03/21,6292,3710,34841,584,2566,362,1416,6195,1530,2061,88,1,N\A
62,2008/04/06,3651,2571,2120,1503,3232,725,2233,4483,2697,22,98,0,N\A
62,2008/04/22,4259,2766,36889,1014,2519,667,1515,5690,1179,1693,113,1,N\A
62,2008/05/08,5877,3756,34893,768,2958,399,1454,603,1998,1449,142,1,N\A
62,2008/05/24,6587,4844,4164,764,3714,410,1554,869,2206,-385,151,0,N\A
62,2008/06/09,5500,3205,35037,702,2418,433,1239,5712,1566,1259,161,1,N\A
62,2008/06/25,4239,1922,34893,676,1671,372,381,3247,2008,1373,188,1,N\A
62,2008/07/11,3917,1247,34965,385,881,434,124,5051,1696,1391,202,1,N\A
62,2008/07/27,4158,2484,5146,823,1995,685,1336,2278,2384,-169,224,3,N\A
62,2008/08/12,6215,3125,2116,502,2151,263,673,3247,1726,1732,236,0,N\A
62,2008/08/28,6687,3880,2120,550,2771,235,705,4433,2609,-25,242,0,N\A
62,2008/09/13,7714,6944,3102,561,4348,544,821,4424,2638,106,258,3,N\A
62,2008/09/29,7659,4899,2116,423,3191,214,654,859,2533,318,279,0,N\A
62,2008/10/15,7444,5897,2120,644,4396,314,867,4424,3098,352,290,0,N\A
62,2008/10/31,4623,2492,2116,836,2274,382,1060,1964,3132,2329,309,0,N\A
62,2008/11/16,5449,3099,2120,734,2492,362,1129,4226,3375,2401,323,0,N\A
62,2008/12/02,4202,2391,2116,985,2413,453,1744,615,4012,2391,350,0,N\A
62,2008/12/18,4008,2749,2120,1337,3126,651,2185,4424,4357,476,354,0,N\A
63,2008/01/01,3970,1594,34841,539,1249,447,518,5759,3766,2398,1,1,N\A
63,2008/01/17,3766,1904,2116,801,1769,516,1347,2140,3947,390,32,0,N\A
63,2008/02/02,5894,4127,2189,856,3314,475,1508,5145,4057,322,43,1,N\A
63,2008/02/18,8073,4410,34838,273,2561,164,700,3321,2839,2152,60,3,N\A
63,2008/03/05,6927,4742,2116,576,3173,392,967,814,2874,215,71,0,N\A
63,2008/03/21,6958,6413,2122,850,4739,624,1766,4416,3000,131,82,3,N\A
63,2008/04/06,6767,4550,2120,614,3185,366,1239,4285,1643,1868,99,0,N\A
63,2008/04/22,5757,3604,2066,724,2689,454,1375,5733,1169,1687,113,3,N\A
63,2008/05/08,4617,2138,34837,683,1855,300,627,740,1989,1482,142,1,N\A
63,2008/05/24,3051,1952,2116,1503,2823,659,2226,2140,2402,-369,160,0,N\A
63,2008/06/09,5106,5023,2066,1292,3989,1109,1776,5780,2961,-323,164,3,N\A
63,2008/06/25,2768,1164,2116,806,1423,402,721,733,2382,-401,183,0,N\A
63,2008/07/11,5660,2027,3226,381,1375,187,612,5112,1689,1388,202,3,N\A
63,2008/07/27,4820,2268,3154,614,1757,379,787,2158,2372,-180,224,3,N\A
63,2008/08/12,6676,3852,34837,465,2333,400,545,3341,1714,1721,236,1,N\A
63,2008/08/28,8745,5492,2120,209,3124,148,663,4333,1557,1817,243,0,N\A
63,2008/09/13,7034,6604,2066,892,5123,1967,1954,4346,2624,104,258,3,N\A
63,2008/09/29,7083,4241,34893,487,2853,244,553,748,2576,2201,286,1,N\A
63,2008/10/15,6456,3770,2116,597,2773,257,796,2147,2671,2286,293,0,N\A
63,2008/10/31,5296,3492,2120,1004,3265,414,1070,4375,3456,429,306,0,N\A
63,2008/11/16,4312,2780,2120,1229,3093,494,1422,5791,4052,446,324,1,N\A
63,2008/12/02,4073,2181,2116,926,2199,422,1287,3350,3854,2375,348,0,N\A
63,2008/12/18,3496,2302,2120,1366,2835,677,1798,4341,4343,477,354,0,N\A
64,2008/01/01,5911,6825,3098,956,3721,1244,1397,3418,4376,465,9,3,N\A
64,2008/01/17,8002,4189,2185,283,2550,96,592,631,3862,2218,30,1,N\A
64,2008/02/02,8830,6064,34837,229,3688,107,652,2037,3625,2241,37,1,N\A
64,2008/02/18,2049,5487,2062,2978,4513,3385,2133,859,3368,332,55,3,N\A
64,2008/03/05,4065,5259,2066,1157,2742,1620,1368,5019,2243,2133,74,3,N\A
64,2008/03/21,4751,2714,2185,850,2389,442,1090,967,2498,153,87,1,N\A
64,2008/04/06,5875,3632,2261,790,3041,305,1374,5846,2959,12,100,1,N\A
64,2008/04/22,6088,4132,36002,818,3365,382,909,5196,2605,-151,123,3,N\A
64,2008/05/08,4779,3259,2066,821,2324,763,773,4245,1459,1508,131,3,N\A
64,2008/05/24,3634,1842,34837,873,1870,477,1022,833,2155,-382,151,1,N\A
64,2008/06/09,3097,1173,2116,664,1260,339,653,3418,2547,-347,169,0,N\A
64,2008/06/25,4613,1914,35038,578,1568,281,570,5712,1586,1281,177,3,N\A
64,2008/07/11,7661,4032,35874,317,2394,189,454,3247,1896,1472,204,3,N\A
64,2008/07/27,6771,5706,34842,731,3798,633,949,5824,2994,-209,212,3,N\A
64,2008/08/12,7414,4335,2116,410,2762,221,645,850,2177,-86,231,0,N\A
64,2008/08/28,8069,6197,35874,349,3266,479,727,2037,1870,1850,245,3,N\A
64,2008/09/13,7415,5892,3158,623,4198,369,885,4394,2650,125,258,3,N\A
64,2008/09/29,5447,3649,34837,826,2803,562,702,824,2577,320,279,1,N\A
64,2008/10/15,4695,2464,34893,828,2294,319,658,841,2969,437,295,1,N\A
64,2008/10/31,6601,3194,34841,459,2242,139,452,4227,3019,2388,307,1,N\A
64,2008/11/16,5660,1309,34841,197,711,277,377,4236,3446,2409,323,1,N\A
64,2008/12/02,1283,576,34837,676,875,840,455,3266,3935,2391,348,1,N\A
64,2008/12/18,478,1588,2062,4863,5352,4911,2370,824,4210,483,359,3,N\A
65,2008/01/01,5734,3860,35878,811,2992,498,743,4490,3680,2331,10,3,N\A
65,2008/01/17,6307,4184,34893,692,3056,411,853,2358,3604,2257,28,1,N\A
65,2008/02/02,5922,3897,34837,639,2495,590,737,3528,3376,2238,35,1,N\A
65,2008/02/18,3848,4246,35878,1478,3327,1508,1428,4470,2674,2161,58,3,N\A
65,2008/03/05,4868,3543,2116,1253,3631,583,1301,2012,2920,189,71,0,N\A
65,2008/03/21,2655,2100,34841,2191,3775,1076,1333,5194,1875,2021,81,1,N\A
65,2008/04/06,4698,3249,34841,941,2609,723,708,5205,1493,1851,97,1,N\A
65,2008/04/22,3293,2438,2066,1413,2801,940,538,4470,1496,1515,122,3,N\A
65,2008/05/08,3223,2229,34837,1569,3062,765,830,2349,1920,1412,140,1,N\A
65,2008/05/24,2901,1902,34837,1574,2861,719,835,974,2139,1373,149,1,N\A
65,2008/06/09,2952,1532,34837,1011,1858,547,675,974,2278,1347,165,1,N\A
65,2008/06/25,5905,4059,2120,904,3512,383,870,5053,2978,-363,178,1,N\A
65,2008/07/11,6570,4698,2066,602,2909,566,580,6361,1491,1316,207,3,N\A
65,2008/07/27,5620,3912,2066,849,3028,560,662,4249,2752,-244,217,3,N\A
65,2008/08/12,3565,2228,2116,1338,2821,562,781,1957,2353,-158,231,0,N\A
65,2008/08/28,5190,3643,3102,1094,3455,509,925,5052,2740,-68,242,3,N\A
65,2008/09/13,4516,2651,34842,1013,2682,403,603,5256,1445,1984,257,3,N\A
65,2008/09/29,3450,2015,34837,1189,2442,538,904,506,2556,375,286,1,N\A
65,2008/10/15,4850,3832,2066,1135,3273,818,1126,6244,3365,293,292,3,N\A
65,2008/10/31,4617,4159,2066,1364,3704,1043,983,6268,3687,371,308,3,N\A
65,2008/11/16,4473,2829,34893,1138,2980,471,664,2334,3518,2360,332,1,N\A
65,2008/12/02,4492,6238,2066,1367,3597,1715,1189,5866,3498,2434,344,3,N\A
65,2008/12/18,4513,4531,2066,1114,2947,1269,845,5871,3607,2407,360,3,N\A
66,2008/01/01,5534,3889,34837,938,3263,526,767,3212,4133,418,16,1,N\A
66,2008/01/17,3795,2181,34837,823,1830,697,577,948,3803,2284,21,1,N\A
66,2008/02/02,5838,5381,34841,960,3654,920,991,5235,3254,2285,33,1,N\A
66,2008/02/18,6091,5529,3102,906,3730,853,1146,4461,2676,2162,58,3,N\A
66,2008/03/05,4402,4770,2062,1264,3252,1389,1160,3463,2525,2088,67,3,N\A
66,2008/03/21,6523,5449,34841,627,2980,793,1064,5184,1877,2031,81,1,N\A
66,2008/04/06,6532,3543,2065,523,2494,230,764,5194,1495,1850,97,1,N\A
66,2008/04/22,3657,2963,34842,1075,2315,1107,802,5214,1335,1620,113,3,N\A
66,2008/05/08,3635,2276,35874,1067,2286,707,991,3221,2487,-344,144,3,N\A
66,2008/05/24,664,334,34837,1448,1654,657,457,947,2140,1379,149,1,N\A
66,2008/06/09,3063,1611,34893,1046,1970,521,789,956,2278,1358,165,1,N\A
66,2008/06/25,4003,2408,2116,1122,2620,507,983,3225,2729,-362,192,0,N\A
66,2008/07/11,5283,3470,2066,779,2524,617,599,6349,1493,1317,207,3,N\A
66,2008/07/27,6198,4955,34841,933,3976,563,961,6268,3216,-240,212,1,N\A
66,2008/08/12,4260,2619,34837,1137,2825,472,881,2321,1872,1672,236,1,N\A
66,2008/08/28,4266,2760,34841,979,2436,682,591,5236,1395,1740,241,1,N\A
66,2008/09/13,3903,2702,2066,1289,2940,720,785,6255,3025,69,260,3,N\A
66,2008/09/29,3236,1886,34893,1262,2470,538,758,533,2558,365,286,1,N\A
66,2008/10/15,5756,4398,35878,944,3505,615,937,6256,3369,296,292,3,N\A
66,2008/10/31,3440,1589,34837,754,1545,484,382,3482,2849,2348,307,1,N\A
66,2008/11/16,3396,1848,34893,1052,2134,508,473,561,3697,534,334,1,N\A
66,2008/12/02,4400,3187,2066,1142,2937,2213,1304,6360,3527,2440,351,3,N\A
66,2008/12/18,3957,3471,3098,910,2102,1197,852,3203,4179,451,2,3,N\A
67,2008/01/01,7317,3853,34841,407,2627,89,619,4660,4230,406,9,1,N\A
67,2008/01/17,7737,6068,34841,653,5119,85,1439,6002,4314,334,27,1,N\A
67,2008/02/02,7520,4713,2116,439,3102,215,847,2995,3332,2222,35,0,N\A
67,2008/02/18,4162,2993,3098,1284,3115,737,999,227,3130,2186,53,3,N\A
67,2008/03/05,4718,2841,34838,924,2575,479,1567,1609,2419,1965,76,3,N\A
67,2008/03/21,3836,2759,2116,1594,3578,689,2492,2710,2613,60,87,0,N\A
67,2008/04/06,4837,3196,34841,755,2170,751,1228,4858,1557,1801,97,1,N\A
67,2008/04/22,4723,2379,35874,712,1987,382,1430,3758,2510,-281,128,3,N\A
67,2008/05/08,2717,1314,34837,1033,1804,445,978,1248,2345,-371,142,1,N\A
67,2008/05/24,5712,3288,36002,705,2584,337,881,6488,3199,-322,148,3,N\A
67,2008/06/09,2489,980,2116,810,1347,336,554,2995,2181,1302,163,0,N\A
67,2008/06/25,6425,4150,34965,696,3198,307,1056,6484,3392,-354,180,1,N\A
67,2008/07/11,7174,4827,34898,530,3222,328,951,4670,2977,-335,201,3,N\A
67,2008/07/27,6649,3778,2116,508,2524,298,644,1258,2404,-279,222,0,N\A
67,2008/08/12,7466,4227,3154,382,2633,215,608,1700,1974,1640,236,3,N\A
67,2008/08/28,4786,2651,34837,798,2263,432,939,257,2062,1847,245,1,N\A
67,2008/09/13,6628,3905,2116,555,2737,280,662,3005,1769,1920,259,0,N\A
67,2008/09/29,4600,2133,2120,700,1893,282,884,4062,2020,2199,282,0,N\A
67,2008/10/15,5228,2181,34842,548,1749,170,685,4918,2116,2286,289,3,N\A
67,2008/10/31,5304,3759,35038,957,3119,598,989,6020,3702,389,315,3,N\A
67,2008/11/16,6535,5249,35998,763,3642,601,1180,3749,3832,470,336,3,N\A
67,2008/12/02,5987,5340,2062,934,3721,837,1019,3740,4051,462,352,3,N\A
67,2008/12/18,7895,5158,36002,387,3291,205,899,4919,3543,2382,353,3,N\A
68,2008/01/01,6572,4493,34841,560,2708,549,798,6457,3351,2396,6,1,N\A
68,2008/01/17,6513,5113,2261,947,4486,382,1576,6197,4321,319,27,1,N\A
68,2008/02/02,5963,3445,2116,644,2547,347,1272,320,3493,288,37,0,N\A
68,2008/02/18,5405,3368,2116,865,2900,398,1244,3072,3343,248,55,0,N\A
68,2008/03/05,4216,2794,34841,1129,2775,643,1258,5329,2026,2054,72,1,N\A
68,2008/03/21,4761,3199,2116,1111,3131,535,1997,3147,2662,30,87,0,N\A
68,2008/04/06,5110,2906,2116,794,2454,392,1483,398,2173,-63,101,0,N\A
68,2008/04/22,5779,3193,35930,655,2449,311,857,3081,2414,-238,119,3,N\A
68,2008/05/08,4572,1976,2185,603,1619,318,781,1174,2157,1369,140,1,N\A
68,2008/05/24,5293,2025,36074,453,1472,215,740,4629,1857,1288,145,3,N\A
68,2008/06/09,4551,1862,2116,577,1541,275,683,307,2521,-469,165,0,N\A
68,2008/06/25,6450,3417,2120,508,2354,253,778,4116,2961,-381,192,0,N\A
68,2008/07/11,5876,4015,2066,609,2345,692,623,5950,1736,1299,207,3,N\A
68,2008/07/27,5791,2891,3222,558,2094,288,703,1784,2487,-276,222,3,N\A
68,2008/08/12,6770,3339,34893,415,2155,216,764,1173,2048,1617,236,1,N\A
68,2008/08/28,7691,4124,34965,325,2491,175,574,4619,1553,1665,241,1,N\A
68,2008/09/13,5224,2893,34893,744,2372,369,919,1191,2018,1973,268,1,N\A
68,2008/09/29,4434,2153,2116,731,1896,368,855,1756,2544,308,286,0,N\A
68,2008/10/15,5103,2753,2116,744,2295,357,952,3062,2841,357,295,0,N\A
68,2008/10/31,5122,2297,34961,587,1820,257,482,2505,2754,2306,307,1,N\A
68,2008/11/16,6244,3248,2116,516,2232,283,822,1784,3610,492,334,0,N\A
68,2008/12/02,7279,2986,35878,295,1874,57,762,4609,3316,2387,337,3,N\A
68,2008/12/18,5828,4537,34837,918,3483,648,1332,3043,4000,459,359,1,N\A
69,2008/01/01,5767,3697,2065,681,2537,543,850,6291,4402,352,15,1,N\A
69,2008/01/17,8343,5235,2116,268,2967,225,458,2321,3503,2246,23,0,N\A
69,2008/02/02,7606,5058,2185,454,3340,240,671,2021,3639,338,34,1,N\A
69,2008/02/18,9031,6156,2189,190,3732,65,603,4461,2667,2145,53,1,N\A
69,2008/03/05,8032,4855,2116,328,3006,158,566,2248,2439,1990,71,0,N\A
69,2008/03/21,6328,4509,2116,786,3496,425,904,2131,2626,58,82,0,N\A
69,2008/04/06,5373,3083,2185,792,2632,329,1000,3314,2475,-150,107,1,N\A
69,2008/04/22,6519,4231,2190,656,3114,337,859,6302,3074,-259,127,3,N\A
69,2008/05/08,3517,1660,2116,834,1739,416,419,911,2267,1350,144,0,N\A
69,2008/05/24,3209,1329,2116,749,1457,352,328,2322,2226,1320,151,0,N\A
69,2008/06/09,2281,1047,34961,1042,1658,428,320,920,2525,1304,176,1,N\A
69,2008/06/25,5921,3070,2116,540,2108,344,532,912,2519,1336,192,0,N\A
69,2008/07/11,6456,3614,34893,523,2429,318,439,2021,2761,-420,194,1,N\A
69,2008/07/27,7873,4278,2116,305,2563,160,390,894,2236,1490,224,0,N\A
69,2008/08/12,7454,4161,2116,379,2599,205,564,912,2055,1627,240,0,N\A
69,2008/08/28,7880,4869,2116,356,3004,206,498,2312,1850,1723,247,0,N\A
69,2008/09/13,6584,4760,2116,757,3676,385,840,2020,2269,37,258,0,N\A
69,2008/09/29,6836,3959,3102,470,2501,333,666,5877,1521,2186,275,3,N\A
69,2008/10/15,4124,3098,34842,970,2332,955,951,4471,2176,2275,293,3,N\A
69,2008/10/31,5836,2099,35878,357,1358,211,453,4442,2624,2346,309,3,N\A
69,2008/11/16,3770,1712,2116,764,1689,369,426,2058,3335,457,322,0,N\A
69,2008/12/02,2893,1258,2116,830,1506,408,375,3510,3505,2346,350,0,N\A
69,2008/12/18,4412,1712,35878,511,1318,347,401,5256,3442,2366,364,3,N\A
70,2008/01/01,7944,5169,35878,394,3440,143,706,5266,3367,2328,12,3,N\A
70,2008/01/17,7178,5772,2116,676,4115,437,1112,3249,3839,362,27,0,N\A
70,2008/02/02,4501,2841,2116,1050,2769,526,1356,2002,3625,344,34,0,N\A
70,2008/02/18,5788,2103,34965,371,1391,199,613,4481,2652,2144,53,1,N\A
70,2008/03/05,3672,2152,34837,989,2137,632,1018,2267,2430,2000,71,1,N\A
70,2008/03/21,5434,3174,2116,764,2583,379,1154,849,2107,1776,96,0,N\A
70,2008/04/06,3720,2289,2116,1377,3009,460,736,3305,2479,-150,107,0,N\A
70,2008/04/22,3776,2249,34842,885,1959,711,696,5109,2785,-271,125,3,N\A
70,2008/05/08,3829,1705,2185,725,1625,371,466,3520,2017,1311,142,1,N\A
70,2008/05/24,5939,2289,35037,453,1778,4,540,5877,1763,1207,147,1,N\A
70,2008/06/09,6625,3301,2120,422,2079,275,378,4490,2157,1232,165,0,N\A
70,2008/06/25,8214,4547,2116,257,2622,155,389,2340,2434,1314,183,0,N\A
70,2008/07/11,8925,5582,2262,189,3330,53,502,5246,1971,1303,204,3,N\A
70,2008/07/27,6908,3926,2116,474,2592,260,420,920,2244,1520,224,0,N\A
70,2008/08/12,5470,2848,2116,659,2251,298,400,2321,2013,1550,231,0,N\A
70,2008/08/28,4739,2685,34965,858,2404,421,859,5747,2917,-98,246,1,N\A
70,2008/09/13,3731,2182,2116,1080,2366,549,1008,1994,2266,14,258,0,N\A
70,2008/09/29,4930,2207,35878,562,1655,353,376,6384,1604,2299,282,3,N\A
70,2008/10/15,4962,2457,2189,568,1687,495,396,5877,1946,2329,291,1,N\A
70,2008/10/31,8129,4737,2190,297,2879,138,608,5232,2732,2389,316,3,N\A
70,2008/11/16,6014,2967,2116,533,2142,238,563,2039,3317,465,322,0,N\A
70,2008/12/02,8250,5131,2116,294,3067,176,565,560,3651,501,345,0,N\A
70,2008/12/18,4867,4996,2066,1103,3195,1246,856,5266,3423,2362,364,3,N\A
71,2008/01/01,7171,3170,34893,320,1943,142,312,2406,3923,437,2,1,N\A
71,2008/01/17,7731,4887,2116,391,3056,236,574,469,3472,2164,32,0,N\A
71,2008/02/02,6512,4831,2116,805,3812,411,975,2415,3655,333,34,0,N\A
71,2008/02/18,6219,3741,34897,637,2733,340,707,4198,2683,2133,53,1,N\A
71,2008/03/05,4083,2158,2116,870,2071,451,727,1846,2469,1977,71,0,N\A
71,2008/03/21,4493,2724,2116,978,2574,506,624,3673,2671,-14,91,0,N\A
71,2008/04/06,2733,1338,2116,1066,1868,438,284,2498,2438,-76,98,0,N\A
71,2008/04/22,4512,2571,34842,880,2327,472,561,5331,2834,-269,125,3,N\A
71,2008/05/08,6769,3835,2116,507,2632,243,662,3172,2059,1323,142,0,N\A
71,2008/05/24,6645,4286,2185,627,3111,318,822,2414,2596,-406,146,1,N\A
71,2008/06/09,8104,5229,2120,352,3363,144,618,4218,2196,1252,165,0,N\A
71,2008/06/25,8037,5493,2116,391,3594,182,540,2415,2828,-444,178,0,N\A
71,2008/07/11,5490,3670,35878,823,2827,2041,813,5026,2013,1308,204,3,N\A
71,2008/07/27,5318,3270,2185,845,2765,421,795,1891,2264,1441,215,1,N\A
71,2008/08/12,4567,2500,2116,848,2274,414,831,1910,2061,1560,231,0,N\A
71,2008/08/28,5398,2733,36002,624,2088,326,571,4207,1611,1685,245,3,N\A
71,2008/09/13,3583,2154,2116,1180,2498,571,1088,2414,2313,27,258,0,N\A
71,2008/09/29,4262,3376,2066,941,2339,1018,670,5310,2922,226,285,3,N\A
71,2008/10/15,3909,4069,2066,1621,3702,1419,1328,6435,3467,306,303,3,N\A
71,2008/10/31,7222,4177,36002,439,2722,226,728,5680,2437,2385,307,3,N\A
71,2008/11/16,8190,6136,34961,400,4020,223,661,3163,3273,2356,334,1,N\A
71,2008/12/02,7853,6565,2120,576,4791,293,1007,5316,4079,425,349,1,N\A
71,2008/12/18,5454,6449,2066,1529,5199,1353,1558,6423,4413,379,1,3,N\A
72,2008/01/01,8408,6592,34841,363,4199,244,596,5000,3376,2323,12,1,N\A
72,2008/01/17,5393,3264,2116,800,2673,417,1228,369,3471,2199,32,0,N\A
72,2008/02/02,5065,3502,2116,1099,3355,513,1345,2507,3656,343,34,0,N\A
72,2008/02/18,2901,1633,2120,1178,2141,596,550,5373,3515,171,61,1,N\A
72,2008/03/05,4404,3266,34841,1229,3164,764,1052,5992,3480,107,70,1,N\A
72,2008/03/21,3030,1676,2116,1219,2279,505,786,3749,2683,-22,91,0,N\A
72,2008/04/06,2980,1721,2116,1246,2304,589,477,2581,2450,-85,98,0,N\A
72,2008/04/22,4180,3039,3226,1221,2975,783,1055,6471,3145,-264,127,3,N\A
72,2008/05/08,6016,3834,2116,718,2887,407,728,3098,2078,1326,142,0,N\A
72,2008/05/24,7232,8349,34841,730,4546,1000,1288,5968,3171,-366,150,1,N\A
72,2008/06/09,8351,5629,35934,303,3372,208,505,5666,2000,1186,163,3,N\A
72,2008/06/25,5530,3795,35037,1062,3690,367,764,6196,1963,1178,186,1,N\A
72,2008/07/11,4924,4745,2062,1143,3361,1138,652,1140,2673,-426,201,3,N\A
72,2008/07/27,7628,3814,35037,301,2238,180,638,6195,1594,1337,218,1,N\A
72,2008/08/12,3927,2487,34893,1229,2819,562,1008,1810,2077,1537,231,1,N\A
72,2008/08/28,3113,1427,34897,899,1712,382,488,4149,1623,1683,245,1,N\A
72,2008/09/13,2182,1298,2185,1551,2417,674,568,3107,1810,2006,270,1,N\A
72,2008/09/29,2237,1344,34837,1625,2562,652,743,1112,2351,244,281,1,N\A
72,2008/10/15,3474,2171,2066,923,1906,817,476,5373,3194,323,301,3,N\A
72,2008/10/31,6784,5320,34842,775,4045,444,819,5984,3488,346,310,3,N\A
72,2008/11/16,6624,4390,2116,698,3438,270,688,2534,3335,461,322,0,N\A
72,2008/12/02,7590,6772,35878,659,4812,458,906,5362,4077,423,349,3,N\A
72,2008/12/18,5894,6691,2062,1170,4529,1200,824,2498,3848,463,354,3,N\A
73,2008/01/01,6640,4989,34965,652,3229,564,1031,6303,4372,344,15,1,N\A
73,2008/01/17,6319,3615,2116,559,2479,341,683,615,3635,371,25,0,N\A
73,2008/02/02,5051,2918,2116,786,2391,448,1145,2057,3609,344,34,0,N\A
73,2008/02/18,6360,4015,2066,496,2230,588,954,5855,2479,2193,51,3,N\A
73,2008/03/05,4394,2289,2116,810,2080,410,903,2221,2423,1990,71,0,N\A
73,2008/03/21,4427,2550,2116,901,2333,494,1498,3381,2631,-26,91,0,N\A
73,2008/04/06,6442,3176,2189,463,2140,229,562,5205,1449,1573,108,1,N\A
73,2008/04/22,5796,4057,2066,650,2443,706,619,6360,1292,1328,122,3,N\A
73,2008/05/08,6675,4867,3102,456,2287,749,735,6372,1559,1198,138,3,N\A
73,2008/05/24,5336,4746,2065,1192,3920,894,929,5779,3135,-373,150,1,N\A
73,2008/06/09,5310,1504,34837,249,813,391,370,893,2571,1325,176,1,N\A
73,2008/06/25,5437,2985,34893,730,2470,304,611,2048,2813,-443,178,1,N\A
73,2008/07/11,2919,2539,34837,1307,2385,1282,1040,2057,2803,-415,194,1,N\A
73,2008/07/27,2891,1948,34837,1422,2579,835,725,2257,2244,1420,215,1,N\A
73,2008/08/12,4382,2203,2116,810,2074,346,605,884,2074,1641,240,0,N\A
73,2008/08/28,3169,4502,34841,1602,3089,1926,1141,4461,1574,1679,245,1,N\A
73,2008/09/13,3915,3361,34841,1847,4224,1017,1160,5124,2733,94,269,1,N\A
73,2008/09/29,7161,4776,34897,562,3398,257,869,5769,2933,154,278,1,N\A
73,2008/10/15,7040,4841,34966,616,3547,281,836,5134,3146,325,301,3,N\A
73,2008/10/31,8195,5006,35878,298,3005,170,564,5844,2397,2392,307,3,N\A
73,2008/11/16,4839,2482,2116,749,2154,333,752,2085,3294,463,322,0,N\A
73,2008/12/02,7319,4400,35874,434,2804,259,487,614,3626,506,345,3,N\A
73,2008/12/18,5214,2797,3154,714,2270,353,960,902,3690,2290,2,3,N\A
74,2008/01/01,4742,2836,2061,940,2636,444,795,2802,3957,432,2,1,N\A
74,2008/01/17,3984,2167,2116,911,2118,488,1246,9,3509,1906,32,0,N\A
74,2008/02/02,4860,3631,34841,1169,3380,690,1525,6093,4108,278,38,1,N\A
74,2008/02/18,3839,1812,34961,839,1885,332,337,51,2813,470,64,1,N\A
74,2008/03/05,3834,2003,2116,840,1885,518,432,2727,2215,1944,78,0,N\A
74,2008/03/21,3774,2147,2120,1011,2237,537,678,4876,2975,34,84,1,N\A
74,2008/04/06,1311,667,2116,1196,1557,695,253,2876,2483,-76,98,0,N\A
74,2008/04/22,2621,1612,35874,1313,2246,755,370,3940,2579,-271,123,3,N\A
74,2008/05/08,5064,3383,2185,845,2579,645,719,2810,2090,1332,142,1,N\A
74,2008/05/24,6545,4266,2116,654,3132,338,555,1465,2574,-457,153,0,N\A
74,2008/06/09,8029,5637,2116,386,3532,253,538,1465,2701,-459,169,0,N\A
74,2008/06/25,9074,6537,34841,190,3915,108,574,5509,2074,1212,179,1,N\A
74,2008/07/11,8041,6240,34842,420,3869,343,797,5509,2014,1252,195,3,N\A
74,2008/07/27,5393,2980,35878,711,2376,357,654,6068,1609,1351,218,3,N\A
74,2008/08/12,1892,846,2116,1022,1499,473,320,1473,2103,1568,231,0,N\A
74,2008/08/28,2842,1956,2066,1396,2505,895,816,5520,2824,-40,253,3,N\A
74,2008/09/13,2500,3016,2066,2200,3667,1961,1793,5515,2822,95,269,3,N\A
74,2008/09/29,2743,1556,2116,1193,2095,636,421,1465,2391,257,281,0,N\A
74,2008/10/15,7571,4918,3226,435,3147,263,602,5508,1991,2304,291,3,N\A
74,2008/10/31,8282,5918,34965,313,3331,328,523,5487,2462,2375,307,1,N\A
74,2008/11/16,8737,6776,34965,294,4365,148,606,4788,3137,2392,332,1,N\A
74,2008/12/02,6408,5034,34897,969,4427,409,1094,5521,4115,423,349,1,N\A
74,2008/12/18,3440,1836,2062,942,1930,551,466,1465,3841,466,361,3,N\A
75,2008/01/01,2834,1648,2257,1288,2307,611,691,3199,4086,2348,5,1,N\A
75,2008/01/17,4383,2527,2189,1020,2612,398,570,4207,3728,2309,28,1,N\A
75,2008/02/02,7449,6047,34841,686,4693,299,1002,5207,4309,367,36,1,N\A
75,2008/02/18,7267,6614,34841,786,4968,517,1103,6351,4155,276,54,1,N\A
75,2008/03/05,5857,3876,2116,835,3196,397,914,1022,2714,224,80,0,N\A
75,2008/03/21,5581,4352,2120,1080,3809,615,1503,4493,2850,102,91,0,N\A
75,2008/04/06,5997,3360,2120,612,2446,330,912,4159,1527,1828,108,0,N\A
75,2008/04/22,4234,2366,2185,964,2380,427,701,1937,1701,1605,126,1,N\A
75,2008/05/08,3945,2159,2257,999,2301,430,765,913,2061,-283,144,1,N\A
75,2008/05/24,3355,2109,2116,1280,2573,657,822,904,2178,-366,160,0,N\A
75,2008/06/09,3365,1971,2116,1152,2321,588,478,904,2269,-355,176,0,N\A
75,2008/06/25,6331,3931,34965,668,2974,309,704,6339,3104,-273,182,1,N\A
75,2008/07/11,6136,3185,2116,543,2268,265,439,1946,1985,1508,206,0,N\A
75,2008/07/27,8279,5188,2120,301,3197,140,589,5000,1537,1506,211,1,N\A
75,2008/08/12,7982,6071,34841,371,3307,459,547,6183,1156,1635,225,1,N\A
75,2008/08/28,7483,4535,2185,426,2959,207,532,3190,1747,1887,245,1,N\A
75,2008/09/13,6057,4494,34842,949,3865,445,1005,5206,2833,149,260,3,N\A
75,2008/09/29,5077,2933,34837,717,2196,519,830,3200,2291,2219,277,1,N\A
75,2008/10/15,4132,2330,2116,964,2322,472,758,2296,3181,451,297,0,N\A
75,2008/10/31,5970,2569,2261,442,1752,221,511,4989,3051,2416,307,1,N\A
75,2008/11/16,3179,1862,34965,1181,2282,612,757,5228,4103,481,324,1,N\A
75,2008/12/02,1228,615,2189,1317,1686,614,194,4197,3965,2398,348,1,N\A
75,2008/12/18,1569,2842,2066,2046,2808,2451,1358,6194,3872,2446,353,3,N\A
76,2008/01/01,6862,3751,34893,452,2429,262,494,606,4167,485,16,1,N\A
76,2008/01/17,6890,3863,2185,503,2732,177,663,2238,3789,2262,30,1,N\A
76,2008/02/02,7764,4992,35033,414,3290,183,827,3425,3551,2265,37,1,N\A
76,2008/02/18,3299,7262,2066,1325,2630,2145,1367,6256,4104,271,54,3,N\A
76,2008/03/05,6048,3965,34841,777,3156,376,1100,4317,3194,199,75,1,N\A
76,2008/03/21,6468,3386,35037,506,2360,228,674,5101,1960,2081,83,1,N\A
76,2008/04/06,4278,2122,2116,761,1899,408,665,3315,2530,49,98,0,N\A
76,2008/04/22,4441,2007,2116,657,1707,343,536,2220,1688,1596,126,0,N\A
76,2008/05/08,1079,383,34837,843,1047,373,144,615,2060,-326,144,1,N\A
76,2008/05/24,3961,1648,34961,644,1489,338,453,606,2183,-338,160,1,N\A
76,2008/06/09,5202,2456,2116,579,1835,337,435,2012,2372,-366,169,0,N\A
76,2008/06/25,6400,4268,34842,572,2606,550,561,6300,1432,1247,177,3,N\A
76,2008/07/11,6488,3860,34893,577,2709,315,689,2040,2419,-278,201,1,N\A
76,2008/07/27,7965,4955,35878,339,2994,218,851,5152,1535,1486,211,3,N\A
76,2008/08/12,7549,5623,34966,510,3652,366,610,6288,1140,1614,225,3,N\A
76,2008/08/28,6448,3540,34965,541,2506,250,582,6300,1122,1889,241,1,N\A
76,2008/09/13,5258,2371,34837,586,1886,226,413,866,2161,2024,263,1,N\A
76,2008/09/29,4293,1745,2185,606,1518,279,470,3434,2234,2222,277,1,N\A
76,2008/10/15,3930,3599,2066,990,2272,1241,1029,5063,3300,365,292,3,N\A
76,2008/10/31,7000,4798,36002,593,3361,333,607,5737,3980,446,317,3,N\A
76,2008/11/16,6123,3233,34893,552,2296,283,538,3278,3835,503,322,1,N\A
76,2008/12/02,6325,3608,34961,575,2555,305,641,608,4185,493,352,1,N\A
76,2008/12/18,4106,2684,34841,933,2233,763,584,5788,3878,2411,362,1,N\A
77,2008/01/01,8646,1768,34837,59,813,68,281,443,4151,466,16,1,N\A
77,2008/01/17,7704,4678,2116,381,2938,208,625,1028,3977,2261,23,0,N\A
77,2008/02/02,7485,4900,34965,475,3303,230,752,5245,3424,2306,35,1,N\A
77,2008/02/18,3011,3445,34842,1870,3482,1734,1249,4470,2789,2192,60,3,N\A
77,2008/03/05,5721,2893,2185,584,2146,287,699,562,2649,170,80,1,N\A
77,2008/03/21,5704,2622,2185,523,1912,241,483,902,2333,1981,87,1,N\A
77,2008/04/06,6825,3980,2185,480,2544,328,667,947,1990,1834,103,1,N\A
77,2008/04/22,7403,5615,2185,591,3961,334,945,3156,2305,-84,114,1,N\A
77,2008/05/08,8100,4020,2185,240,2287,133,291,2385,1762,1472,142,1,N\A
77,2008/05/24,7273,3961,34837,392,2484,218,560,1028,1971,1432,151,1,N\A
77,2008/06/09,6279,3425,2116,535,2341,316,687,1866,2364,-373,169,0,N\A
77,2008/06/25,7331,4015,35038,400,2598,175,612,6348,1429,1235,177,3,N\A
77,2008/07/11,7426,3835,34965,359,2431,144,430,5844,1461,1388,202,1,N\A
77,2008/07/27,6343,6132,2066,795,3553,944,883,5002,2800,-210,212,3,N\A
77,2008/08/12,7001,4479,35874,499,2829,376,832,1010,1983,1697,231,3,N\A
77,2008/08/28,6630,4451,34893,659,3253,352,815,3123,2411,-4,242,1,N\A
77,2008/09/13,7737,4498,35038,356,2791,186,728,5245,1597,2101,259,3,N\A
77,2008/09/29,6884,3851,2185,477,2585,235,613,3557,2216,2224,277,1,N\A
77,2008/10/15,6537,3788,2116,560,2675,277,643,3119,3027,394,290,0,N\A
77,2008/10/31,6983,4364,2116,530,2984,281,575,3156,3428,459,306,0,N\A
77,2008/11/16,6360,3600,2116,575,2585,277,699,3156,3819,502,322,0,N\A
77,2008/12/02,7329,4438,2185,428,2777,282,622,1875,4165,531,345,1,N\A
77,2008/12/18,2985,5178,2066,2070,3832,2366,1296,4499,3963,2382,364,3,N\A
78,2008/01/01,3148,1185,2189,656,1259,330,358,4840,4532,452,4,1,N\A
78,2008/01/17,3830,1319,2116,525,1177,263,276,1309,3945,2268,23,0,N\A
78,2008/02/02,6390,2740,34961,392,1780,196,459,3746,3502,2264,37,1,N\A
78,2008/02/18,8697,5265,3222,210,3014,128,537,2597,2899,2147,62,3,N\A
78,2008/03/05,8104,4863,2116,310,2961,159,520,274,2616,131,80,0,N\A
78,2008/03/21,8872,6568,34841,238,3984,154,586,5318,1908,2083,83,1,N\A
78,2008/04/06,6747,5195,2116,800,4119,393,1080,2969,2483,51,98,0,N\A
78,2008/04/22,4453,3117,34837,1180,3075,661,1307,2932,2279,-88,114,1,N\A
78,2008/05/08,5123,2162,35998,522,1619,276,573,2634,1748,1461,142,3,N\A
78,2008/05/24,4467,2018,34893,649,1697,348,706,1309,1959,1424,151,1,N\A
78,2008/06/09,4992,2388,2116,639,1913,322,719,1594,2351,-383,169,0,N\A
78,2008/06/25,4238,3286,2066,1065,2632,947,812,6444,1426,1222,177,3,N\A
78,2008/07/11,3394,1204,34962,579,1174,306,253,3988,2667,-265,203,3,N\A
78,2008/07/27,3197,2948,2062,1453,2819,1327,913,3988,2605,-183,219,3,N\A
78,2008/08/12,5000,2308,2185,636,1908,260,522,1291,1958,1692,231,1,N\A
78,2008/08/28,8414,6085,34965,271,3148,394,697,6432,1076,1875,241,1,N\A
78,2008/09/13,8215,5299,35874,307,3133,219,613,1309,2109,2037,263,3,N\A
78,2008/09/29,7641,5065,2116,440,3291,248,611,1593,2682,339,281,0,N\A
78,2008/10/15,7302,5193,3154,559,3586,316,864,2895,2994,395,290,3,N\A
78,2008/10/31,5503,5678,3098,335,1155,1274,894,2933,3395,460,306,3,N\A
78,2008/11/16,5421,2037,35037,448,1509,157,447,4638,3625,2422,332,1,N\A
78,2008/12/02,3069,1104,34961,622,1173,324,259,1611,4134,532,345,1,N\A
78,2008/12/18,2167,1023,3102,654,1016,813,373,4657,3933,2384,364,3,N\A
79,2008/01/01,7485,3948,35037,368,2559,119,456,6090,3726,2395,10,1,N\A
79,2008/01/17,7448,4280,2185,398,2722,205,555,179,3830,2227,32,1,N\A
79,2008/02/02,8186,5217,2185,337,3379,110,765,3975,3456,2266,37,1,N\A
79,2008/02/18,7313,5613,3098,490,3158,562,708,2874,2854,2140,62,3,N\A
79,2008/03/05,4173,2126,34893,828,2014,405,640,71,2573,1993,80,1,N\A
79,2008/03/21,4360,2329,2116,822,2093,451,1038,1509,2259,1956,87,0,N\A
79,2008/04/06,3858,2242,2116,1045,2358,532,932,2692,2446,35,98,0,N\A
79,2008/04/22,4034,2431,2116,1075,2529,537,1097,2659,2250,-98,114,0,N\A
79,2008/05/08,5230,3770,2066,760,2427,791,639,6530,957,1411,129,3,N\A
79,2008/05/24,3656,2118,2185,1144,2463,502,1464,2921,1885,1382,158,1,N\A
79,2008/06/09,4934,3426,35878,1241,3659,462,1673,5980,2992,-311,166,3,N\A
79,2008/06/25,3878,2099,2116,928,2104,489,354,1285,2398,-376,185,0,N\A
79,2008/07/11,6089,3418,2189,619,2547,288,531,4828,1687,1430,204,1,N\A
79,2008/07/27,4364,2508,34837,913,2327,495,833,163,2116,1529,224,1,N\A
79,2008/08/12,5234,2844,35998,813,2599,237,503,2902,1761,1759,238,3,N\A
79,2008/08/28,6506,3529,2185,505,2386,279,524,3985,1622,1863,245,1,N\A
79,2008/09/13,3986,2366,34837,1058,2461,532,785,1636,2066,2053,263,1,N\A
79,2008/09/29,5483,1692,34961,292,1001,304,193,3985,2138,2223,277,1,N\A
79,2008/10/15,5484,3194,34838,697,2390,443,637,3976,2593,2326,293,3,N\A
79,2008/10/31,4621,2652,2116,845,2297,491,511,2664,3350,468,306,0,N\A
79,2008/11/16,4583,2556,2116,849,2286,444,542,2655,3740,495,322,0,N\A
79,2008/12/02,4751,2397,2116,738,2074,343,479,1285,4088,514,345,0,N\A
79,2008/12/18,4245,5316,3102,1604,3971,1662,958,4847,3889,2383,364,3,N\A
80,2008/01/01,4752,1665,34961,471,1324,179,342,2920,3934,2316,14,1,N\A
80,2008/01/17,5783,3029,2185,620,2321,267,737,195,3827,2387,32,1,N\A
80,2008/02/02,7293,4214,2185,439,2805,187,740,3975,3454,2261,37,1,N\A
80,2008/02/18,7140,5540,34841,526,3153,594,655,4827,2706,2199,60,1,N\A
80,2008/03/05,5944,2964,34893,527,2072,294,596,88,2572,2370,80,1,N\A
80,2008/03/21,5289,3294,2116,870,2824,429,1182,1394,2484,110,89,0,N\A
80,2008/04/06,5519,2834,2116,641,2220,285,740,3928,1668,1862,101,0,N\A
80,2008/04/22,3906,2320,2116,1120,2556,507,1142,2664,2252,-100,114,0,N\A
80,2008/05/08,3866,1846,34837,836,1890,351,699,2911,1741,1432,142,1,N\A
80,2008/05/24,1754,934,34893,1438,2050,574,459,188,2157,1408,160,1,N\A
80,2008/06/09,3356,1789,2116,1065,2141,467,932,1275,2346,-365,169,0,N\A
80,2008/06/25,3840,2126,2116,1037,2330,447,552,1284,2401,-360,185,0,N\A
80,2008/07/11,7310,4219,34965,436,2806,184,599,4828,1689,1426,204,1,N\A
80,2008/07/27,5212,2577,2116,642,2040,311,813,172,2116,1714,224,0,N\A
80,2008/08/12,6673,5682,2066,755,3784,665,811,5991,2979,-110,230,3,N\A
80,2008/08/28,5381,3554,2116,901,3001,485,912,2627,2351,-9,242,0,N\A
80,2008/09/13,4692,2375,34893,720,1993,389,574,1636,2064,2039,263,1,N\A
80,2008/09/29,3940,1761,34893,732,1684,342,575,189,2699,2190,288,1,N\A
80,2008/10/15,3435,1858,2116,1095,2241,453,847,2618,2945,392,290,0,N\A
80,2008/10/31,2449,1315,2116,1239,2043,559,486,2655,3346,457,306,0,N\A
80,2008/11/16,2476,1290,2116,1306,2166,445,587,2655,3737,503,322,0,N\A
80,2008/12/02,4736,2236,2116,689,1929,294,601,1284,4085,530,345,0,N\A
80,2008/12/18,6218,7362,34841,667,2861,1255,795,4847,3886,2380,364,1,N\A
81,2008/01/01,2545,1567,2189,1211,2038,815,1074,4139,3908,2351,5,1,N\A
81,2008/01/17,4443,1740,34841,494,1284,387,588,4968,3547,2309,28,1,N\A
81,2008/02/02,3983,2169,34841,747,1736,643,668,4129,3427,2268,37,1,N\A
81,2008/02/18,6877,3338,36002,388,2097,217,385,4948,2680,2196,60,3,N\A
81,2008/03/05,6760,3799,34837,501,2592,245,714,305,2545,1997,80,1,N\A
81,2008/03/21,6345,4011,2116,661,2956,349,853,1166,2459,129,89,0,N\A
81,2008/04/06,7122,4038,2120,429,2553,264,619,5593,1399,1912,99,1,N\A
81,2008/04/22,4545,3142,2061,1185,3160,608,1195,2461,2231,-102,114,1,N\A
81,2008/05/08,3827,5972,2062,1589,3560,1979,1976,2434,2208,-235,130,3,N\A
81,2008/05/24,5584,2548,2116,531,1874,251,541,1855,1943,1421,151,0,N\A
81,2008/06/09,6045,3919,34897,755,3063,383,1027,5901,2983,-315,166,1,N\A
81,2008/06/25,5148,2881,35878,791,2470,353,658,5902,3055,-308,182,3,N\A
81,2008/07/11,5321,2963,34841,601,1968,539,656,4949,1679,1421,204,1,N\A
81,2008/07/27,5114,2760,2185,728,2252,376,715,405,2098,1594,224,1,N\A
81,2008/08/12,8558,6872,35878,371,4777,130,895,5290,2784,-64,237,3,N\A
81,2008/08/28,9605,5420,3098,54,2686,116,600,1854,1892,1860,247,3,N\A
81,2008/09/13,7471,5360,2061,527,3641,304,759,2415,2380,138,258,1,N\A
81,2008/09/29,5705,3031,34837,625,2286,312,496,1040,2606,349,281,1,N\A
81,2008/10/15,5491,3346,34837,810,2783,387,881,2415,2917,385,290,1,N\A
81,2008/10/31,5459,2813,2116,642,2186,309,740,2461,3320,468,306,0,N\A
81,2008/11/16,5550,2925,2116,636,2223,330,774,2452,3711,495,322,0,N\A
81,2008/12/02,3492,1337,34961,654,1356,288,518,3106,3919,2373,350,1,N\A
81,2008/12/18,730,2065,2066,3893,4507,4058,1520,4968,3862,2385,364,3,N\A
82,2008/01/01,6135,4301,35874,795,3319,456,1003,2367,3813,2295,14,3,N\A
82,2008/01/17,6811,3277,2116,408,2151,174,491,984,3790,2274,23,0,N\A
82,2008/02/02,5101,3258,34837,727,2241,665,810,3538,3349,2238,37,1,N\A
82,2008/02/18,5750,4935,35874,716,2654,951,1044,2321,2794,2100,62,3,N\A
82,2008/03/05,6236,6254,34842,1160,5004,880,1312,6268,3634,159,70,3,N\A
82,2008/03/21,6074,3937,2116,716,2932,421,1122,606,2245,14,96,0,N\A
82,2008/04/06,5735,3985,2120,889,3280,482,1008,4258,2559,-81,107,0,N\A
82,2008/04/22,4909,2930,34837,887,2598,443,1042,3230,2365,-140,114,1,N\A
82,2008/05/08,5318,1933,34838,438,1433,159,482,506,2203,-367,144,3,N\A
82,2008/05/24,4356,2015,34837,585,1488,506,469,984,2141,1414,151,1,N\A
82,2008/06/09,7599,4229,2116,349,2559,212,439,1930,2533,-412,169,0,N\A
82,2008/06/25,7998,4852,2116,331,2976,178,532,515,2450,-383,192,0,N\A
82,2008/07/11,7523,5618,2062,559,3955,293,708,2339,2119,1438,206,3,N\A
82,2008/07/27,5789,3124,34837,679,2546,224,769,525,2251,-204,224,1,N\A
82,2008/08/12,6559,4170,35878,544,2618,460,590,5246,1494,1559,227,3,N\A
82,2008/08/28,2972,1406,2116,856,1580,513,859,983,1974,1812,247,0,N\A
82,2008/09/13,4327,2911,2066,843,2129,819,752,6371,1200,2060,257,3,N\A
82,2008/09/29,8089,5778,35878,364,3446,306,709,5703,3133,268,285,3,N\A
82,2008/10/15,8480,6347,34965,341,4148,160,784,4229,3181,381,299,1,N\A
82,2008/10/31,8559,6163,2061,307,3956,133,821,3221,3247,434,306,1,N\A
82,2008/11/16,8180,5771,2189,389,3888,142,739,4471,3423,2398,332,1,N\A
82,2008/12/02,2248,2164,34841,2353,3718,1609,779,5865,3545,2432,346,1,N\A
82,2008/12/18,3389,5145,2066,1813,3672,2069,1319,6372,3561,2440,353,3,N\A
83,2008/01/01,6649,6449,2066,923,4586,790,1220,6283,4587,401,6,3,N\A
83,2008/01/17,7393,5058,2120,530,3536,248,818,4421,3448,2279,28,0,N\A
83,2008/02/02,5505,4363,2189,1283,4426,549,1450,5114,4098,332,36,1,N\A
83,2008/02/18,5130,3044,35874,744,2312,520,1057,678,2985,242,64,3,N\A
83,2008/03/05,5364,2977,34893,722,2393,359,1096,784,2673,2045,71,1,N\A
83,2008/03/21,5459,2955,34837,699,2380,314,1252,730,2282,1904,87,1,N\A
83,2008/04/06,4954,3305,2116,1000,2964,548,1711,775,2012,1744,103,0,N\A
83,2008/04/22,6471,2975,35998,445,2077,138,495,2229,1807,1516,126,3,N\A
83,2008/05/08,5405,2406,2185,519,1740,289,581,2248,1944,1407,142,1,N\A
83,2008/05/24,5264,2289,34842,456,1470,418,596,5193,1638,1292,147,3,N\A
83,2008/06/09,6341,2991,2116,442,1974,243,441,2048,2554,-415,169,0,N\A
83,2008/06/25,7414,3993,34893,376,2532,172,562,2248,2220,1369,190,1,N\A
83,2008/07/11,7128,8561,2066,848,5058,1047,1134,4307,2837,-305,203,3,N\A
83,2008/07/27,6364,3638,2116,583,2624,280,722,651,2269,-217,224,0,N\A
83,2008/08/12,5903,3201,2116,618,2399,293,705,839,2065,1616,231,0,N\A
83,2008/08/28,4984,3984,34842,1251,3738,752,1221,6291,3040,-37,246,3,N\A
83,2008/09/13,4472,3193,2066,877,2296,860,763,6335,1203,2048,257,3,N\A
83,2008/09/29,6412,3147,3102,410,1876,359,840,5821,1913,2307,282,3,N\A
83,2008/10/15,7212,5180,34965,523,3229,441,1198,4307,3181,385,299,1,N\A
83,2008/10/31,6637,6021,2066,786,3889,763,1163,5130,3489,401,308,3,N\A
83,2008/11/16,7674,4501,34893,372,2827,190,600,651,3744,525,336,1,N\A
83,2008/12/02,6672,3175,2185,409,2049,212,811,625,3957,475,352,1,N\A
83,2008/12/18,5407,4391,3102,978,3281,805,1156,4431,3734,2362,364,3,N\A
84,2008/01/01,6473,6718,35874,1014,4737,929,872,1939,4134,465,9,3,N\A
84,2008/01/17,7713,5684,34837,531,4113,206,594,516,3769,381,32,1,N\A
84,2008/02/02,7372,4618,2185,488,3227,177,777,3519,3383,2246,37,1,N\A
84,2008/02/18,3666,5429,2066,1567,3381,1924,1385,5843,2522,2218,58,3,N\A
84,2008/03/05,3845,4769,2062,1379,3102,1646,1608,2021,2895,204,73,3,N\A
84,2008/03/21,2320,1892,34961,2546,4085,1204,2021,3425,2056,1972,85,1,N\A
84,2008/04/06,7370,3949,34841,383,2530,165,780,6324,1222,1915,97,1,N\A
84,2008/04/22,1384,840,34837,1811,2393,794,673,2330,1767,1532,126,1,N\A
84,2008/05/08,2901,3160,3098,1479,2688,1600,1562,2349,1895,1418,142,3,N\A
84,2008/05/24,1295,587,34837,1223,1587,458,301,965,2112,1375,151,1,N\A
84,2008/06/09,7089,4595,2116,545,3200,270,559,1939,2504,-407,169,0,N\A
84,2008/06/25,7877,5182,36002,379,3192,1189,1306,5246,1821,1274,179,3,N\A
84,2008/07/11,6526,9045,3098,620,2950,1364,1583,2330,2092,1452,206,3,N\A
84,2008/07/27,4900,2907,34837,909,2656,412,805,533,2235,-213,224,1,N\A
84,2008/08/12,3781,2067,2116,1013,2245,457,885,956,2036,1634,231,0,N\A
84,2008/08/28,2599,1291,34893,1123,1912,450,519,3529,1679,1807,245,1,N\A
84,2008/09/13,3493,1978,2116,1054,2186,561,752,507,2321,283,272,0,N\A
84,2008/09/29,3748,2985,35878,1625,3574,934,1358,5704,3155,277,285,3,N\A
84,2008/10/15,3295,5667,34841,1791,3552,2204,1423,5246,2300,2342,291,1,N\A
84,2008/10/31,5334,1699,34837,303,996,349,198,2303,3264,2346,318,1,N\A
84,2008/11/16,7173,4706,34841,567,3445,208,619,4461,3465,2404,332,1,N\A
84,2008/12/02,6574,4711,34961,641,3101,519,919,2348,3843,2356,350,1,N\A
84,2008/12/18,4593,4220,2066,1067,2880,1139,971,4490,3780,2367,364,3,N\A
85,2008/01/01,6915,5990,2066,821,4502,542,1171,6435,4621,396,6,3,N\A
85,2008/01/17,6590,3706,2120,513,2496,293,965,4130,3474,2274,28,0,N\A
85,2008/02/02,5445,2705,2116,609,2065,302,1114,3088,3376,2220,37,0,N\A
85,2008/02/18,5503,4226,3226,1157,3989,557,1746,6435,4030,232,54,3,N\A
85,2008/03/05,4488,2392,2116,825,2169,410,1334,318,2713,2100,71,0,N\A
85,2008/03/21,4699,3202,2116,1077,2987,605,1927,3711,2861,107,82,0,N\A
85,2008/04/06,5802,3289,2116,670,2522,329,1158,3023,1785,1782,101,0,N\A
85,2008/04/22,5277,3538,3102,808,2614,627,639,4591,2565,-206,123,3,N\A
85,2008/05/08,2577,2344,2185,1035,1754,1373,1425,1828,1984,1421,142,1,N\A
85,2008/05/24,2201,1357,34837,1339,2095,827,1409,387,2201,1386,151,1,N\A
85,2008/06/09,6600,3337,2116,438,2139,270,533,2461,2593,-396,169,0,N\A
85,2008/06/25,7898,4876,36002,339,2888,247,705,6183,1701,1203,177,3,N\A
85,2008/07/11,8612,5793,34965,269,3609,108,465,4121,1934,1392,204,1,N\A
85,2008/07/27,6330,4214,34837,684,3044,420,936,1112,2315,-229,224,1,N\A
85,2008/08/12,4995,2917,2116,887,2658,374,681,378,2111,1629,231,0,N\A
85,2008/08/28,4874,3197,2116,1062,3082,488,1091,3635,2497,-62,242,0,N\A
85,2008/09/13,2844,1160,2185,795,1427,345,538,1085,2345,237,272,1,N\A
85,2008/09/29,5148,2162,34965,547,1708,209,577,5636,1937,2291,282,1,N\A
85,2008/10/15,4739,2143,2116,620,1737,324,707,3626,2911,342,290,0,N\A
85,2008/10/31,7833,5512,2120,447,3679,227,921,5353,3523,396,308,1,N\A
85,2008/11/16,8236,6102,2116,384,3970,211,754,3654,3648,467,322,0,N\A
85,2008/12/02,6584,3970,2116,583,2831,290,702,1094,3982,520,352,0,N\A
85,2008/12/18,6721,4951,34893,746,3805,378,905,3625,4162,481,354,1,N\A
86,2008/01/01,7235,5706,34842,578,3603,509,926,5636,3586,2364,10,3,N\A
86,2008/01/17,7271,4448,2116,464,2937,243,699,1818,3613,2239,30,0,N\A
86,2008/02/02,5625,3597,2116,791,2825,458,1052,369,3530,2195,39,0,N\A
86,2008/02/18,6639,5509,2189,928,4595,470,1584,6448,4034,235,54,1,N\A
86,2008/03/05,5214,3505,2116,935,2973,540,1419,1213,2625,122,80,0,N\A
86,2008/03/21,4883,3365,2116,1193,3470,495,1479,3721,2863,106,82,0,N\A
86,2008/04/06,4893,2628,2116,776,2263,370,912,297,2060,1782,103,0,N\A
86,2008/04/22,5156,2669,35878,698,2184,327,642,4601,2566,-207,123,3,N\A
86,2008/05/08,5522,2671,2185,602,2087,240,570,1809,1985,1396,142,1,N\A
86,2008/05/24,6845,3257,34837,403,2152,153,576,378,2202,1386,151,1,N\A
86,2008/06/09,7920,5124,2116,372,3206,215,630,2470,2594,-395,169,0,N\A
86,2008/06/25,8754,5644,35037,219,3298,130,651,6172,1704,1202,177,1,N\A
86,2008/07/11,7539,2590,36002,197,1404,125,270,4111,1935,1392,204,3,N\A
86,2008/07/27,5339,3221,3098,797,2623,431,940,1121,2316,-233,224,3,N\A
86,2008/08/12,5034,2515,2116,681,2062,323,594,369,2112,1643,231,0,N\A
86,2008/08/28,3824,1695,2116,746,1670,336,609,379,2035,1747,247,0,N\A
86,2008/09/13,5795,2885,2185,560,2104,278,499,1094,2346,237,272,1,N\A
86,2008/09/29,7408,4577,2116,427,2869,279,600,2470,2619,303,281,0,N\A
86,2008/10/15,7658,5031,2116,432,3258,241,644,3635,2912,342,290,0,N\A
86,2008/10/31,8025,6441,2120,495,4518,250,888,5353,3523,396,308,1,N\A
86,2008/11/16,7146,4887,2116,581,3491,279,778,3664,3649,466,322,0,N\A
86,2008/12/02,4755,2149,2116,654,1840,263,637,1103,3983,520,352,0,N\A
86,2008/12/18,6257,3883,34961,682,2963,316,826,3635,4163,475,354,1,N\A
87,2008/01/01,7274,4632,34961,518,3283,196,556,2165,3844,2290,14,1,N\A
87,2008/01/17,7222,4420,34965,493,3057,202,880,4353,3483,2282,28,1,N\A
87,2008/02/02,5859,3522,34837,712,2727,360,995,3369,3380,2235,37,1,N\A
87,2008/02/18,3844,4446,3098,1480,3329,1575,1510,2128,2824,2108,62,3,N\A
87,2008/03/05,4775,3426,35874,1118,3162,661,1244,2213,2906,196,73,3,N\A
87,2008/03/21,4876,2732,34893,873,2535,342,1445,631,2299,1928,87,1,N\A
87,2008/04/06,6273,3795,34961,661,2887,292,1056,2110,1803,1696,110,1,N\A
87,2008/04/22,5771,6451,3098,797,2973,1243,1869,3390,2381,-139,114,3,N\A
87,2008/05/08,5440,4182,2062,994,3366,687,788,3371,2387,-254,130,3,N\A
87,2008/05/24,5779,3005,2185,604,2258,283,552,3369,1875,1353,149,1,N\A
87,2008/06/09,5885,3488,2116,714,2757,320,1189,2135,2536,-402,169,0,N\A
87,2008/06/25,6664,4158,2116,593,2963,303,764,3352,2704,-377,178,0,N\A
87,2008/07/11,7859,4883,3098,340,2837,279,789,2147,2125,1453,206,3,N\A
87,2008/07/27,7524,5966,3226,606,4290,332,873,5165,2925,-250,212,3,N\A
87,2008/08/12,6944,4278,2116,536,2973,260,672,748,2063,1632,231,0,N\A
87,2008/08/28,6852,4736,34841,699,3742,250,932,5155,2750,-38,244,1,N\A
87,2008/09/13,5941,4226,2066,684,2687,659,666,6299,1229,2061,257,3,N\A
87,2008/09/29,5869,2881,2189,562,2159,223,560,5788,1948,2315,282,1,N\A
87,2008/10/15,5645,3345,2120,755,2713,348,1091,5155,3172,335,292,1,N\A
87,2008/10/31,5062,3246,34837,915,2791,511,847,3390,3279,427,306,1,N\A
87,2008/11/16,7535,5861,34837,463,3294,533,888,741,3780,513,336,1,N\A
87,2008/12/02,6395,4389,34837,567,2579,603,747,2165,3833,2355,350,1,N\A
87,2008/12/18,6539,5864,2066,756,3613,796,700,4363,3771,2364,364,3,N\A
88,2008/01/01,6243,5536,2062,809,3498,828,895,3775,3756,2334,5,3,N\A
88,2008/01/17,7770,4877,2116,393,3133,193,641,1309,3746,2260,23,0,N\A
88,2008/02/02,6377,5245,2189,1037,4688,468,1597,6139,4252,305,38,1,N\A
88,2008/02/18,5700,3955,34842,740,2702,632,982,5977,2446,2209,58,3,N\A
88,2008/03/05,5745,3750,34842,722,2672,534,1180,4628,2108,2050,76,3,N\A
88,2008/03/21,6049,4004,2116,664,2698,531,1503,3680,2001,1951,85,0,N\A
88,2008/04/06,5643,3237,2116,697,2503,365,1415,3714,1691,1779,101,0,N\A
88,2008/04/22,6476,4115,36002,638,2983,342,849,4026,2480,-216,123,3,N\A
88,2008/05/08,4555,2017,3222,622,1663,333,544,173,2195,-313,144,3,N\A
88,2008/05/24,6007,2885,34838,548,2197,160,636,1629,2408,-406,153,3,N\A
88,2008/06/09,7435,5187,2185,417,2835,491,925,175,2435,-332,176,1,N\A
88,2008/06/25,7132,7961,34841,727,4343,980,1290,5574,3106,-331,189,1,N\A
88,2008/07/11,8236,5126,36002,302,3123,157,533,4668,1867,1378,204,3,N\A
88,2008/07/27,5774,3297,2116,696,2598,314,718,198,2232,-378,224,0,N\A
88,2008/08/12,6895,5397,2189,766,4168,401,885,6139,3075,-152,230,1,N\A
88,2008/08/28,4335,3291,34841,1166,2951,852,813,6139,2995,-43,246,1,N\A
88,2008/09/13,5523,2813,2185,612,2122,317,568,156,2256,157,272,1,N\A
88,2008/09/29,8539,5853,2261,290,3681,125,853,5574,3091,272,285,1,N\A
88,2008/10/15,7682,4898,2189,420,3204,202,747,4874,3096,326,292,1,N\A
88,2008/10/31,7769,5471,3226,471,3753,211,805,4046,3510,447,315,3,N\A
88,2008/11/16,8441,5506,2189,280,3313,163,661,6458,3009,2470,321,1,N\A
88,2008/12/02,4996,2367,2116,652,1954,282,621,2647,3760,2355,350,0,N\A
88,2008/12/18,4192,3752,2066,1048,2561,1169,870,6469,3521,2442,353,3,N\A
89,2008/01/01,4946,2523,35930,801,2369,219,417,2735,3735,2297,14,3,N\A
89,2008/01/17,5168,1850,34837,365,1146,371,519,1409,3713,2257,23,1,N\A
89,2008/02/02,6234,3308,2116,537,2315,280,923,3842,3272,2233,37,0,N\A
89,2008/02/18,9007,6283,3102,172,3294,254,1004,5444,2721,2217,51,3,N\A
89,2008/03/05,6808,4329,2116,574,3023,310,740,191,2515,178,80,0,N\A
89,2008/03/21,6579,5241,2116,847,4106,486,1356,1653,2467,58,89,0,N\A
89,2008/04/06,6070,3748,2116,709,2900,339,1195,3785,1683,1769,101,0,N\A
89,2008/04/22,5002,3746,2062,947,2843,783,931,3969,2486,-224,123,3,N\A
89,2008/05/08,3048,1460,2185,961,1804,419,817,76,2209,-230,144,1,N\A
89,2008/05/24,3409,1435,2116,751,1528,334,625,1409,2153,1374,151,0,N\A
89,2008/06/09,7193,4656,34837,482,2953,344,681,1529,2544,-421,169,1,N\A
89,2008/06/25,8519,5736,34893,277,3464,165,574,2726,2213,1356,190,1,N\A
89,2008/07/11,8239,5069,35878,276,2859,237,495,4728,1884,1365,204,3,N\A
89,2008/07/27,4750,2843,2116,1031,2897,357,837,105,2237,-530,224,0,N\A
89,2008/08/12,4712,2795,2116,934,2599,442,790,1391,2025,1627,231,0,N\A
89,2008/08/28,3613,1719,2120,874,1863,364,461,4830,2693,-59,244,1,N\A
89,2008/09/13,4303,2529,35874,846,2124,609,562,64,2233,-71,272,3,N\A
89,2008/09/29,7089,4177,2116,467,2742,257,672,1529,2507,302,281,0,N\A
89,2008/10/15,8704,6472,34965,302,4361,66,1033,4830,3070,326,292,1,N\A
89,2008/10/31,2296,2174,34841,2158,3445,1546,807,6128,3670,377,310,1,N\A
89,2008/11/16,7778,6147,34893,537,4297,297,786,2886,3547,469,322,1,N\A
89,2008/12/02,4475,2738,35874,1012,2652,500,843,3949,4074,473,347,3,N\A
89,2008/12/18,3838,2494,2066,899,2019,825,714,4747,3663,2366,364,3,N\A
90,2008/01/01,5880,3963,2066,544,2097,742,766,4707,3589,2327,12,3,N\A
90,2008/01/17,5388,2915,2116,724,2416,300,1092,1611,3864,405,25,0,N\A
90,2008/02/02,6571,3250,2189,452,2185,209,907,5423,3132,2275,35,1,N\A
90,2008/02/18,3536,3356,2066,1678,3514,1321,1472,6140,3918,229,54,3,N\A
90,2008/03/05,6169,4570,3098,766,3233,578,1513,263,2516,104,80,3,N\A
90,2008/03/21,5761,4259,2120,1011,3760,492,1821,4065,2732,22,91,0,N\A
90,2008/04/06,7221,5277,2116,592,3670,352,1220,201,2062,-227,112,0,N\A
90,2008/04/22,7476,5588,34842,559,3871,321,864,4016,2501,-233,123,3,N\A
90,2008/05/08,7358,5386,35878,599,3937,272,882,5574,2878,-309,141,3,N\A
90,2008/05/24,8422,5542,34837,296,3457,130,861,1337,2175,1348,151,1,N\A
90,2008/06/09,8181,5536,3222,348,3480,190,611,3804,2065,1289,165,3,N\A
90,2008/06/25,7980,5303,2116,375,3338,216,699,2672,2235,1359,190,0,N\A
90,2008/07/11,7714,7001,35874,558,4325,563,992,1625,2574,-361,201,3,N\A
90,2008/07/27,7256,4751,2116,519,3264,258,693,163,2253,-230,224,0,N\A
90,2008/08/12,7527,5037,2116,442,3133,324,759,1319,2041,1595,231,0,N\A
90,2008/08/28,6718,5696,35878,690,3515,701,610,6481,1063,1705,241,3,N\A
90,2008/09/13,5474,5430,2066,1166,3987,1066,992,5563,2876,135,269,3,N\A
90,2008/09/29,7914,5669,35878,298,2560,583,815,6011,1825,2305,282,3,N\A
90,2008/10/15,7644,5366,35874,486,3641,248,682,3794,2376,2279,293,3,N\A
90,2008/10/31,5036,3651,2066,981,2972,697,1146,4036,3467,439,315,3,N\A
90,2008/11/16,6679,4298,2066,530,2662,459,811,6470,2951,2467,321,3,N\A
90,2008/12/02,5050,2288,34837,542,1648,376,826,2671,3710,2350,350,1,N\A
90,2008/12/18,3880,2713,2066,925,2098,912,1195,4708,3646,2362,364,3,N\A
91,2008/01/01,7491,5802,2189,597,4162,318,1102,6484,4509,356,15,1,N\A
91,2008/01/17,7094,4086,2116,480,2824,182,713,1700,3618,2236,23,0,N\A
91,2008/02/02,5589,3867,2116,1009,3566,412,1488,2608,3749,355,34,0,N\A
91,2008/02/18,7030,3678,2189,430,2466,161,867,4043,2777,2156,53,1,N\A
91,2008/03/05,6675,3662,2185,525,2633,186,997,1627,2535,2017,71,1,N\A
91,2008/03/21,5935,4196,34897,916,3591,420,1530,4740,2960,57,84,1,N\A
91,2008/04/06,5178,2643,2120,690,2172,306,1169,4005,1658,1735,101,0,N\A
91,2008/04/22,4041,4104,2062,1351,3184,1350,2270,1284,2205,-239,121,3,N\A
91,2008/05/08,6264,3318,34893,546,2377,248,1074,2995,1981,1359,142,1,N\A
91,2008/05/24,5931,3230,34893,656,2569,227,832,1700,2204,1336,151,1,N\A
91,2008/06/09,6086,3270,34893,586,2409,265,1010,252,2502,1375,176,1,N\A
91,2008/06/25,7862,4467,2120,317,2649,200,677,4909,2043,1278,188,1,N\A
91,2008/07/11,6421,6373,2066,854,3919,936,1049,6496,3381,-286,207,3,N\A
91,2008/07/27,6325,4144,2116,719,3194,344,1347,1275,2465,-286,217,0,N\A
91,2008/08/12,7483,5518,2189,560,3891,288,850,6496,3163,-122,239,1,N\A
91,2008/08/28,6551,4075,2066,439,2107,601,297,6002,2969,-68,246,3,N\A
91,2008/09/13,7078,5825,34842,504,2946,732,763,5604,1348,1971,259,3,N\A
91,2008/09/29,6629,4310,2116,646,3187,310,1012,1230,2429,265,281,0,N\A
91,2008/10/15,8555,5630,34841,269,3455,123,565,5593,2081,2327,291,1,N\A
91,2008/10/31,7467,6421,34842,669,4614,436,908,6025,3583,369,310,3,N\A
91,2008/11/16,6892,4409,2116,620,3370,200,787,225,3570,2334,336,0,N\A
91,2008/12/02,7451,5379,2185,561,3841,262,875,3749,3978,465,347,1,N\A
91,2008/12/18,7712,4597,34897,384,2973,160,638,4918,3558,2363,364,1,N\A
92,2008/01/01,4950,2569,2257,746,2209,327,662,453,3936,503,9,1,N\A
92,2008/01/17,8059,2084,34837,105,977,153,278,1029,3569,2228,32,1,N\A
92,2008/02/02,6479,4674,34841,785,3674,391,1102,4529,3184,2241,37,1,N\A
92,2008/02/18,5046,3047,35874,636,1932,682,497,983,2807,2067,64,3,N\A
92,2008/03/05,5674,4085,34837,754,2732,687,996,3501,2181,1994,78,1,N\A
92,2008/03/21,5638,4009,2120,1001,3589,461,1275,4278,2890,78,84,0,N\A
92,2008/04/06,5883,3746,34841,643,2481,543,1141,5866,1301,1802,99,1,N\A
92,2008/04/22,5583,4794,34842,747,2636,969,966,5042,2685,-234,125,3,N\A
92,2008/05/08,4392,2234,34837,360,924,903,1254,470,2196,-374,137,1,N\A
92,2008/05/24,5378,3395,34841,799,2659,501,819,5692,2976,-339,150,1,N\A
92,2008/06/09,4196,2515,34837,964,2358,572,732,1038,2383,1352,176,1,N\A
92,2008/06/25,5654,3870,35874,860,3098,507,833,3165,2775,-391,187,3,N\A
92,2008/07/11,7734,3036,3102,196,1534,226,406,5277,1814,1340,204,3,N\A
92,2008/07/27,4686,2997,3098,912,2521,610,697,1010,2142,1553,224,3,N\A
92,2008/08/12,7518,5419,34897,551,3890,239,930,5703,2974,-162,230,1,N\A
92,2008/08/28,7892,4459,34965,336,2853,101,579,4529,1527,1765,245,1,N\A
92,2008/09/13,5077,2395,2116,638,1954,273,881,1037,2127,2042,272,0,N\A
92,2008/09/29,5958,1260,34837,194,766,78,175,3585,2200,2227,286,1,N\A
92,2008/10/15,3950,3084,2062,758,1748,1103,1038,3557,2641,2320,302,3,N\A
92,2008/10/31,5162,1994,2062,485,1520,194,836,1939,3081,438,306,3,N\A
92,2008/11/16,5196,1445,34837,305,965,184,351,2385,3349,2355,327,1,N\A
92,2008/12/02,6536,3398,34837,555,2650,76,789,3586,3652,2367,350,1,N\A
92,2008/12/18,722,1535,2062,3640,4207,3575,1239,3155,4112,456,363,3,N\A
93,2008/01/01,4118,2001,2189,794,1906,371,691,4658,3731,2355,5,1,N\A
93,2008/01/17,7601,4254,2116,357,2620,195,590,1255,3632,2214,32,0,N\A
93,2008/02/02,6349,3394,2185,543,2432,237,564,1666,3792,375,34,1,N\A
93,2008/02/18,7783,6251,34965,561,4500,282,954,4911,3546,230,61,1,N\A
93,2008/03/05,7715,2957,34893,211,1636,114,306,2542,2524,2051,71,1,N\A
93,2008/03/21,6280,4685,2189,919,4022,397,1217,5639,3133,66,86,1,N\A
93,2008/04/06,5170,2751,2116,716,2249,349,781,1209,1892,1662,112,0,N\A
93,2008/04/22,6031,5078,35878,881,3559,755,1093,6150,2910,-209,127,3,N\A
93,2008/05/08,4370,2554,35874,830,2119,598,778,1255,2038,1396,144,3,N\A
93,2008/05/24,4199,2131,2116,839,2054,378,838,2960,2527,-381,155,0,N\A
93,2008/06/09,3842,1973,2061,847,1904,479,601,2606,2119,1326,167,1,N\A
93,2008/06/25,4273,2047,2120,749,1867,361,487,5585,3071,-340,182,1,N\A
93,2008/07/11,7826,4686,35874,375,3075,123,720,2978,2645,-318,203,3,N\A
93,2008/07/27,7067,3915,2116,437,2543,229,462,1246,2071,1595,224,0,N\A
93,2008/08/12,7837,6344,34841,536,4422,310,887,5589,2915,-147,230,1,N\A
93,2008/08/28,7556,5479,34841,436,3133,459,589,4648,1502,1803,245,1,N\A
93,2008/09/13,5806,3847,2066,756,2850,1656,980,5584,2861,100,262,3,N\A
93,2008/09/29,6196,3725,2120,678,2887,284,849,4890,2992,290,285,1,N\A
93,2008/10/15,5493,3474,34897,852,2929,413,947,4026,3013,350,292,1,N\A
93,2008/10/31,5266,3189,34837,778,2509,481,831,1711,3149,443,306,1,N\A
93,2008/11/16,4429,2065,2116,686,1777,358,396,1702,3537,495,322,0,N\A
93,2008/12/02,3198,1426,2116,805,1562,417,437,2960,4063,497,347,0,N\A
93,2008/12/18,1257,2241,2062,3761,4843,3379,1731,2950,4182,477,363,3,N\A
94,2008/01/01,5686,3038,2120,633,2302,316,667,4628,3744,2352,5,1,N\A
94,2008/01/17,7873,4545,2116,335,2815,158,499,1218,3643,2227,32,0,N\A
94,2008/02/02,8563,5611,2120,259,3346,153,735,4628,3266,2264,37,1,N\A
94,2008/02/18,7471,5987,34841,635,4388,337,1015,4931,3555,228,61,1,N\A
94,2008/03/05,5614,3051,34893,676,2407,304,631,3633,2211,2022,78,1,N\A
94,2008/03/21,4410,2838,2116,1131,2916,531,1209,1820,2649,126,82,0,N\A
94,2008/04/06,4487,2888,2116,1111,2920,524,821,1793,2337,0,98,0,N\A
94,2008/04/22,5388,3594,35878,944,3150,463,914,4084,2474,-154,116,3,N\A
94,2008/05/08,4250,2330,34893,882,2186,465,486,1218,2034,1412,144,1,N\A
94,2008/05/24,3447,1783,34842,881,1808,547,527,4910,2803,-346,157,3,N\A
94,2008/06/09,4161,1812,2116,611,1482,418,467,2579,2112,1335,167,0,N\A
94,2008/06/25,4818,2537,2120,794,2271,331,655,5596,3067,-341,182,1,N\A
94,2008/07/11,7114,4204,35998,473,2805,237,405,3690,1948,1424,206,3,N\A
94,2008/07/27,5067,4355,34837,1170,3574,906,1399,3690,1800,1540,222,1,N\A
94,2008/08/12,6359,4530,2061,825,3707,367,971,2997,2438,-114,235,1,N\A
94,2008/08/28,6387,4429,2120,759,3443,380,1044,4055,2550,-46,244,0,N\A
94,2008/09/13,5720,5240,2066,1096,4026,883,1040,5595,2865,99,262,3,N\A
94,2008/09/29,5368,3208,2120,811,2691,388,840,4055,2730,239,276,0,N\A
94,2008/10/15,6450,3455,34965,525,2433,237,633,5350,2551,2385,300,1,N\A
94,2008/10/31,5003,2797,34842,656,1970,555,504,6421,2881,2466,314,3,N\A
94,2008/11/16,2361,957,2116,823,1332,398,234,1210,3689,2338,336,0,N\A
94,2008/12/02,3167,1629,2116,975,1879,515,636,1228,3900,2349,352,0,N\A
94,2008/12/18,872,1835,2066,3490,4157,3468,1354,5370,3697,2389,364,3,N\A
95,2008/01/01,4691,2363,34897,731,2023,366,538,4847,3728,2358,5,1,N\A
95,2008/01/17,4628,2741,34961,929,2530,467,557,2654,3994,396,27,1,N\A
95,2008/02/02,4615,2496,2116,834,2264,393,480,1321,3775,373,34,0,N\A
95,2008/02/18,6704,6714,35878,699,3543,953,837,5524,2498,2189,60,3,N\A
95,2008/03/05,7704,4420,2185,377,2908,114,514,3913,2176,2032,78,1,N\A
95,2008/03/21,6567,5224,2061,836,4035,499,1542,2756,2564,63,91,1,N\A
95,2008/04/06,7466,4612,2261,488,3364,94,783,6068,1254,1867,99,1,N\A
95,2008/04/22,6766,4908,35878,757,3925,311,1013,4710,2573,-211,125,3,N\A
95,2008/05/08,6231,3992,2116,693,2985,372,924,146,2067,1350,137,0,N\A
95,2008/05/24,6244,4480,2185,700,3028,565,914,165,2211,1513,153,1,N\A
95,2008/06/09,5330,3076,34837,732,2403,429,685,2911,2079,1327,167,1,N\A
95,2008/06/25,4877,2562,2116,752,2184,363,656,3976,2003,1349,190,0,N\A
95,2008/07/11,5723,2884,2066,606,2228,241,577,5530,1673,1356,204,3,N\A
95,2008/07/27,7174,5005,3226,594,3611,281,901,6025,3066,-182,223,3,N\A
95,2008/08/12,6926,5393,2066,681,3751,481,885,4700,2686,-96,237,3,N\A
95,2008/08/28,7936,4621,3226,326,2834,163,555,4848,1465,1809,245,3,N\A
95,2008/09/13,3753,3923,2066,1468,3232,1440,907,6102,1314,2082,259,3,N\A
95,2008/09/29,7204,5243,35878,574,3533,1309,1154,4857,1925,2222,277,3,N\A
95,2008/10/15,7287,4555,3226,468,2983,265,732,4848,2383,2332,293,3,N\A
95,2008/10/31,6220,3980,2116,694,2978,373,817,1358,3136,442,306,0,N\A
95,2008/11/16,5052,3084,34893,944,2872,388,670,1357,3528,496,322,1,N\A
95,2008/12/02,1153,932,2261,3746,4723,1468,1152,5539,3616,2420,348,1,N\A
95,2008/12/18,1585,3198,2066,2981,4104,3095,1052,6496,4620,420,360,3,N\A
96,2008/01/01,4823,2364,2120,696,1993,327,425,4014,3718,2318,14,0,N\A
96,2008/01/17,6529,3858,34893,530,2524,371,625,2939,3680,2272,23,1,N\A
96,2008/02/02,6923,3944,35037,519,2855,155,811,4868,3236,2270,37,1,N\A
96,2008/02/18,7007,7819,34842,851,4837,960,1224,6018,3731,203,63,3,N\A
96,2008/03/05,6559,4024,34961,596,2869,310,710,1536,2380,1988,80,1,N\A
96,2008/03/21,5572,3731,2185,831,2923,519,1312,71,2310,1875,89,1,N\A
96,2008/04/06,5353,3755,2116,1007,3327,523,1128,2687,2335,-79,107,0,N\A
96,2008/04/22,5134,2989,3098,803,2498,419,1170,1329,2140,-134,114,3,N\A
96,2008/05/08,6210,3810,2116,659,2819,347,869,179,2067,1485,137,0,N\A
96,2008/05/24,5777,3520,34837,752,2810,361,685,2626,2487,-375,155,1,N\A
96,2008/06/09,5132,2842,2116,799,2484,328,583,2939,2081,1330,167,0,N\A
96,2008/06/25,3493,1654,34893,855,1773,404,538,1636,2247,1396,192,1,N\A
96,2008/07/11,5545,3214,34837,709,2474,400,469,2646,2603,-328,203,1,N\A
96,2008/07/27,7637,5674,3226,520,3882,292,906,6008,3063,-186,223,3,N\A
96,2008/08/12,7946,5979,2120,452,3951,271,773,5415,2872,-146,230,1,N\A
96,2008/08/28,8100,4915,3226,314,2993,167,626,4868,1461,1808,245,3,N\A
96,2008/09/13,6617,4671,2062,647,3179,468,1016,1654,2131,2080,272,3,N\A
96,2008/09/29,7246,4370,35878,415,2599,346,745,4872,1919,2219,277,3,N\A
96,2008/10/15,5048,3334,2061,1046,3179,462,1312,1276,2731,366,290,1,N\A
96,2008/10/31,5667,2569,2116,485,1754,309,664,1329,3130,465,306,0,N\A
96,2008/11/16,6112,3260,2116,565,2342,281,630,1321,3521,519,322,0,N\A
96,2008/12/02,4569,2387,34961,775,2079,410,693,1655,3875,2357,352,1,N\A
96,2008/12/18,994,1731,2062,2853,3483,2867,1277,2618,4164,474,363,3,N\A
97,2008/01/01,3688,1924,34897,955,2071,440,651,4888,3713,2359,5,1,N\A
97,2008/01/17,4585,2480,2185,889,2395,340,615,1682,3604,2246,32,1,N\A
97,2008/02/02,6521,4191,34893,635,3016,350,551,1248,3761,388,34,1,N\A
97,2008/02/18,6780,4111,34837,544,2835,289,649,1636,2805,2097,64,1,N\A
97,2008/03/05,7102,6049,2185,544,3211,727,991,3966,2164,2032,78,1,N\A
97,2008/03/21,5265,4167,2116,1250,4030,647,1645,2692,2555,49,91,0,N\A
97,2008/04/06,5584,3988,2116,983,3470,504,1005,2655,2332,-77,107,0,N\A
97,2008/04/22,4892,3701,3098,1220,3557,679,1729,1293,2138,-144,114,3,N\A
97,2008/05/08,6303,3598,2185,566,2496,331,1014,1682,1999,1418,144,1,N\A
97,2008/05/24,5548,3405,3222,793,2770,402,578,1239,2278,-382,146,3,N\A
97,2008/06/09,4560,3420,2066,1170,3132,775,898,5394,2962,-352,166,3,N\A
97,2008/06/25,3170,2539,34841,1648,3178,1067,1565,5394,3031,-345,182,1,N\A
97,2008/07/11,6336,3374,3298,553,2466,215,530,5561,1677,1350,204,3,N\A
97,2008/07/27,5748,2776,34893,544,2015,271,494,1664,2028,1581,224,1,N\A
97,2008/08/12,7699,5733,2120,522,4016,255,764,5398,2870,-146,230,1,N\A
97,2008/08/28,7419,5586,34837,608,4104,281,761,3739,2503,-42,244,1,N\A
97,2008/09/13,6686,4315,34837,597,3006,351,908,1690,2124,2085,272,1,N\A
97,2008/09/29,5684,4141,34841,921,3347,564,1066,4651,2956,298,285,1,N\A
97,2008/10/15,5724,3909,35878,956,3516,384,1014,5394,3247,336,294,3,N\A
97,2008/10/31,4842,2711,34893,820,2360,411,567,1284,3122,457,306,1,N\A
97,2008/11/16,3997,2111,2116,873,2036,467,413,1284,3513,511,322,0,N\A
97,2008/12/02,3780,2295,2120,1168,2588,551,725,4651,4229,465,349,1,N\A
97,2008/12/18,727,5069,2066,4567,5284,5220,1453,5575,3668,2392,364,3,N\A
98,2008/01/01,4389,1959,34965,696,1785,276,539,4938,3679,2359,5,1,N\A
98,2008/01/17,6413,2606,34961,227,1039,615,615,3041,3640,2275,23,1,N\A
98,2008/02/02,8203,5659,34965,367,3718,149,728,4928,3198,2263,37,1,N\A
98,2008/02/18,7357,4315,34837,423,2778,223,532,1718,2781,2094,64,1,N\A
98,2008/03/05,4212,2758,2062,816,2004,818,680,1659,2354,1976,80,3,N\A
98,2008/03/21,5066,3904,3098,1199,3662,678,1519,2618,2543,40,91,3,N\A
98,2008/04/06,5908,3750,2185,764,2971,379,775,1257,2281,4,98,1,N\A
98,2008/04/22,6292,3823,35878,644,2830,320,613,5968,2872,-219,127,3,N\A
98,2008/05/08,4565,2686,34893,919,2463,481,910,318,2079,1529,137,1,N\A
98,2008/05/24,5246,3372,2116,971,3114,407,1098,2525,2503,-391,155,0,N\A
98,2008/06/09,5341,3146,34837,795,2618,387,767,3046,2102,1319,167,1,N\A
98,2008/06/25,7157,4963,34841,597,3604,272,886,5958,3189,-322,191,1,N\A
98,2008/07/11,6740,4077,34837,555,2850,281,527,2544,2615,-324,203,1,N\A
98,2008/07/27,7907,4982,34965,367,3141,190,610,4082,1765,1528,222,1,N\A
98,2008/08/12,7422,5278,2120,556,3758,257,791,5363,2872,-157,230,1,N\A
98,2008/08/28,6873,4565,35878,552,2979,400,643,4939,1447,1793,245,3,N\A
98,2008/09/13,6989,3770,34893,415,2342,274,905,1772,2100,2084,272,1,N\A
98,2008/09/29,7672,4502,36074,379,2878,170,706,4938,1882,2213,277,3,N\A
98,2008/10/15,7078,4851,34893,599,3502,285,766,3682,2955,352,292,1,N\A
98,2008/10/31,5830,3404,35878,575,2183,510,579,5583,2955,2425,316,3,N\A
98,2008/11/16,4073,1852,34897,737,1750,333,344,4082,3466,2395,334,1,N\A
98,2008/12/02,3631,2021,34841,997,2134,541,602,4611,4199,465,349,1,N\A
98,2008/12/18,1517,2545,2066,2831,3844,2784,1293,5957,4504,418,1,3,N\A
99,2008/01/01,7932,4896,34961,361,3131,154,596,3995,3661,2313,14,1,N\A
99,2008/01/17,7277,3775,2116,374,2373,184,586,2921,3627,2276,23,0,N\A
99,2008/02/02,7066,5339,2185,683,3974,355,1236,3796,3903,345,36,1,N\A
99,2008/02/18,7361,5448,2120,599,3942,293,888,4730,3491,222,61,1,N\A
99,2008/03/05,5305,5047,4110,1124,3665,1043,1619,2747,2891,164,75,3,N\A
99,2008/03/21,5179,3653,2116,1079,3398,534,1847,2765,2558,44,91,0,N\A
99,2008/04/06,7332,3072,34961,274,1780,156,534,3947,1581,1659,110,1,N\A
99,2008/04/22,6488,5872,3102,813,3818,787,1086,4720,2605,-227,125,3,N\A
99,2008/05/08,7119,3796,35037,453,2692,89,624,5540,1515,1302,140,1,N\A
99,2008/05/24,6373,3775,2116,614,2772,289,1151,2921,1998,1349,151,0,N\A
99,2008/06/09,6058,3281,2116,566,2306,326,602,1618,2298,1335,176,0,N\A
99,2008/06/25,5140,2372,2116,604,1882,272,615,3986,2061,1327,190,0,N\A
99,2008/07/11,4279,1932,34893,711,1775,303,360,3976,1961,1400,206,1,N\A
99,2008/07/27,6708,3585,34893,467,2371,253,784,3976,1795,1515,222,1,N\A
99,2008/08/12,7392,4495,2120,450,3001,202,674,5442,2897,-160,230,1,N\A
99,2008/08/28,7430,4641,34841,409,2774,332,703,4848,1466,1774,245,1,N\A
99,2008/09/13,7344,4269,2116,416,2717,232,663,1627,2098,2085,272,0,N\A
99,2008/09/29,6354,3646,2116,570,2557,314,969,1627,2436,2214,288,0,N\A
99,2008/10/15,6721,4608,2120,703,3585,289,833,5437,3218,318,294,1,N\A
99,2008/10/31,5737,2523,34965,497,1835,208,397,5519,2933,2422,316,1,N\A
99,2008/11/16,3571,2245,34961,1100,2322,709,1188,1600,3606,2336,336,1,N\A
99,2008/12/02,4807,2247,34961,633,1805,342,772,3995,3669,2373,350,1,N\A
99,2008/12/18,3917,2642,2062,1016,2325,805,635,2654,4112,473,363,3,N\A
100,2008/01/01,5280,2686,2189,707,2289,241,393,6209,4376,353,15,1,N\A
100,2008/01/17,4810,2352,2116,684,1952,344,450,336,3645,453,25,0,N\A
100,2008/02/02,6636,4136,2116,582,2879,332,860,1793,3613,338,34,0,N\A
100,2008/02/18,8105,4622,2116,286,2733,162,434,1110,2716,2014,64,0,N\A
100,2008/03/05,7993,5017,2116,350,3139,179,572,2468,2412,1990,71,0,N\A
100,2008/03/21,6417,4984,2120,900,4124,447,1121,4210,2860,37,84,0,N\A
100,2008/04/06,4606,2799,2116,1020,2762,443,1258,1875,2365,-70,98,0,N\A
100,2008/04/22,3072,2606,34841,1852,3495,1180,1533,6220,3056,-264,127,1,N\A
100,2008/05/08,6076,2852,2189,475,1946,254,397,6445,1504,1199,138,1,N\A
100,2008/05/24,3045,1386,2116,911,1709,371,671,2533,2217,1314,151,0,N\A
100,2008/06/09,2618,1183,2116,967,1653,395,439,1165,2516,1297,176,0,N\A
100,2008/06/25,2869,1276,2116,886,1599,394,459,1783,2758,-451,178,0,N\A
100,2008/07/11,5580,2965,3222,658,2320,301,435,1138,2399,1429,208,3,N\A
100,2008/07/27,7067,3881,2185,428,2491,236,484,2505,2192,1434,215,1,N\A
100,2008/08/12,7176,3984,2116,425,2585,211,612,1163,2033,1659,240,0,N\A
100,2008/08/28,7510,4221,2116,384,2701,171,536,2533,1826,1717,247,0,N\A
100,2008/09/13,6094,4189,2116,812,3346,413,935,1784,2243,36,258,0,N\A
100,2008/09/29,4161,2099,2116,863,2093,350,727,326,2299,296,281,0,N\A
100,2008/10/15,5027,1592,35038,361,1091,240,358,4619,2152,2278,293,3,N\A
100,2008/10/31,1858,525,34893,565,823,257,127,1119,3099,2311,320,1,N\A
100,2008/11/16,3062,1370,2116,872,1642,377,380,1829,3310,460,322,0,N\A
100,2008/12/02,6328,3412,2185,530,2357,287,543,3690,3483,2349,350,1,N\A
100,2008/12/18,5840,5533,2066,801,3050,1026,686,5371,3421,2368,364,3,N\A
101,2008/01/01,5726,3178,2189,668,2458,318,490,6190,4370,351,15,1,N\A
101,2008/01/17,6699,3731,2116,501,2535,255,610,282,3641,464,25,0,N\A
101,2008/02/02,7063,4286,2116,495,2876,261,702,1748,3609,338,34,0,N\A
101,2008/02/18,8406,6563,2120,384,4436,174,777,4113,3502,245,52,0,N\A
101,2008/03/05,6350,4065,34893,779,3490,199,626,2505,2408,1991,71,1,N\A
101,2008/03/21,5845,4268,2120,967,3688,474,1170,4190,2857,37,84,0,N\A
101,2008/04/06,4860,2588,2116,753,2177,392,921,2505,1866,1675,103,0,N\A
101,2008/04/22,6641,4074,34842,586,2904,293,986,6197,3049,-264,127,3,N\A
101,2008/05/08,2473,1050,2185,878,1455,399,484,1201,2253,1341,144,1,N\A
101,2008/05/24,2546,1070,2116,818,1377,430,417,2579,2214,1313,151,0,N\A
101,2008/06/09,3136,1282,2185,720,1378,383,603,1210,2513,1297,176,1,N\A
101,2008/06/25,3984,1739,2116,711,1653,317,452,2570,2407,1298,183,0,N\A
101,2008/07/11,7481,4414,3222,417,2895,182,536,1183,2395,1428,208,3,N\A
101,2008/07/27,8080,4487,2116,285,2684,137,515,1187,2214,1508,224,0,N\A
101,2008/08/12,7728,4359,2116,355,2770,140,645,1207,2029,1651,240,0,N\A
101,2008/08/28,7636,4522,2116,373,2784,226,562,2570,1822,1717,247,0,N\A
101,2008/09/13,5578,2703,2116,558,1966,306,615,3728,1747,2024,270,0,N\A
101,2008/09/29,3806,1786,2116,786,1752,393,646,272,2294,301,281,0,N\A
101,2008/10/15,4475,2249,3158,756,1981,387,638,4103,2853,298,292,3,N\A
101,2008/10/31,4997,2142,35038,596,1787,195,456,6446,2581,2449,314,3,N\A
101,2008/11/16,4192,2332,34841,780,1906,602,505,5956,2857,2424,323,1,N\A
101,2008/12/02,5595,2821,2185,584,2068,323,571,3718,3481,2349,350,1,N\A
101,2008/12/18,5600,4129,2066,711,2521,777,597,5392,3418,2368,364,3,N\A
102,2008/01/01,5223,2985,34837,848,2703,301,796,3995,3482,2290,14,1,N\A
102,2008/01/17,6433,3769,2116,566,2608,328,675,125,3623,2187,25,0,N\A
102,2008/02/02,3926,2544,2185,1445,3313,484,949,1365,3588,367,34,1,N\A
102,2008/02/18,5790,3037,2185,607,2277,290,661,3854,3474,246,52,1,N\A
102,2008/03/05,1315,829,34837,2014,2624,843,735,2837,2377,2004,71,1,N\A
102,2008/03/21,4502,2680,34837,854,2253,577,751,1500,2037,1760,96,1,N\A
102,2008/04/06,5126,3599,2120,1173,3641,472,1090,5500,2888,-103,102,1,N\A
102,2008/04/22,6829,5033,34842,650,3450,459,819,4759,2710,-271,125,3,N\A
102,2008/05/08,6957,4150,2116,488,2720,294,643,116,2256,1382,137,0,N\A
102,2008/05/24,7587,4743,34893,412,3004,242,532,2903,2172,1296,151,1,N\A
102,2008/06/09,7118,5238,34841,600,3565,402,716,5467,3157,-394,166,1,N\A
102,2008/06/25,7220,5093,34841,583,3612,299,725,5467,3224,-386,182,1,N\A
102,2008/07/11,5227,3348,34893,904,2884,470,1016,1375,2702,-402,194,1,N\A
102,2008/07/27,5784,3028,2116,603,2258,295,576,107,2391,1698,217,0,N\A
102,2008/08/12,6244,3309,2116,544,2353,260,539,2893,1937,1544,231,0,N\A
102,2008/08/28,6551,6360,34837,737,3537,927,1277,3843,2556,-102,244,1,N\A
102,2008/09/13,5856,3405,2116,683,2614,338,716,1356,2199,33,258,0,N\A
102,2008/09/29,5185,4001,2116,1042,3287,735,1440,3834,2587,182,276,0,N\A
102,2008/10/15,6179,4025,34837,701,2969,412,696,3834,2828,302,292,1,N\A
102,2008/10/31,7298,4692,2116,478,3061,289,642,2756,3226,436,315,0,N\A
102,2008/11/16,7089,4582,2061,520,3053,314,608,1403,3294,454,322,1,N\A
102,2008/12/02,6693,3629,34837,408,2060,417,528,1375,3608,485,338,1,N\A
102,2008/12/18,4109,3909,2066,1356,3248,1238,998,6047,4351,391,1,3,N\A
103,2008/01/01,8447,5481,34841,277,3291,161,685,5733,3350,2344,12,1,N\A
103,2008/01/17,8406,4908,2116,248,2864,137,550,3237,3449,2260,23,0,N\A
103,2008/02/02,5853,4072,2116,919,3514,413,1292,3540,3757,324,36,0,N\A
103,2008/02/18,4832,2910,2116,1016,2916,359,1274,3559,3446,257,52,0,N\A
103,2008/03/05,6437,3371,2116,514,2372,224,813,3172,2346,2009,71,0,N\A
103,2008/03/21,5895,3915,2116,815,3156,413,1202,1067,2518,58,82,0,N\A
103,2008/04/06,3103,1877,2116,1403,2666,569,1681,3597,2555,-87,100,0,N\A
103,2008/04/22,3852,1532,34837,640,1442,293,799,513,2071,1528,121,1,N\A
103,2008/05/08,4383,2231,2116,804,2059,376,1040,541,2207,1376,137,0,N\A
103,2008/05/24,7267,3922,2116,393,2484,202,613,3238,2126,1304,151,0,N\A
103,2008/06/09,7642,5257,2116,466,3488,255,804,941,2581,-486,162,0,N\A
103,2008/06/25,8578,6288,2116,302,3947,169,525,949,2665,-461,178,0,N\A
103,2008/07/11,8399,6490,2116,367,4219,211,683,3550,2903,-385,196,0,N\A
103,2008/07/27,8185,4840,2116,292,2926,143,482,3210,2094,1433,215,0,N\A
103,2008/08/12,5633,2179,34841,453,1622,124,631,4256,1657,1610,238,1,N\A
103,2008/08/28,5414,2738,2116,666,2239,250,869,3237,1733,1730,247,0,N\A
103,2008/09/13,5008,2852,2116,877,2637,330,1224,949,2159,57,258,0,N\A
103,2008/09/29,5595,3379,2116,801,2836,345,1070,3540,2555,193,276,0,N\A
103,2008/10/15,5564,3020,2116,697,2446,287,896,3540,2804,314,292,0,N\A
103,2008/10/31,6441,3792,2116,580,2680,309,865,2396,3213,438,315,0,N\A
103,2008/11/16,8013,6029,2120,433,3926,272,863,5912,4002,420,335,1,N\A
103,2008/12/02,8346,5586,34961,320,3551,135,626,550,3625,2347,345,1,N\A
103,2008/12/18,6062,6132,2062,914,3728,1032,949,3244,3598,2336,359,3,N\A
104,2008/01/01,7603,5990,2120,574,4216,328,944,5708,4274,365,15,1,N\A
104,2008/01/17,7863,5144,2116,395,3302,206,676,3604,3398,2256,23,0,N\A
104,2008/02/02,6952,5132,2120,694,3860,347,1064,5043,3906,289,38,1,N\A
104,2008/02/18,6450,4389,2120,735,3406,347,1006,4238,3328,190,61,0,N\A
104,2008/03/05,5975,3011,2116,558,2215,241,801,3542,2291,2009,71,0,N\A
104,2008/03/21,7277,4074,2120,417,2646,196,743,5246,1685,1908,85,1,N\A
104,2008/04/06,4501,3252,35878,1026,2706,793,752,5266,1443,1693,101,3,N\A
104,2008/04/22,4531,1850,34837,557,1480,314,535,1001,2038,1488,121,1,N\A
104,2008/05/08,5387,3040,2120,743,2479,355,605,4219,2747,-366,141,0,N\A
104,2008/05/24,5018,2304,2116,621,1872,270,460,3605,2110,1286,151,0,N\A
104,2008/06/09,5867,2953,2116,548,2104,296,555,2432,2409,1300,176,0,N\A
104,2008/06/25,5636,2528,2116,511,1831,246,451,3601,2304,1282,183,0,N\A
104,2008/07/11,5829,2816,2116,534,2027,264,537,470,2632,-423,194,0,N\A
104,2008/07/27,7114,3979,2116,429,2544,244,506,2413,2087,1498,224,0,N\A
104,2008/08/12,7235,4681,2116,497,3098,292,607,1911,2394,-195,235,0,N\A
104,2008/08/28,7461,4520,34837,434,2986,197,523,3604,1686,1714,247,1,N\A
104,2008/09/13,5530,3204,2116,741,2575,362,629,452,2107,16,258,0,N\A
104,2008/09/29,5520,3388,2116,801,2775,402,941,3165,2500,185,276,0,N\A
104,2008/10/15,5191,2834,2116,747,2360,349,726,3174,2750,322,292,0,N\A
104,2008/10/31,4703,2314,2116,692,1921,373,502,497,2854,420,306,0,N\A
104,2008/11/16,6110,3442,2262,541,2241,419,834,6396,2824,2451,323,3,N\A
104,2008/12/02,4297,1746,2116,597,1497,293,195,463,3550,450,338,0,N\A
104,2008/12/18,6867,3247,35998,387,2084,179,392,2440,3636,2306,2,3,N\A
105,2008/01/01,7024,5379,2120,732,4188,336,940,5703,4265,362,15,1,N\A
105,2008/01/17,4016,2169,2116,955,2237,426,805,1893,3721,371,27,0,N\A
105,2008/02/02,5650,3193,34897,680,2447,359,698,5308,2947,2237,37,1,N\A
105,2008/02/18,6167,4054,2120,693,2923,444,907,4229,3322,188,61,0,N\A
105,2008/03/05,7804,5321,34897,422,3422,248,966,4490,1980,1959,78,1,N\A
105,2008/03/21,4910,3203,2116,1023,2997,497,991,2349,1945,1746,96,0,N\A
105,2008/04/06,7031,4686,2185,542,3110,355,689,2385,1865,1572,112,1,N\A
105,2008/04/22,7194,4636,34837,470,2881,360,548,1019,2044,1505,121,1,N\A
105,2008/05/08,5375,3319,2120,843,2803,413,929,4209,2754,-363,141,0,N\A
105,2008/05/24,3707,1710,2116,825,1797,339,453,452,2418,-406,146,0,N\A
105,2008/06/09,5909,2618,2116,477,1855,208,532,2441,2420,1285,176,0,N\A
105,2008/06/25,6683,3555,2116,491,2470,200,580,3605,2316,1277,183,0,N\A
105,2008/07/11,6691,3245,2116,421,2124,204,466,453,2640,-470,194,0,N\A
105,2008/07/27,6835,3793,2116,465,2474,270,632,471,2529,-394,210,0,N\A
105,2008/08/12,7383,4336,2116,381,2531,323,584,471,2353,-231,226,0,N\A
105,2008/08/28,6429,3769,34837,579,2664,308,480,3614,1687,1714,247,1,N\A
105,2008/09/13,4278,2263,2116,868,2166,405,574,437,2105,-35,258,0,N\A
105,2008/09/29,5744,3373,2120,700,2590,371,696,4199,2744,250,285,0,N\A
105,2008/10/15,5642,3194,2116,697,2502,341,583,3165,2741,314,292,0,N\A
105,2008/10/31,6260,3243,2116,535,2326,231,563,1948,3151,440,315,0,N\A
105,2008/11/16,8077,5413,34965,372,3497,173,800,6409,2809,2456,323,1,N\A
105,2008/12/02,7198,5293,2120,617,3788,335,835,4203,3950,446,349,0,N\A
105,2008/12/18,4832,5401,2066,1257,3608,1369,968,4569,3479,2342,366,3,N\A
106,2008/01/01,8590,8718,34837,399,5261,495,970,3191,3494,2273,16,1,N\A
106,2008/01/17,9307,7982,34837,176,4906,153,896,3186,3261,2214,32,1,N\A
106,2008/02/02,8236,6603,35033,453,4685,184,756,2415,3614,321,36,1,N\A
106,2008/02/18,8491,7258,2116,417,5110,193,678,2424,3298,254,52,0,N\A
106,2008/03/05,4956,3870,34841,1360,4033,657,989,4169,2198,2019,71,1,N\A
106,2008/03/21,3895,2877,2116,1546,3519,754,1810,2516,2629,33,84,0,N\A
106,2008/04/06,4270,2975,2116,1263,3146,654,1845,2488,2422,-90,100,0,N\A
106,2008/04/22,4573,2495,35874,748,2009,515,932,1891,1967,1476,121,3,N\A
106,2008/05/08,4405,2105,34842,642,1653,467,802,4212,1857,1333,135,3,N\A
106,2008/05/24,2431,959,2116,797,1309,367,378,487,2355,1377,146,0,N\A
106,2008/06/09,5446,2026,2185,408,1384,239,503,3191,2365,1280,176,1,N\A
106,2008/06/25,6918,2965,2120,333,1828,163,471,4217,2262,1261,183,0,N\A
106,2008/07/11,7824,4439,2116,324,2654,197,520,469,2577,1339,194,0,N\A
106,2008/07/27,8998,6916,2116,223,4229,145,649,3172,2017,1480,224,0,N\A
106,2008/08/12,6499,5292,2185,1028,4846,397,968,3597,2591,-166,237,1,N\A
106,2008/08/28,6641,4775,2116,746,3696,364,846,1012,2180,-63,251,0,N\A
106,2008/09/13,5269,2967,2116,826,2666,283,835,487,2013,1846,258,0,N\A
106,2008/09/29,4966,2600,2116,724,2153,368,910,1937,2098,2113,281,0,N\A
106,2008/10/15,4568,2702,34837,919,2465,490,1166,2406,2660,332,292,1,N\A
106,2008/10/31,4280,2028,2116,737,1840,356,863,1076,3082,469,315,0,N\A
106,2008/11/16,2897,1934,34838,1162,2110,911,1127,442,3158,2266,322,3,N\A
106,2008/12/02,3239,1724,2066,915,1792,609,552,5928,4104,413,344,3,N\A
106,2008/12/18,2517,3839,2066,2200,3680,2299,1645,5923,4268,401,360,3,N\A
107,2008/01/01,5157,2751,2062,469,1468,694,637,2995,3490,2264,16,3,N\A
107,2008/01/17,7094,3868,34837,445,2618,166,608,2986,3262,2213,32,1,N\A
107,2008/02/02,6696,5072,34841,717,3624,480,958,4700,3824,291,38,1,N\A
107,2008/02/18,7951,5683,35037,462,4049,139,756,5594,2462,2166,53,1,N\A
107,2008/03/05,6449,4026,2116,646,2993,306,729,1356,2673,114,75,0,N\A
107,2008/03/21,6064,3311,34893,597,2437,284,643,2912,1881,1743,96,1,N\A
107,2008/04/06,5992,4251,2120,874,3488,448,1237,4740,2741,-116,102,1,N\A
107,2008/04/22,6200,3496,34837,591,2520,303,890,1664,2004,1494,121,1,N\A
107,2008/05/08,5459,3005,35038,632,2152,440,575,4918,1880,1266,142,3,N\A
107,2008/05/24,5721,3173,3298,718,2638,243,578,6508,3290,-345,145,3,N\A
107,2008/06/09,2251,745,2116,609,963,365,268,2995,2403,1277,176,0,N\A
107,2008/06/25,2585,941,2120,707,1200,314,191,4063,2300,1266,183,0,N\A
107,2008/07/11,3721,1887,2116,895,1956,436,518,2636,2857,-414,196,0,N\A
107,2008/07/27,5164,2156,2116,550,1725,187,345,2968,2055,1474,224,0,N\A
107,2008/08/12,5960,3589,34893,709,2801,331,836,1275,2347,-202,235,1,N\A
107,2008/08/28,6820,5617,3102,728,3851,576,857,4690,2695,-104,246,3,N\A
107,2008/09/13,6715,4916,34842,709,3608,416,840,6508,3094,-18,257,3,N\A
107,2008/09/29,6609,3972,2116,565,2768,306,698,1700,2106,2099,281,0,N\A
107,2008/10/15,8683,5325,34842,195,2768,248,972,5604,2002,2313,293,3,N\A
107,2008/10/31,5356,2518,35874,664,2196,130,716,1327,3080,455,315,3,N\A
107,2008/11/16,3732,1833,35874,769,1685,508,486,191,3153,2361,322,3,N\A
107,2008/12/02,3438,1805,34841,835,1710,614,439,4919,3352,2370,350,1,N\A
107,2008/12/18,3328,1784,34838,897,1792,618,506,3005,3556,2305,2,3,N\A
108,2008/01/01,7335,3867,2189,375,2440,179,625,5269,4138,361,15,1,N\A
108,2008/01/17,7985,3902,2116,257,2294,105,553,3266,3206,2209,32,0,N\A
108,2008/02/02,8528,6287,2189,323,4067,149,912,4496,3771,290,38,1,N\A
108,2008/02/18,8350,6595,4233,388,4316,234,922,3550,3200,182,61,1,N\A
108,2008/03/05,8494,5265,4168,249,3058,162,602,4237,2162,1994,71,0,N\A
108,2008/03/21,6340,4479,2189,818,3653,365,1216,6435,3410,23,81,1,N\A
108,2008/04/06,-3000,-3000,51199,-1000,-1000,-1000,-1000,-10000,-10000,-4000,-1,-1,N\A
108,2008/04/22,-3000,-3000,51199,-1000,-1000,-1000,-1000,-10000,-10000,-4000,-1,-1,N\A
108,2008/05/08,6998,3803,36002,439,2486,222,671,5102,1893,1248,142,3,N\A
108,2008/05/24,5728,2788,2116,563,2073,255,680,587,2399,1368,146,0,N\A
108,2008/06/09,5135,2006,2116,476,1481,242,577,2029,2496,1280,169,0,N\A
108,2008/06/25,3860,1155,34961,435,982,234,512,3257,2395,1290,192,1,N\A
108,2008/07/11,5584,1949,2116,374,1320,191,460,3248,2261,1364,208,0,N\A
108,2008/07/27,6144,2528,4233,410,1717,167,463,1992,2280,1425,217,1,N\A
108,2008/08/12,8766,6545,37085,280,4261,98,794,5901,3103,-206,232,1,N\A
108,2008/08/28,7840,7571,34841,525,4338,653,847,5890,2957,-96,248,1,N\A
108,2008/09/13,7342,4639,2116,464,3028,266,722,912,2164,99,267,0,N\A
108,2008/09/29,7664,4166,2189,330,2496,197,562,6277,1609,2287,284,1,N\A
108,2008/10/15,5438,3423,3154,839,2840,435,1371,2323,2614,321,292,3,N\A
108,2008/10/31,7192,3926,2189,381,2333,292,613,6254,2561,2435,316,1,N\A
108,2008/11/16,6551,4265,2189,687,3297,283,1013,6411,3759,360,321,1,N\A
108,2008/12/02,-3000,-3000,51199,-1000,-1000,-1000,-1000,-10000,-10000,-4000,-1,-1,N\A
108,2008/12/18,3820,2540,2066,867,1939,879,508,6398,4263,391,353,3,N\A
109,2008/01/01,7579,5801,35878,553,4017,321,986,5552,4172,354,15,3,N\A
109,2008/01/17,8123,5402,2116,351,3390,191,737,1529,3625,362,27,0,N\A
109,2008/02/02,9138,6473,2257,176,3912,72,742,3880,2993,2178,39,1,N\A
109,2008/02/18,7675,6400,2185,593,4510,369,970,3988,3251,174,61,1,N\A
109,2008/03/05,7755,4784,2116,387,3061,188,566,3833,2211,1984,71,0,N\A
109,2008/03/21,5517,2588,35874,641,2219,110,1248,2690,1917,1715,96,3,N\A
109,2008/04/06,4515,3111,2116,1234,3266,579,1771,2932,2494,-119,100,0,N\A
109,2008/04/22,7745,5461,34962,401,3157,393,850,2755,2003,1399,128,3,N\A
109,2008/05/08,6556,4663,2185,745,3582,379,990,3959,2790,-393,141,1,N\A
109,2008/05/24,5674,3059,2116,633,2294,336,849,63,2467,-154,146,0,N\A
109,2008/06/09,4760,1862,2116,514,1448,266,439,1437,2563,1282,169,0,N\A
109,2008/06/25,2604,862,2116,592,1009,329,299,2857,2951,-440,180,0,N\A
109,2008/07/11,2925,1041,2185,613,1120,351,397,67,2689,-644,194,1,N\A
109,2008/07/27,6007,2496,2116,420,1684,206,424,2755,2118,1464,224,0,N\A
109,2008/08/12,7052,3734,2116,418,2418,205,761,1538,2400,-236,235,0,N\A
109,2008/08/28,7201,6061,34838,636,3910,563,804,1538,2245,-63,251,3,N\A
109,2008/09/13,7903,5962,34841,399,3407,425,416,4788,1548,2018,270,1,N\A
109,2008/09/29,7127,4205,2116,466,2778,244,598,1446,2094,2065,281,0,N\A
109,2008/10/15,6432,3330,2190,498,2294,240,858,5493,1959,2295,293,3,N\A
109,2008/10/31,5318,2199,2116,489,1600,254,372,2727,2910,2322,320,0,N\A
109,2008/11/16,4410,1974,2116,671,1730,313,611,92,3115,395,322,0,N\A
109,2008/12/02,3251,1261,35037,657,1290,358,268,4778,3302,2365,350,1,N\A
109,2008/12/18,3656,1357,34962,622,1339,249,295,2782,3516,2288,2,3,N\A
110,2008/01/01,5230,2292,36074,590,1884,175,525,5888,3230,2343,12,3,N\A
110,2008/01/17,2246,1161,2116,1232,1946,530,492,1994,3682,359,27,0,N\A
110,2008/02/02,5136,2794,2189,740,2303,368,551,5266,2898,2234,37,1,N\A
110,2008/02/18,6060,3423,2189,602,2454,339,562,5257,2496,2153,53,1,N\A
110,2008/03/05,7986,4806,2116,334,2983,161,631,3482,2267,1986,71,0,N\A
110,2008/03/21,6708,5210,2185,828,4203,397,1124,3352,2729,24,84,1,N\A
110,2008/04/06,6715,3757,2116,492,2504,276,748,650,2249,-96,98,0,N\A
110,2008/04/22,5192,3702,34837,903,2854,680,1118,2030,2388,-301,123,1,N\A
110,2008/05/08,5468,2959,35038,670,2287,353,884,4500,1965,1276,142,3,N\A
110,2008/05/24,5028,2758,34961,774,2340,372,1054,3539,2192,1278,151,1,N\A
110,2008/06/09,1839,918,2116,1187,1722,571,369,2349,2489,1278,176,0,N\A
110,2008/06/25,2381,1163,2116,1137,1848,453,403,551,2722,-488,178,0,N\A
110,2008/07/11,1472,743,2116,1320,1776,582,286,562,2703,-481,194,0,N\A
110,2008/07/27,6024,3270,2116,579,2334,319,529,921,2374,1457,217,0,N\A
110,2008/08/12,6056,3172,2116,549,2235,299,361,579,2400,-262,226,0,N\A
110,2008/08/28,7647,5595,2185,513,3848,270,745,3249,2494,-133,244,1,N\A
110,2008/09/13,7499,4709,2116,436,3051,238,596,552,2114,42,258,0,N\A
110,2008/09/29,6295,3829,2116,661,2908,294,600,2349,2172,2166,288,0,N\A
110,2008/10/15,4988,3220,34837,1100,3290,385,1191,3249,2710,298,292,1,N\A
110,2008/10/31,6961,3594,3102,409,2283,227,757,5867,2607,2410,316,3,N\A
110,2008/11/16,4855,2842,36002,897,2590,411,865,5114,3628,410,326,3,N\A
110,2008/12/02,4591,2332,34965,748,2018,386,526,4500,3353,2362,350,1,N\A
110,2008/12/18,5211,3129,2062,708,2249,558,587,2358,3570,2286,2,3,N\A
111,2008/01/01,8467,6064,35038,315,3796,178,787,5937,3183,2337,12,3,N\A
111,2008/01/17,6494,3856,2116,592,2786,282,749,427,3638,354,18,0,N\A
111,2008/02/02,5096,3481,3102,855,2632,667,1100,6433,2724,2284,35,3,N\A
111,2008/02/18,5473,2650,3102,598,2044,266,1330,4229,3281,169,61,3,N\A
111,2008/03/05,3975,1648,2116,657,1524,309,534,1975,2721,88,75,0,N\A
111,2008/03/21,3845,2171,34961,961,2162,547,857,2368,1958,1724,96,1,N\A
111,2008/04/06,7189,4050,2185,427,2612,225,688,1948,2355,-176,107,1,N\A
111,2008/04/22,8355,4793,2116,248,2769,148,488,1029,2111,1455,121,0,N\A
111,2008/05/08,8988,6500,2116,205,3849,142,416,2450,2248,1316,144,0,N\A
111,2008/05/24,8905,6840,2116,232,4006,214,570,3624,2224,1262,151,0,N\A
111,2008/06/09,6390,3893,2116,686,3115,218,527,1075,2602,1317,169,0,N\A
111,2008/06/25,4848,2233,2116,637,1836,298,450,1065,2638,1301,185,0,N\A
111,2008/07/11,4882,2996,2116,981,2853,416,1069,443,2730,-442,194,0,N\A
111,2008/07/27,3311,1306,2116,709,1411,298,560,1038,2394,1420,217,0,N\A
111,2008/08/12,4450,1849,2116,586,1526,311,521,1893,2443,-226,235,0,N\A
111,2008/08/28,6213,3162,34837,469,2008,354,530,3624,1710,1669,247,1,N\A
111,2008/09/13,7148,3658,2116,379,2279,209,580,425,2101,-21,258,0,N\A
111,2008/09/29,8500,5034,2116,239,2948,124,466,1084,2118,2083,281,0,N\A
111,2008/10/15,8303,6686,2116,412,4445,245,785,3155,2675,290,292,0,N\A
111,2008/10/31,8459,5430,34842,258,3091,213,615,5298,2424,2363,309,3,N\A
111,2008/11/16,6224,4167,35038,663,2849,495,837,6421,2688,2446,323,3,N\A
111,2008/12/02,5302,2337,2261,528,1720,285,604,4579,3304,2364,350,1,N\A
111,2008/12/18,5154,2420,35034,573,1792,352,877,2468,3524,2294,2,3,N\A
112,2008/01/01,6797,3192,36074,419,2198,104,704,4461,3323,2290,14,3,N\A
112,2008/01/17,5203,2920,2116,777,2463,359,1036,633,3650,410,18,0,N\A
112,2008/02/02,5882,3376,34965,664,2561,333,1171,6372,2734,2277,35,1,N\A
112,2008/02/18,5669,3494,2066,614,2222,587,548,6361,2318,2205,51,3,N\A
112,2008/03/05,5888,4252,2116,919,3551,479,1460,2158,2740,97,75,0,N\A
112,2008/03/21,6529,6366,2257,952,4534,824,1631,3418,2736,13,84,1,N\A
112,2008/04/06,6767,5138,2116,762,3953,400,1246,2131,2376,-191,107,0,N\A
112,2008/04/22,7500,4962,35874,472,3304,249,829,3454,1839,1448,119,3,N\A
112,2008/05/08,5314,2429,35038,566,1850,271,743,4461,2012,1269,142,3,N\A
112,2008/05/24,4265,1676,2185,595,1480,247,404,3482,2239,1274,151,1,N\A
112,2008/06/09,4654,2054,2116,623,1708,299,595,875,2618,1296,169,0,N\A
112,2008/06/25,5647,2488,2116,491,1765,255,626,633,2767,-500,178,0,N\A
112,2008/07/11,7365,3868,2116,362,2386,197,497,2249,2391,1361,208,0,N\A
112,2008/07/27,8295,4887,2116,260,2790,188,564,840,2412,1456,217,0,N\A
112,2008/08/12,8119,5331,2116,344,3315,193,468,660,2434,-274,226,0,N\A
112,2008/08/28,7900,5322,34893,365,3112,320,675,3482,1730,1675,247,1,N\A
112,2008/09/13,5387,3276,34837,806,2689,421,865,633,2121,16,258,1,N\A
112,2008/09/29,4164,1884,2116,723,1755,320,565,632,2178,157,274,0,N\A
112,2008/10/15,4451,1878,35038,622,1620,276,694,5236,1978,2279,293,3,N\A
112,2008/10/31,6912,3335,2185,391,2142,182,561,2122,3072,417,315,1,N\A
112,2008/11/16,7605,4043,2116,329,2419,196,560,678,3136,441,322,0,N\A
112,2008/12/02,8019,6029,2185,432,3930,269,707,2075,3665,467,347,1,N\A
112,2008/12/18,7644,7088,2062,589,4412,595,777,3491,3442,2323,359,3,N\A
113,2008/01/01,8981,5878,34893,186,3467,84,453,1745,3521,2238,16,1,N\A
113,2008/01/17,8444,5409,2116,273,3237,157,513,1221,3698,390,18,0,N\A
113,2008/02/02,8466,6380,2189,339,4083,193,754,6177,2775,2270,35,1,N\A
113,2008/02/18,5335,2816,34893,674,2216,343,848,1691,2614,2012,64,1,N\A
113,2008/03/05,5561,2808,2116,605,2121,301,834,2967,2316,1974,71,0,N\A
113,2008/03/21,5321,3507,2116,940,3078,464,1348,3834,2796,13,84,0,N\A
113,2008/04/06,6885,3547,2189,429,2326,204,730,5605,1396,1537,108,1,N\A
113,2008/04/22,6699,4118,2189,614,3107,221,656,6508,3176,-241,120,1,N\A
113,2008/05/08,4086,1548,36074,576,1372,263,332,5626,1806,1226,140,3,N\A
113,2008/05/24,4100,1682,2185,613,1465,331,507,3739,2836,-418,148,1,N\A
113,2008/06/09,7745,4843,3098,388,3054,216,693,2590,2900,-454,171,3,N\A
113,2008/06/25,8509,5182,2116,244,3029,141,536,3033,2467,1279,183,0,N\A
113,2008/07/11,7982,4880,2116,338,3012,179,615,1229,2788,-427,194,0,N\A
113,2008/07/27,8087,4706,2116,296,2800,170,448,257,2459,1553,217,0,N\A
113,2008/08/12,7111,4510,2116,523,3098,262,549,1238,2484,-289,226,0,N\A
113,2008/08/28,7155,4311,34965,484,2919,227,679,6184,1228,1597,243,1,N\A
113,2008/09/13,4602,2256,34961,699,1891,384,498,288,2035,1907,265,1,N\A
113,2008/09/29,3193,1243,2116,648,1256,389,428,289,2189,2096,281,0,N\A
113,2008/10/15,5821,2830,2261,528,1999,290,535,5415,3028,264,294,1,N\A
113,2008/10/31,6274,2893,2116,442,1931,229,426,2636,3118,427,315,0,N\A
113,2008/11/16,8406,6349,2189,362,4182,175,854,5426,3647,400,326,1,N\A
113,2008/12/02,8699,6509,2189,289,4157,138,710,4101,3347,2351,350,1,N\A
113,2008/12/18,7033,4646,2062,533,3060,355,642,1754,3576,2279,2,3,N\A
114,2008/01/01,7088,3223,34965,352,2066,118,640,6090,3394,2367,12,1,N\A
114,2008/01/17,7896,4296,2185,307,2612,139,593,3937,3467,2272,23,1,N\A
114,2008/02/02,7790,4674,34961,378,3043,141,719,2765,3739,343,36,1,N\A
114,2008/02/18,7981,6273,2116,486,4330,257,850,3901,3328,219,61,0,N\A
114,2008/03/05,7868,4637,2116,353,2959,137,522,3880,2300,2045,71,0,N\A
114,2008/03/21,6419,3364,4168,528,2421,203,819,5455,1672,1954,85,1,N\A
114,2008/04/06,4664,2570,4164,826,2270,424,1156,40,2162,-255,98,0,N\A
114,2008/04/22,5854,2923,4164,541,2069,300,900,1491,1927,1541,121,0,N\A
114,2008/05/08,5771,4566,34841,744,2775,816,932,6079,1498,1239,140,1,N\A
114,2008/05/24,6086,3550,2116,633,2602,338,1394,53,2277,1350,146,0,N\A
114,2008/06/09,6780,3865,2116,503,2622,258,903,2838,2270,1303,176,0,N\A
114,2008/06/25,5701,3047,2116,620,2265,332,1042,2837,2260,1341,192,0,N\A
114,2008/07/11,5048,2652,2116,710,2158,369,989,67,2500,1878,194,0,N\A
114,2008/07/27,3720,1706,4164,751,1641,414,875,3887,2724,-248,221,0,N\A
114,2008/08/12,6384,3027,34893,436,1976,250,648,2837,1812,1674,240,1,N\A
114,2008/08/28,7871,4138,2116,289,2427,166,611,3938,1623,1768,247,0,N\A
114,2008/09/13,7209,3903,2116,400,2467,217,612,66,2069,1682,258,0,N\A
114,2008/09/29,8217,4877,2116,281,2871,171,486,1536,2219,2135,281,0,N\A
114,2008/10/15,8144,5193,34965,331,3236,165,566,4798,2498,2349,302,1,N\A
114,2008/10/31,5163,2948,4164,784,2458,396,899,1475,3227,454,315,0,N\A
114,2008/11/16,5081,1719,34961,347,1064,363,629,45,3308,2983,322,1,N\A
114,2008/12/02,5391,3626,34841,881,2942,536,1057,6071,4242,429,344,1,N\A
114,2008/12/18,2728,1901,2062,1050,1838,1037,953,1411,3952,479,363,3,N\A
115,2008/01/01,4610,2028,2189,616,1670,317,484,5617,4325,374,15,1,N\A
115,2008/01/17,5149,1832,2116,414,1293,238,424,3728,3467,2275,23,0,N\A
115,2008/02/02,6578,3545,2116,498,2413,253,662,3016,3748,340,36,0,N\A
115,2008/02/18,8293,6140,2120,373,3998,197,756,4103,3347,210,61,0,N\A
115,2008/03/05,7669,4657,2116,391,2964,200,549,1811,2757,152,75,0,N\A
115,2008/03/21,6610,4332,2116,647,3171,332,766,1829,2444,27,91,0,N\A
115,2008/04/06,5986,4121,2116,859,3422,404,1012,3081,2476,-70,100,0,N\A
115,2008/04/22,5862,2501,35878,404,1549,337,342,4638,1589,1422,126,3,N\A
115,2008/05/08,8017,3508,35038,216,1963,108,616,5977,1538,1246,140,3,N\A
115,2008/05/24,6064,3136,2116,553,2257,266,932,1237,2268,1356,153,0,N\A
115,2008/06/09,4083,1564,2116,568,1352,298,354,2588,2311,1303,176,0,N\A
115,2008/06/25,3793,1298,2120,521,1158,269,364,4649,2076,1293,190,1,N\A
115,2008/07/11,3504,1112,2116,492,1023,272,284,264,2542,-484,194,0,N\A
115,2008/07/27,6820,3504,2189,437,2312,208,562,4093,2764,-250,221,1,N\A
115,2008/08/12,7673,3751,2116,291,2211,155,468,2579,1849,1663,240,0,N\A
115,2008/08/28,8651,4678,34893,192,2655,86,425,3728,1656,1756,247,1,N\A
115,2008/09/13,7427,3408,2116,296,2005,166,432,255,2097,132,258,0,N\A
115,2008/09/29,7314,3820,2116,369,2379,192,452,1237,2229,2118,281,0,N\A
115,2008/10/15,6393,4345,34837,731,3323,373,966,3006,2793,336,292,1,N\A
115,2008/10/31,6641,3178,34842,421,2086,202,802,5955,2779,2430,316,3,N\A
115,2008/11/16,5283,2716,2116,706,2288,262,868,1738,3576,494,331,0,N\A
115,2008/12/02,4530,1829,34965,550,1461,308,458,4648,3513,2380,350,1,N\A
115,2008/12/18,1385,1531,2066,1831,2420,1839,735,5977,3457,2393,364,3,N\A
116,2008/01/01,6305,2789,34961,416,1836,214,367,2930,3606,2273,16,1,N\A
116,2008/01/17,5328,3237,34965,904,2966,329,803,4005,3433,2280,23,1,N\A
116,2008/02/02,5732,3213,34837,671,2474,330,647,2682,3710,340,36,1,N\A
116,2008/02/18,5623,2827,2116,567,2024,339,532,3834,3305,214,61,0,N\A
116,2008/03/05,1909,2830,34841,2356,3468,2371,1269,4808,1961,1997,78,1,N\A
116,2008/03/21,4751,2139,2116,612,1720,326,617,1438,2402,24,91,0,N\A
116,2008/04/06,7506,3989,2257,348,2443,187,498,2884,1766,1600,112,1,N\A
116,2008/04/22,5703,2522,34837,414,1513,414,461,1591,1934,1526,121,1,N\A
116,2008/05/08,7824,6251,35878,392,3211,572,566,6118,1521,1230,140,3,N\A
116,2008/05/24,7508,3903,2116,340,2389,174,517,153,2294,1329,146,0,N\A
116,2008/06/09,7504,4307,2116,384,2694,212,688,2930,2290,1296,176,0,N\A
116,2008/06/25,6714,3459,2116,447,2274,234,778,2921,2279,1334,192,0,N\A
116,2008/07/11,6081,3227,2116,550,2257,311,828,158,2516,1532,194,0,N\A
116,2008/07/27,7005,3616,2116,408,2317,209,608,3986,1957,1431,215,0,N\A
116,2008/08/12,4149,1826,34893,688,1664,324,503,2921,1811,1660,240,1,N\A
116,2008/08/28,6587,4315,35878,598,2907,416,708,6520,3163,-108,241,3,N\A
116,2008/09/13,5019,2248,2116,564,1701,326,544,163,2055,1786,258,0,N\A
116,2008/09/29,8127,4476,2116,268,2595,161,431,2931,2242,2215,288,0,N\A
116,2008/10/15,8978,5056,34965,151,2806,78,433,4848,2463,2347,302,1,N\A
116,2008/10/31,7526,4748,2116,429,3040,249,566,1384,3193,454,315,0,N\A
116,2008/11/16,7448,4746,2116,461,3153,232,668,1348,3543,494,331,0,N\A
116,2008/12/02,5411,2918,2116,689,2314,337,869,1329,3799,498,347,0,N\A
116,2008/12/18,3265,4489,2066,2077,4091,2045,1371,6032,4372,410,360,3,N\A
117,2008/01/01,5173,2413,3298,578,1817,327,466,5457,4267,372,15,3,N\A
117,2008/01/17,6998,2367,34961,237,1342,146,188,2911,3345,2221,32,1,N\A
117,2008/02/02,5764,3199,34837,597,2222,414,461,2700,3691,338,36,1,N\A
117,2008/02/18,8037,6162,2116,453,4163,244,723,3854,3295,209,61,0,N\A
117,2008/03/05,6964,6292,35874,808,4515,618,929,3892,2950,104,77,3,N\A
117,2008/03/21,7031,5245,2066,578,3316,498,666,5498,1644,1935,85,3,N\A
117,2008/04/06,4801,2845,34837,905,2577,442,1072,1411,2240,-150,107,1,N\A
117,2008/04/22,5079,2306,34837,607,1860,256,450,1573,1953,1517,121,1,N\A
117,2008/05/08,5728,3061,3154,638,2349,294,475,3825,2658,-356,141,3,N\A
117,2008/05/24,2759,1154,2116,803,1415,397,284,1609,2272,1345,153,0,N\A
117,2008/06/09,3763,1555,2116,667,1472,338,341,3995,2170,1262,167,0,N\A
117,2008/06/25,5976,2564,2120,443,1759,212,395,4858,2087,1273,190,1,N\A
117,2008/07/11,7479,4656,2116,421,2919,271,619,2700,2789,-392,196,0,N\A
117,2008/07/27,8269,4932,2116,275,2904,164,502,2893,2003,1497,224,0,N\A
117,2008/08/12,8382,6573,2120,383,4353,207,737,4740,2810,-198,230,1,N\A
117,2008/08/28,7227,5503,2116,648,4027,342,809,2700,2395,-103,244,0,N\A
117,2008/09/13,5841,3224,2116,645,2457,304,894,145,2053,1767,258,0,N\A
117,2008/09/29,5872,2701,2116,497,1911,241,606,2921,2219,2209,288,0,N\A
117,2008/10/15,5551,3328,2061,787,2751,363,1012,2691,2736,332,292,1,N\A
117,2008/10/31,4159,2624,2061,1183,2868,522,1160,1402,3168,450,315,1,N\A
117,2008/11/16,3149,3079,2062,1526,2929,1426,937,2724,3458,465,324,3,N\A
117,2008/12/02,3180,1441,34837,820,1585,431,378,1348,3773,495,347,1,N\A
117,2008/12/18,2736,3181,2066,1926,3377,1804,1298,5457,4279,407,1,3,N\A
118,2008/01/01,4564,3058,35878,1020,2733,647,539,5352,4218,372,15,3,N\A
118,2008/01/17,5868,3093,35037,560,2151,354,678,4989,3151,2268,30,1,N\A
118,2008/02/02,6630,4213,2061,620,3060,307,685,2498,3644,338,36,1,N\A
118,2008/02/18,8675,6576,34841,304,4285,130,793,5647,2493,2183,53,1,N\A
118,2008/03/05,8662,5415,34841,236,3294,79,445,4101,2222,2020,71,1,N\A
118,2008/03/21,7608,5032,2185,454,3342,229,767,1728,2111,1841,89,1,N\A
118,2008/04/06,6756,4464,34837,541,2795,456,630,288,2141,1706,98,1,N\A
118,2008/04/22,6441,4157,35874,670,3096,337,833,1142,2249,-307,123,3,N\A
118,2008/05/08,6533,4279,2116,660,3148,343,808,1122,2386,-414,139,0,N\A
118,2008/05/24,6547,3718,34893,543,2603,268,553,386,2335,1386,146,1,N\A
118,2008/06/09,5290,3415,34838,850,2760,517,762,1837,2424,1295,169,3,N\A
118,2008/06/25,4169,2365,2189,1048,2547,399,600,4987,2109,1262,190,1,N\A
118,2008/07/11,5339,2801,34841,669,2202,338,462,4611,3056,-363,198,1,N\A
118,2008/07/27,7856,4694,2116,346,2883,193,532,3089,2006,1486,224,0,N\A
118,2008/08/12,7213,4357,2116,471,2909,233,513,372,2263,1606,226,0,N\A
118,2008/08/28,7835,4583,34897,344,2835,175,459,4601,2668,-96,246,1,N\A
118,2008/09/13,7308,4384,2116,446,2868,231,517,389,2025,1901,258,0,N\A
118,2008/09/29,7300,4200,2116,422,2705,220,831,1846,2127,2104,281,0,N\A
118,2008/10/15,6073,4861,3098,794,3250,718,1381,2488,2690,331,292,3,N\A
118,2008/10/31,7362,4284,34837,437,2877,168,774,345,2809,2318,306,1,N\A
118,2008/11/16,5955,4878,34841,881,3475,729,1114,6472,3842,375,321,1,N\A
118,2008/12/02,2925,2273,34841,1007,1840,1163,766,4990,3402,2382,350,1,N\A
118,2008/12/18,1634,2202,2066,2808,3905,2440,1483,5348,4228,403,1,3,N\A