site-id,lat,lon,tile-h,tile-v,pixel-col,pixel_row
61,12.971637,120.830057,29,7,3718,3373
62,12.40737,121.046508,29,7,3945,3644
63,12.340134,121.170515,29,7,4018,3676
64,13.230624,121.257164,29,7,3858,3249
65,10.652135,119.493672,29,7,3568,4486
66,10.668567,119.470909,29,7,3554,4479
67,9.366401,118.456632,29,8,3301,304
68,8.714167,117.743065,29,8,3064,617
69,8.08227,123.506419,30,8,1094,920
70,7.868412,123.484973,30,8,1114,1023
71,7.786051,122.982379,30,8,887,1062
72,7.650617,122.850755,30,8,843,1127
73,7.507213,123.351302,30,8,1101,1196
74,7.861127,122.520327,30,8,657,1026
75,14.14799,122.924476,29,7,4414,2808
76,13.604707,123.122114,29,7,4640,3069
77,13.50613,123.277828,29,7,4736,3117
78,13.283444,123.527968,30,7,107,3223
79,12.927565,123.805392,30,7,320,3394
80,12.89,123.799085,30,7,326,3412
81,12.716405,124.008861,30,7,464,3496
82,10.898434,122.647957,30,7,209,4368
83,10.752442,122.485416,30,7,160,4438
84,11.363732,122.739258,30,7,159,4145
85,10.759446,121.998863,29,7,4729,4435
86,10.763421,121.986677,29,7,4723,4433
87,11.143128,122.468119,30,7,76,4251
88,10.556672,122.920172,30,7,403,4532
89,10.189371,122.944362,30,7,482,4709
90,9.963671,122.817143,30,8,463,17
91,9.119513,123.035243,30,8,710,422
92,9.889339,124.022938,30,8,1046,53
93,11.048044,124.527249,30,7,1065,4296
94,11.170972,124.512619,30,7,1033,4237
95,11.184684,124.942315,30,7,1233,4231
96,11.120902,124.96439,30,7,1256,4261
97,11.049578,124.990612,30,7,1283,4296
98,10.690659,125.000179,30,7,1358,4468
99,10.38718,124.763971,30,7,1305,4614
100,7.95065,123.737432,30,8,1223,983
101,7.944943,123.784221,30,8,1246,986
102,8.091085,124.233147,30,8,1438,916
103,8.27297,124.711303,30,8,1638,828
104,7.981357,125.161778,30,8,1895,968
105,7.83664,125.140285,30,8,1906,1038
106,7.659747,126.05561,30,8,2366,1123
107,7.414352,125.737122,30,8,2249,1241
108,6.939792,126.005324,30,8,2439,1468
109,6.703197,125.300778,30,8,2133,1582
110,7.056759,124.858556,30,8,1878,1412
111,6.54765,124.877744,30,8,1950,1657
112,6.538818,124.665855,30,8,1850,1661
113,6.647342,124.07798,30,8,1557,1609
114,9.299643,125.969187,30,8,2070,336
115,9.064081,125.596527,30,8,1933,449
116,8.922705,125.992527,30,8,2144,517
117,8.568238,125.894741,30,8,2155,687
118,8.060933,126.037643,30,8,2300,930
id,Date,250m 16 days NDVI,250m 16 days EVI,250m 16 days VI Quality,250m 16 days red reflectance,250m 16 days NIR reflectance,250m 16 days blue reflectance,250m 16 days MIR reflectance,250m 16 days view zenith angle,250m 16 days sun zenith angle,250m 16 days relative azimuth angle,250m 16 days composite day of the year,250m 16 days pixel reliability,actual_date
61,2009/01/01,2389,869,2116,661,1076,414,656,305,4051,2260,16,0,N\A
61,2009/01/17,3349,1124,2116,553,1110,272,601,306,3799,2213,32,0,N\A
61,2009/02/02,6410,3175,2185,460,2103,257,715,3664,3867,345,43,1,N\A
61,2009/02/18,7908,4294,2116,304,2603,139,627,3004,2808,2142,62,0,N\A
61,2009/03/06,8048,5379,2116,363,3357,216,731,1157,2838,237,73,0,N\A
61,2009/03/22,7979,5627,2116,417,3710,211,691,1139,2430,121,89,0,N\A
61,2009/04/07,8418,5731,2120,303,3529,170,671,4081,1618,1860,101,0,N\A
61,2009/04/23,7378,4456,34966,443,2937,214,597,4076,1455,1655,117,3,N\A
61,2009/05/09,5412,2907,2116,679,2281,344,879,316,2007,1524,144,0,N\A
61,2009/05/25,5075,3020,2116,870,2663,406,1151,2516,2294,-318,146,0,N\A
61,2009/06/10,5548,2641,3226,564,1970,273,757,5363,2884,-322,173,3,N\A
61,2009/06/26,4524,1804,2116,558,1480,274,579,1248,2389,-353,185,0,N\A
61,2009/07/12,4525,1392,3226,404,1072,200,492,4858,1671,1432,204,3,N\A
61,2009/07/28,2707,3667,2066,1126,1962,1736,933,6447,3140,-145,223,3,N\A
61,2009/08/13,4131,1489,2116,532,1281,253,611,1212,2209,-105,233,0,N\A
61,2009/08/29,864,2009,2062,3554,4227,3624,992,271,2118,2010,256,3,N\A
61,2009/09/14,6753,3213,2185,405,2090,188,626,2544,2410,140,258,1,N\A
61,2009/09/30,8214,4442,36074,251,2560,143,566,4878,2278,2312,284,3,N\A
61,2009/10/16,6593,4779,2120,749,3648,397,1252,5347,3528,397,301,1,N\A
61,2009/11/01,6000,3443,2116,617,2468,364,929,2535,3366,474,306,0,N\A
61,2009/11/17,5971,3718,2116,698,2767,406,1201,301,3897,2451,336,0,N\A
61,2009/12/03,4950,2909,2116,842,2493,448,1228,1185,4101,512,345,0,N\A
61,2009/12/19,3374,1895,2116,1076,2172,556,1403,1203,4225,505,361,0,N\A
62,2009/01/01,3551,2253,2116,1292,2715,624,2028,630,3991,2293,16,0,N\A
62,2009/01/17,3220,1973,2116,1376,2683,584,1748,630,3740,2245,32,0,N\A
62,2009/02/02,3056,2097,2116,1520,2858,804,2507,850,3642,389,41,0,N\A
62,2009/02/18,3375,1859,2120,1091,2203,506,1441,4256,2923,2201,53,0,N\A
62,2009/03/06,2980,2166,2116,1683,3112,896,2816,841,2788,220,73,0,N\A
62,2009/03/22,3497,2006,2189,1198,2487,482,1777,4275,1943,2010,85,1,N\A
62,2009/04/07,3443,2126,2120,1255,2573,614,1842,4285,1581,1840,101,0,N\A
62,2009/04/23,4798,2637,34841,844,2401,361,814,5722,1146,1645,115,1,N\A
62,2009/05/09,7493,5535,2116,558,3894,290,1203,640,2009,1434,144,0,N\A
62,2009/05/25,8239,4553,34965,262,2715,109,475,6229,1395,1224,154,1,N\A
62,2009/06/10,6109,4182,35878,620,2567,620,577,6218,1528,1217,170,3,N\A
62,2009/06/26,5322,2940,2116,722,2365,364,574,931,2394,-377,185,0,N\A
62,2009/07/12,3231,1304,2116,734,1435,321,598,3494,2634,-281,203,0,N\A
62,2009/07/28,3379,1511,3294,818,1653,367,857,3228,1804,1594,222,3,N\A
62,2009/08/13,4593,2314,2116,752,2030,365,1102,895,2185,-80,233,0,N\A
62,2009/08/29,4115,2860,2066,803,1926,924,499,5701,1286,1857,243,3,N\A
62,2009/09/14,8119,5255,2185,340,3276,180,493,595,2300,2129,272,1,N\A
62,2009/09/30,6752,7351,34841,880,4540,983,933,5835,3135,248,278,1,N\A
62,2009/10/16,5877,4266,2120,941,3624,473,1236,5200,3468,392,301,1,N\A
62,2009/11/01,4985,3148,2116,964,2881,459,1401,2259,3306,468,306,0,N\A
62,2009/11/17,4463,2416,2116,823,2150,448,1466,3256,3677,2386,334,0,N\A
62,2009/12/03,4736,2588,2120,814,2279,402,1659,4255,3737,2400,341,0,N\A
62,2009/12/19,4083,2446,2116,1055,2511,528,1866,2010,4013,2354,359,0,N\A
63,2009/01/01,2575,1157,2116,852,1443,505,972,768,3977,2318,16,0,N\A
63,2009/01/17,4037,1774,2116,649,1528,405,835,768,3726,2270,32,0,N\A
63,2009/02/02,5281,2542,2116,554,1794,390,1005,715,3629,355,41,0,N\A
63,2009/02/18,7280,4533,2116,444,2821,317,802,757,2905,2106,64,0,N\A
63,2009/03/06,7680,5698,2116,484,3690,337,1463,707,2774,183,73,0,N\A
63,2009/03/22,7500,7356,34841,517,3619,824,1222,5778,1739,2078,83,1,N\A
63,2009/04/07,6321,4088,2120,712,3159,329,1085,4362,1568,1839,101,0,N\A
63,2009/04/23,6408,3325,34841,511,2335,225,903,5777,1134,1641,115,1,N\A
63,2009/05/09,6536,4446,2120,707,3375,349,1334,6291,2955,-265,143,1,N\A
63,2009/05/25,4667,2625,34841,646,1777,651,489,6276,1390,1227,154,1,N\A
63,2009/06/10,3555,2457,34841,1113,2341,870,780,6265,1523,1215,170,1,N\A
63,2009/06/26,4111,1920,34897,742,1778,366,817,4376,2773,-347,180,1,N\A
63,2009/07/12,3753,1374,34893,619,1363,206,375,3399,2625,-290,203,1,N\A
63,2009/07/28,4027,2581,35874,1082,2541,654,1003,3322,1794,1584,222,3,N\A
63,2009/08/13,7325,4602,34841,416,2695,375,739,6264,1126,1714,234,1,N\A
63,2009/08/29,7769,7373,2066,412,3282,803,629,5755,1272,1856,243,3,N\A
63,2009/09/14,8160,6301,2185,414,4088,266,894,2158,2353,136,258,1,N\A
63,2009/09/30,4745,7660,2066,1844,5175,2049,1598,4355,2839,262,276,3,N\A
63,2009/10/16,4774,3079,2120,1131,3198,427,1447,5145,3457,394,301,1,N\A
63,2009/11/01,4117,2317,2116,998,2395,442,1548,2152,3193,2348,311,0,N\A
63,2009/11/17,4056,2228,2120,962,2275,442,1503,4343,3428,2404,325,0,N\A
63,2009/12/03,3363,1698,2120,956,1925,453,1543,4335,3725,2398,341,0,N\A
63,2009/12/19,2853,1445,2116,953,1714,569,1144,2150,4193,494,354,0,N\A
64,2009/01/01,628,1587,2066,4507,5112,4350,2663,5176,4524,428,13,3,N\A
64,2009/01/17,6512,2892,2185,415,1965,141,664,2064,3873,2285,23,1,N\A
64,2009/02/02,7426,5910,2062,450,3047,635,942,649,3415,2187,48,3,N\A
64,2009/02/18,6495,3610,34893,533,2509,270,646,648,2959,2105,64,1,N\A
64,2009/03/06,6854,4193,2116,514,2754,331,929,805,2818,215,73,0,N\A
64,2009/03/22,6612,4645,2116,673,3301,426,1102,2195,2709,159,82,0,N\A
64,2009/04/07,7532,3380,2189,301,2139,47,556,5722,1350,1930,99,1,N\A
64,2009/04/23,7187,3981,2262,407,2487,249,719,4294,1414,1664,117,3,N\A
64,2009/05/09,6659,3471,34837,474,2364,213,717,667,1960,1453,144,1,N\A
64,2009/05/25,5954,3703,2066,564,2224,587,597,4275,1617,1373,149,3,N\A
64,2009/06/10,6484,3444,3222,499,2340,263,614,3233,1931,1365,174,3,N\A
64,2009/06/26,6783,3470,2185,439,2291,211,639,1992,2079,1399,183,1,N\A
64,2009/07/12,5186,1742,2116,446,1407,39,418,3465,2592,-271,203,0,N\A
64,2009/07/28,4514,4665,2066,1355,3585,1302,1176,6339,3098,-138,223,3,N\A
64,2009/08/13,6202,3346,2116,578,2466,244,619,868,2170,-76,233,0,N\A
64,2009/08/29,7153,5641,34842,631,3803,471,873,4414,2605,8,244,3,N\A
64,2009/09/14,7287,4749,2116,494,3149,285,843,2241,2384,160,258,0,N\A
64,2009/09/30,7295,5086,34838,573,3665,254,796,3437,2904,341,283,3,N\A
64,2009/10/16,6796,3785,2261,482,2527,255,926,6230,2623,2441,298,1,N\A
64,2009/11/01,6095,3224,34837,571,2354,261,1012,649,3568,2337,320,1,N\A
64,2009/11/17,5900,4355,34893,839,3254,590,1574,2213,3758,512,322,1,N\A
64,2009/12/03,1406,783,34837,1695,2250,627,749,632,4107,2383,352,1,N\A
64,2009/12/19,2775,983,2116,630,1114,345,673,851,4226,485,361,0,N\A
65,2009/01/01,4725,3319,3098,1121,3130,630,762,491,3926,392,16,3,N\A
65,2009/01/17,6906,4991,34837,710,3881,301,1104,1930,3910,397,25,1,N\A
65,2009/02/02,5632,4192,2116,1054,3773,518,1175,3183,3866,364,34,0,N\A
65,2009/02/18,2526,2584,34837,1614,2705,1578,1318,3538,2887,2166,53,1,N\A
65,2009/03/06,5072,3869,34837,1102,3371,710,1560,481,2520,106,80,1,N\A
65,2009/03/22,7227,1852,34841,154,957,139,389,5266,1771,2006,83,1,N\A
65,2009/04/07,4141,2958,2062,1296,3128,723,1401,3567,1688,1772,101,3,N\A
65,2009/04/23,3758,2903,2062,1511,3331,897,1658,3165,2348,-151,114,3,N\A
65,2009/05/09,3116,3233,2066,1557,2967,1521,953,6232,2965,-258,134,3,N\A
65,2009/05/25,4355,2648,35878,1097,2790,452,742,5866,1618,1224,154,3,N\A
65,2009/06/10,6568,4836,35878,801,3868,376,1013,5725,3092,-351,173,3,N\A
65,2009/06/26,6997,5202,34841,669,3788,375,701,5073,2986,-355,180,1,N\A
65,2009/07/12,6277,5198,34842,766,3350,736,852,4451,1885,1388,204,3,N\A
65,2009/07/28,6490,4478,2116,759,3567,326,763,3240,2651,-281,210,0,N\A
65,2009/08/13,4330,3219,34893,1204,3043,798,1308,948,2051,1666,231,1,N\A
65,2009/08/29,4556,3793,3102,1012,2706,1015,777,5245,1387,1776,243,3,N\A
65,2009/09/14,3375,1877,2116,1111,2243,511,589,534,2309,273,272,0,N\A
65,2009/09/30,4229,3481,3102,1375,3391,955,1277,5715,3142,270,285,3,N\A
65,2009/10/16,3525,1841,34841,886,1851,542,549,4486,2601,2346,300,1,N\A
65,2009/11/01,3924,2674,34837,1503,3445,575,946,1939,3330,459,313,1,N\A
65,2009/11/17,4498,2630,34837,1003,2643,410,598,507,3746,495,336,1,N\A
65,2009/12/03,7467,5132,2189,533,3677,208,926,5865,3533,2428,346,1,N\A
65,2009/12/19,5569,9817,2066,1057,3714,1772,1218,6364,3545,2435,353,3,N\A
66,2009/01/01,4969,3648,3098,985,2931,734,958,525,3929,485,16,3,N\A
66,2009/01/17,6127,3890,34837,723,3011,353,770,966,3753,2272,23,1,N\A
66,2009/02/02,6272,4852,2116,935,4082,464,1141,3202,3869,362,34,0,N\A
66,2009/02/18,7324,5151,34837,548,3549,303,1014,3519,2889,2168,53,1,N\A
66,2009/03/06,5766,3400,34837,396,1475,789,701,2358,2301,2001,78,1,N\A
66,2009/03/22,6058,3747,34961,688,2803,376,1089,3538,1990,1948,85,1,N\A
66,2009/04/07,4936,2268,2066,500,1475,497,220,4500,1476,1685,108,3,N\A
66,2009/04/23,6331,3962,3098,663,2952,332,860,3547,1608,1581,117,3,N\A
66,2009/05/09,4160,3437,34841,1229,2980,1016,1033,6243,2967,-256,134,1,N\A
66,2009/05/25,4441,2374,36002,898,2333,348,571,5854,1618,1222,154,3,N\A
66,2009/06/10,1853,1016,2116,1266,1842,703,593,3221,2633,-394,162,0,N\A
66,2009/06/26,4444,2571,2116,883,2296,514,655,2030,2604,-383,185,0,N\A
66,2009/07/12,5220,4313,2066,969,3086,884,915,4441,1885,1390,204,3,N\A
66,2009/07/28,-241,-97,2116,1253,1194,480,361,3258,2653,-282,210,0,N\A
66,2009/08/13,2994,1225,34837,765,1419,356,360,3491,1774,1607,229,1,N\A
66,2009/08/29,4123,2785,3098,1145,2752,693,927,561,2147,82,256,3,N\A
66,2009/09/14,564,218,2116,952,1066,499,348,560,2312,263,272,0,N\A
66,2009/09/30,3967,2400,35878,1050,2431,580,758,5726,3145,269,285,3,N\A
66,2009/10/16,5037,2141,34841,499,1512,357,580,4471,2604,2346,300,1,N\A
66,2009/11/01,4731,3666,34841,1189,3325,786,1052,5063,3496,405,308,1,N\A
66,2009/11/17,6019,3841,34837,730,2938,393,698,534,3749,486,336,1,N\A
66,2009/12/03,5616,3714,2189,938,3342,372,981,5854,3535,2425,346,1,N\A
66,2009/12/19,5670,5968,2066,1222,4423,1113,1295,5736,4469,422,365,3,N\A
67,2009/01/01,5531,8295,2066,1350,4692,1696,2046,6484,4533,381,6,3,N\A
67,2009/01/17,6049,3327,2116,617,2507,268,782,1718,3498,2211,30,0,N\A
67,2009/02/02,4104,2019,2116,805,1926,384,1397,1718,3153,2160,46,0,N\A
67,2009/02/18,4767,3948,34842,1488,4200,794,1858,5991,3676,188,61,3,N\A
67,2009/03/06,4837,2498,2120,779,2239,307,1252,4919,2236,2099,67,1,N\A
67,2009/03/22,4059,2720,2116,1251,2961,634,1982,1194,2279,-49,96,0,N\A
67,2009/04/07,4967,4006,35878,802,2385,976,1155,6160,1221,1811,97,3,N\A
67,2009/04/23,4672,3031,2118,1097,3021,498,1598,1193,2215,-301,128,3,N\A
67,2009/05/09,5386,4107,35878,963,3212,707,1215,5386,2802,-284,132,3,N\A
67,2009/05/25,5112,2844,2066,693,2143,474,1085,4062,2007,1276,156,3,N\A
67,2009/06/10,2077,918,2116,1001,1526,433,656,1673,2360,1319,174,0,N\A
67,2009/06/26,2452,1061,34893,883,1457,431,770,190,2498,1430,183,1,N\A
67,2009/07/12,3409,1500,34961,774,1575,383,656,2939,2211,1361,197,1,N\A
67,2009/07/28,3609,3093,34837,1178,2509,1176,737,1673,2110,1528,222,1,N\A
67,2009/08/13,6869,3256,2116,380,2048,203,547,2968,1890,1578,229,0,N\A
67,2009/08/29,7905,6597,36074,550,4703,302,1124,6002,2944,-4,253,3,N\A
67,2009/09/14,7485,5684,2116,563,3915,340,1009,3758,2499,60,258,0,N\A
67,2009/09/30,7086,5368,36002,671,3935,368,1030,6002,3150,243,285,3,N\A
67,2009/10/16,4987,2589,2116,724,2165,346,851,236,2656,2141,295,0,N\A
67,2009/11/01,4657,2990,34966,1092,2996,484,1320,5395,3462,379,308,3,N\A
67,2009/11/17,3713,1971,2116,959,2092,464,589,3005,3248,2363,325,0,N\A
67,2009/12/03,3523,1428,2116,668,1395,357,747,3005,3546,2365,341,0,N\A
67,2009/12/19,5166,2964,34837,800,2510,385,1257,2617,4036,462,361,1,N\A
68,2009/01/01,6393,3842,2116,616,2800,305,1146,3035,4012,419,9,0,N\A
68,2009/01/17,5610,2814,2116,604,2148,274,1054,1201,3491,2230,30,0,N\A
68,2009/02/02,4921,2729,2116,824,2421,365,1356,1748,3341,287,48,0,N\A
68,2009/02/18,5592,3975,34841,1019,3605,461,1691,5639,3760,228,52,1,N\A
68,2009/03/06,4989,2584,2116,727,2175,337,1431,1219,2358,1950,78,0,N\A
68,2009/03/22,5636,2685,2189,562,2014,249,1123,4643,1825,1935,83,1,N\A
68,2009/04/07,5168,2550,2116,638,2003,327,1246,2588,1835,1709,101,0,N\A
68,2009/04/23,5909,2386,2189,416,1618,203,516,4648,1515,1521,115,1,N\A
68,2009/05/09,5617,2695,34897,552,1967,287,886,5627,2887,-293,132,1,N\A
68,2009/05/25,5544,2493,34965,503,1755,296,738,4961,2942,-389,155,1,N\A
68,2009/06/10,6212,3121,2120,491,2102,286,731,4113,2869,-411,162,0,N\A
68,2009/06/26,5686,2363,2116,443,1611,255,522,371,2590,-453,183,0,N\A
68,2009/07/12,6843,3807,34841,399,2129,422,640,4992,3053,-334,203,1,N\A
68,2009/07/28,5591,2837,34837,613,2168,286,988,1802,2460,-260,224,1,N\A
68,2009/08/13,5777,2690,2116,512,1913,262,880,345,2242,-155,231,0,N\A
68,2009/08/29,6186,3951,36002,707,3001,364,1046,4971,2706,-29,251,3,N\A
68,2009/09/14,6520,3202,2120,453,2151,215,810,4611,1537,1930,259,1,N\A
68,2009/09/30,5875,2694,2116,483,1859,265,663,3681,2086,2196,284,0,N\A
68,2009/10/16,5271,2419,2116,565,1825,293,769,1182,2727,2251,302,0,N\A
68,2009/11/01,5605,2651,2116,542,1925,285,665,300,3040,528,311,0,N\A
68,2009/11/17,6670,3487,34893,473,2368,216,725,3699,3300,2366,332,1,N\A
68,2009/12/03,5818,2906,2116,558,2111,280,910,307,3691,529,343,0,N\A
68,2009/12/19,5856,3190,2116,630,2411,298,1077,326,3841,479,359,0,N\A
69,2009/01/01,5436,3249,2062,669,2263,535,515,2330,3624,2277,9,3,N\A
69,2009/01/17,7558,4207,2185,365,2625,185,483,561,3618,377,27,1,N\A
69,2009/02/02,8833,5927,2116,217,3503,126,607,2331,3145,2165,41,0,N\A
69,2009/02/18,8156,6949,2189,492,4845,285,945,4277,3456,231,54,1,N\A
69,2009/03/06,7241,5283,2116,613,3832,304,760,2003,2875,179,68,0,N\A
69,2009/03/22,5626,3089,2116,661,2362,342,704,956,2287,1887,82,0,N\A
69,2009/04/07,4376,2237,2116,798,2040,393,980,965,2049,1728,98,0,N\A
69,2009/04/23,4079,1904,2116,746,1774,367,579,965,1997,1563,114,0,N\A
69,2009/05/09,3991,1907,2116,779,1814,390,456,956,2108,1419,130,0,N\A
69,2009/05/25,4738,2149,2262,639,1790,298,560,6279,3183,-344,145,3,N\A
69,2009/06/10,3393,1406,2116,736,1492,329,380,3286,2877,-428,173,0,N\A
69,2009/06/26,3515,1422,34837,712,1484,292,495,2058,2775,-452,180,1,N\A
69,2009/07/12,9306,5679,36002,113,3146,63,571,6353,1725,1248,204,3,N\A
69,2009/07/28,8348,5941,2257,348,3867,153,813,3296,2689,-266,221,1,N\A
69,2009/08/13,8254,4835,2116,277,2897,135,538,2285,1975,1574,233,0,N\A
69,2009/08/29,7740,3254,35874,245,1924,66,486,3491,1682,1845,256,3,N\A
69,2009/09/14,6112,3334,2116,606,2512,248,625,903,1979,1873,258,0,N\A
69,2009/09/30,7558,4375,34842,392,2819,174,643,4461,1845,2162,279,3,N\A
69,2009/10/16,3633,1657,2116,798,1709,367,781,588,2720,392,299,0,N\A
69,2009/11/01,3712,1591,2116,708,1544,355,531,920,2798,2253,306,0,N\A
69,2009/11/17,2586,1058,2116,804,1365,392,351,929,3187,2293,322,0,N\A
69,2009/12/03,2861,1191,2120,817,1472,351,308,4287,3900,448,342,0,N\A
69,2009/12/19,7148,3935,2185,411,2472,246,540,3491,3579,2313,3,1,N\A
70,2009/01/01,6146,5266,34842,802,3360,804,787,4500,3462,2320,7,3,N\A
70,2009/01/17,3882,2317,2116,1107,2512,533,1311,3230,3787,352,29,0,N\A
70,2009/02/02,4494,2517,34837,776,2043,549,851,3530,2857,2143,48,1,N\A
70,2009/02/18,4521,2314,2116,778,2062,381,992,947,3036,2095,50,0,N\A
70,2009/03/06,4056,2373,2116,1106,2616,446,875,534,2571,151,75,0,N\A
70,2009/03/22,3231,1557,2116,890,1740,458,824,1966,2540,48,84,0,N\A
70,2009/04/07,5002,3713,34842,1048,3146,708,1340,6267,3122,-71,97,3,N\A
70,2009/04/23,6109,2948,3102,440,1822,366,595,5899,1319,1424,117,3,N\A
70,2009/05/09,6869,4322,34965,541,2915,324,608,5083,2909,-360,143,1,N\A
70,2009/05/25,6377,4619,35874,706,3192,530,604,3249,2782,-426,157,3,N\A
70,2009/06/10,7432,4435,2116,409,2777,251,561,587,2638,-464,171,0,N\A
70,2009/06/26,7668,4936,2116,416,3152,239,708,2039,2788,-448,180,0,N\A
70,2009/07/12,6223,3192,2116,518,2225,262,367,624,2592,-405,203,0,N\A
70,2009/07/28,4978,2616,34961,750,2237,337,584,3277,2696,-280,221,1,N\A
70,2009/08/13,5024,2300,2189,608,1836,285,305,4471,1716,1529,231,1,N\A
70,2009/08/29,4157,1854,3294,711,1723,313,581,3520,1676,1848,256,3,N\A
70,2009/09/14,4800,2159,2185,631,1796,279,391,3510,1815,2051,272,1,N\A
70,2009/09/30,5572,4925,2066,712,2504,1024,633,6373,1691,2319,284,3,N\A
70,2009/10/16,5696,2846,2116,553,2017,330,452,561,2704,425,299,0,N\A
70,2009/11/01,7213,4180,2116,417,2576,289,631,948,2780,2284,306,0,N\A
70,2009/11/17,7476,4741,2116,428,2964,288,535,551,3438,500,331,0,N\A
70,2009/12/03,6746,3917,2116,502,2584,308,464,947,3485,2308,338,0,N\A
70,2009/12/19,5652,3794,34841,816,2938,514,783,4287,4055,435,358,1,N\A
71,2009/01/01,5514,3205,34841,580,2006,582,534,4227,3478,2316,7,1,N\A
71,2009/01/17,5413,2691,34897,608,2043,315,665,5050,3099,2256,30,1,N\A
71,2009/02/02,4895,3491,2116,1147,3347,597,1339,2396,3592,341,36,0,N\A
71,2009/02/18,4000,1999,2116,860,2007,377,597,487,3068,2113,50,0,N\A
71,2009/03/06,3337,1846,2116,1092,2186,523,625,2392,2906,158,68,0,N\A
71,2009/03/22,3435,1949,2116,1073,2196,564,536,2378,2585,37,84,0,N\A
71,2009/04/07,5396,3266,2116,812,2716,402,710,2369,2385,-110,100,0,N\A
71,2009/04/23,7161,4230,2116,458,2769,248,575,523,2053,1551,114,0,N\A
71,2009/05/09,7596,4504,2116,385,2819,216,580,514,2166,1402,130,0,N\A
71,2009/05/25,7806,5758,34837,505,4100,203,734,3597,2827,-421,157,1,N\A
71,2009/06/10,6589,4125,2116,637,3099,267,683,2424,2759,-442,164,0,N\A
71,2009/06/26,5060,3009,3222,862,2628,417,726,3647,2959,-407,189,3,N\A
71,2009/07/12,5968,2941,36002,536,2123,247,632,6219,1780,1251,204,3,N\A
71,2009/07/28,3775,1905,2185,877,1941,432,511,3625,2746,-269,221,1,N\A
71,2009/08/13,3595,1735,2120,848,1800,423,446,4571,2800,-210,230,1,N\A
71,2009/08/29,3731,1822,35874,834,1827,428,715,3167,1722,1839,256,3,N\A
71,2009/09/14,3061,1571,2116,1012,1905,503,490,461,2020,1882,258,0,N\A
71,2009/09/30,6490,4958,2062,522,2453,780,838,3607,2682,263,285,3,N\A
71,2009/10/16,7284,4656,2116,491,3125,257,652,1021,2730,392,299,0,N\A
71,2009/11/01,7742,4493,2116,353,2775,189,626,478,2803,2224,306,0,N\A
71,2009/11/17,7654,5327,2120,476,3583,248,669,5040,3167,2392,334,1,N\A
71,2009/12/03,6597,4052,2116,591,2883,305,880,486,3502,2326,338,0,N\A
71,2009/12/19,4961,2747,34961,786,2334,395,930,3154,3579,2303,3,1,N\A
72,2009/01/01,5146,4113,35874,761,2375,951,880,387,3730,2265,2,3,N\A
72,2009/01/17,5425,2548,2120,581,1959,257,616,4999,3095,2255,30,1,N\A
72,2009/02/02,5039,3186,2116,940,2850,467,1140,2488,3593,332,36,0,N\A
72,2009/02/18,6079,2887,34897,481,1973,259,567,5000,2282,2101,62,1,N\A
72,2009/03/06,4885,3142,2116,1020,2969,478,911,2479,2912,159,68,0,N\A
72,2009/03/22,4057,2101,2120,892,2110,396,751,4179,1803,1849,87,0,N\A
72,2009/04/07,1812,828,2116,1098,1584,467,421,2460,2398,-99,100,0,N\A
72,2009/04/23,3317,2318,34842,1364,2718,840,923,5341,2846,-288,127,3,N\A
72,2009/05/09,6937,4249,2120,511,2826,303,471,5000,1852,1255,142,1,N\A
72,2009/05/25,7013,5938,34965,728,4148,549,899,6459,3260,-339,145,1,N\A
72,2009/06/10,7822,5693,2116,453,3707,285,727,2506,2777,-450,164,0,N\A
72,2009/06/26,7262,4950,2066,437,2756,489,473,4111,2271,1265,183,3,N\A
72,2009/07/12,8510,5537,2189,273,3393,126,526,6184,1799,1251,204,1,N\A
72,2009/07/28,7539,4517,34841,414,2951,186,577,4120,2008,1398,215,1,N\A
72,2009/08/13,5165,2771,34893,707,2218,377,1146,1800,2045,1571,233,1,N\A
72,2009/08/29,4936,2865,2116,837,2469,434,1262,352,2100,1717,242,0,N\A
72,2009/09/14,3518,2337,34841,1110,2315,812,876,5648,1325,1955,261,1,N\A
72,2009/09/30,1826,1446,35034,1593,2305,1274,1305,3089,2167,2196,288,3,N\A
72,2009/10/16,3833,2022,35878,982,2203,400,748,6207,2188,2397,300,3,N\A
72,2009/11/01,5454,3071,2116,738,2509,336,750,1112,3105,446,315,0,N\A
72,2009/11/17,8033,5134,2116,354,3246,172,703,3107,3318,2349,336,0,N\A
72,2009/12/03,7754,5257,2116,446,3527,207,753,2497,3693,471,340,0,N\A
72,2009/12/19,7758,6810,2189,645,5111,345,925,5372,4215,399,2,1,N\A
73,2009/01/01,5395,3064,35878,713,2384,404,736,4476,3435,2320,7,3,N\A
73,2009/01/17,5185,2448,4164,590,1861,323,481,2312,3413,2234,25,0,N\A
73,2009/02/02,4892,2250,4164,607,1770,332,537,3501,2839,2148,48,0,N\A
73,2009/02/18,4630,2160,2116,669,1823,331,679,3501,2424,2051,64,0,N\A
73,2009/03/06,5450,3186,2116,742,2520,403,678,3268,2816,86,77,0,N\A
73,2009/03/22,5099,2676,2116,699,2154,368,836,2011,2542,43,84,0,N\A
73,2009/04/07,7276,5293,2189,597,3787,307,1083,6291,3134,-84,97,1,N\A
73,2009/04/23,6506,3456,2116,479,2263,298,425,939,2024,1576,114,0,N\A
73,2009/05/09,6948,3704,2116,417,2316,267,679,930,2146,1435,130,0,N\A
73,2009/05/25,7014,4245,2261,540,3078,183,714,6291,3220,-346,145,1,N\A
73,2009/06/10,4746,2225,2116,658,1847,325,424,2058,2746,-463,164,0,N\A
73,2009/06/26,4816,2478,35878,807,2307,269,740,4345,3070,-412,182,3,N\A
73,2009/07/12,3264,3305,34841,1592,3135,1469,1436,6349,1774,1241,204,1,N\A
73,2009/07/28,4719,2216,2185,668,1862,320,408,3324,2719,-284,221,1,N\A
73,2009/08/13,5637,4216,34842,809,2900,714,838,5134,2832,-148,239,3,N\A
73,2009/08/29,5196,2826,34893,710,2246,389,671,867,2051,1693,242,1,N\A
73,2009/09/14,5748,2921,4164,564,2089,323,611,875,1977,1834,258,0,N\A
73,2009/09/30,4608,2454,34841,509,1379,743,706,6361,1665,2310,284,1,N\A
73,2009/10/16,5341,2688,2116,631,2078,321,661,615,2685,425,299,0,N\A
73,2009/11/01,6392,3304,2116,476,2163,301,466,894,2758,2274,306,0,N\A
73,2009/11/17,7294,4767,4164,483,3088,310,709,3287,3623,451,333,0,N\A
73,2009/12/03,6414,3392,2116,507,2321,266,580,893,3459,2298,338,0,N\A
73,2009/12/19,5990,4210,34965,857,3418,447,1177,5779,4245,399,360,1,N\A
74,2009/01/01,4847,2518,35874,795,2291,295,920,3928,3508,2311,7,3,N\A
74,2009/01/17,4107,3274,2066,1291,3091,946,1336,5510,4060,311,31,3,N\A
74,2009/02/02,4270,2288,2116,833,2075,467,951,2819,2925,2136,48,0,N\A
74,2009/02/18,4323,2785,2116,1107,2793,574,1446,2793,3311,257,52,0,N\A
74,2009/03/06,1457,799,2116,1386,1859,719,349,3892,2907,87,77,0,N\A
74,2009/03/22,641,338,2116,1489,1693,740,198,2774,2632,35,84,0,N\A
74,2009/04/07,545,304,2116,1603,1788,830,564,2765,2431,-91,100,0,N\A
74,2009/04/23,5343,3377,2116,820,2702,492,550,3882,2575,-298,125,0,N\A
74,2009/05/09,5389,2997,2116,728,2430,347,483,55,2202,1296,130,0,N\A
74,2009/05/25,7625,6296,34837,570,4232,415,766,3911,2860,-417,157,1,N\A
74,2009/06/10,8192,5908,2116,375,3774,219,574,2811,2792,-438,164,0,N\A
74,2009/06/26,7485,5330,2185,573,3984,190,776,2848,2866,-426,180,1,N\A
74,2009/07/12,5617,4031,35874,994,3542,494,1016,2862,2844,-396,196,3,N\A
74,2009/07/28,1831,939,2116,1238,1793,594,607,1446,2268,1449,217,0,N\A
74,2009/08/13,589,271,2116,1221,1374,614,291,3899,1804,1543,231,0,N\A
74,2009/08/29,1809,2324,2066,2202,3175,2123,1685,5531,2820,-13,255,3,N\A
74,2009/09/14,1552,925,2116,1488,2035,826,279,42,2067,-726,258,0,N\A
74,2009/09/30,5230,4807,34842,1085,3465,1013,722,4820,2764,186,278,3,N\A
74,2009/10/16,7373,5433,34841,549,3631,1702,1457,6080,2220,2385,300,1,N\A
74,2009/11/01,7717,4902,2116,400,3105,228,472,1465,3143,453,315,0,N\A
74,2009/11/17,7434,4061,2120,359,2440,238,634,4808,3191,2385,334,1,N\A
74,2009/12/03,5631,4170,34897,1016,3636,537,1349,4800,3941,432,342,1,N\A
74,2009/12/19,4444,3283,2066,1332,3463,697,2047,5531,4253,396,2,3,N\A
75,2009/01/01,1205,3958,2066,3158,4024,3667,1655,6193,3869,2414,3,3,N\A
75,2009/01/17,4350,1760,35874,639,1623,198,746,3209,3871,2304,23,3,N\A
75,2009/02/02,6468,4543,34961,754,3516,379,631,2269,3810,372,43,1,N\A
75,2009/02/18,7615,5962,2185,579,4278,299,741,2269,3387,301,59,1,N\A
75,2009/03/06,7058,4525,2116,532,3085,290,636,2000,2412,2042,80,0,N\A
75,2009/03/22,6146,4181,2116,784,3285,405,916,877,2611,199,82,0,N\A
75,2009/04/07,6512,3822,2120,565,2675,302,723,5040,1472,1916,101,1,N\A
75,2009/04/23,4148,2797,2062,1163,2812,674,1064,859,2017,-70,114,3,N\A
75,2009/05/09,3492,1684,2116,898,1862,392,615,3218,1576,1508,135,0,N\A
75,2009/05/25,2610,1521,2116,1343,2292,634,856,886,2069,-292,146,0,N\A
75,2009/06/10,889,475,34837,1434,1714,747,120,3475,2472,-327,164,1,N\A
75,2009/06/26,2196,1237,2116,1302,2035,672,461,949,2278,-352,178,0,N\A
75,2009/07/12,7177,3249,2116,312,1899,-1000,397,2335,2415,-266,203,0,N\A
75,2009/07/28,6150,3123,34961,490,2056,328,715,958,2249,-225,210,1,N\A
75,2009/08/13,7559,5898,2116,596,4289,295,872,3494,2474,-97,228,0,N\A
75,2009/08/29,4454,3642,2062,1164,3034,958,802,3484,2468,35,244,3,N\A
75,2009/09/14,5315,3261,2116,820,2681,445,1034,923,2284,173,258,0,N\A
75,2009/09/30,4315,2625,2116,1044,2629,507,1083,2305,2856,373,283,0,N\A
75,2009/10/16,3943,2049,2116,877,2019,447,867,559,3034,2329,297,0,N\A
75,2009/11/01,3078,1707,34893,1115,2107,570,674,2277,3667,507,315,1,N\A
75,2009/11/17,2864,471,34837,279,503,40,111,567,3851,2359,329,1,N\A
75,2009/12/03,1509,870,2185,1530,2074,751,454,3200,3972,2392,343,1,N\A
75,2009/12/19,2564,1365,2185,1234,2085,521,484,3181,4098,2362,359,1,N\A
76,2009/01/01,3751,4046,2066,1330,2927,1472,837,6299,3811,2420,3,3,N\A
76,2009/01/17,6227,3003,2185,494,2125,202,539,3444,3813,2309,23,1,N\A
76,2009/02/02,4850,2575,34961,767,2212,372,658,597,3859,449,34,1,N\A
76,2009/02/18,5121,3665,34841,825,2557,759,815,5163,2900,2239,53,1,N\A
76,2009/03/06,6080,3544,2189,652,2675,309,882,4239,3096,184,77,1,N\A
76,2009/03/22,5916,3152,2185,578,2253,325,821,571,2565,155,82,1,N\A
76,2009/04/07,6623,5796,34841,868,4274,639,1035,6232,2988,-16,104,1,N\A
76,2009/04/23,8149,3141,36074,154,1510,219,723,4421,1382,1563,126,3,N\A
76,2009/05/09,5699,3366,34897,764,2789,311,811,5714,2746,-247,143,1,N\A
76,2009/05/25,5391,2839,2116,671,2241,326,990,588,2070,-332,146,0,N\A
76,2009/06/10,3906,2756,2066,964,2200,903,552,6293,1365,1230,163,3,N\A
76,2009/06/26,2853,1150,34837,774,1392,347,447,652,2283,-397,178,1,N\A
76,2009/07/12,4126,4040,2066,1099,2643,1291,790,6277,1390,1318,195,3,N\A
76,2009/07/28,5041,1740,34837,388,1177,290,285,660,2242,-268,210,1,N\A
76,2009/08/13,7499,4178,34837,377,2638,183,571,3406,1701,1711,231,1,N\A
76,2009/08/29,4827,4625,2062,1114,3193,1152,793,2229,1952,1996,256,3,N\A
76,2009/09/14,8256,4685,35037,274,2869,89,575,6292,1426,2188,259,1,N\A
76,2009/09/30,4417,2485,2261,942,2433,412,825,5777,2240,2363,284,1,N\A
76,2009/10/16,5596,3065,34841,495,1753,595,1017,5789,2755,2426,300,1,N\A
76,2009/11/01,5784,3529,34897,739,2767,378,973,5715,4043,453,319,1,N\A
76,2009/11/17,4017,1438,34837,548,1284,238,599,597,3704,529,322,1,N\A
76,2009/12/03,4344,2017,2185,697,1768,357,494,3240,4200,508,340,1,N\A
76,2009/12/19,5196,2382,2116,574,1816,297,584,615,4212,506,354,0,N\A
77,2009/01/01,6897,4756,34841,436,2375,640,665,5255,3881,2382,5,1,N\A
77,2009/01/17,7870,3544,35037,236,1980,146,600,4499,3586,2300,30,1,N\A
77,2009/02/02,6680,3361,34961,446,2241,209,567,2404,3306,2212,48,1,N\A
77,2009/02/18,6537,4062,2185,617,2947,308,883,1857,3318,306,59,1,N\A
77,2009/03/06,7065,5382,2120,695,4041,356,1040,4972,3391,214,70,1,N\A
77,2009/03/22,7004,3962,2116,459,2606,242,718,410,2547,128,82,0,N\A
77,2009/04/07,6853,5439,2189,821,4397,385,1236,4961,2702,1,102,1,N\A
77,2009/04/23,5893,3595,3222,734,2841,346,636,392,1978,-154,114,3,N\A
77,2009/05/09,5794,2793,2185,533,2002,274,559,3576,1563,1490,135,1,N\A
77,2009/05/25,6078,3238,35878,531,2177,1943,808,6359,1189,1267,147,3,N\A
77,2009/06/10,8103,6949,35878,433,4133,456,1081,4171,2651,-328,173,3,N\A
77,2009/06/26,8366,5232,34837,272,3058,184,430,3501,1901,1384,183,1,N\A
77,2009/07/12,8274,4704,34837,254,2690,-1000,468,1921,2400,-281,203,1,N\A
77,2009/07/28,5106,5729,2066,1264,3902,1330,1185,5671,2903,-140,223,3,N\A
77,2009/08/13,5879,3514,34893,732,2821,314,810,1001,1977,1740,233,1,N\A
77,2009/08/29,3411,3459,2066,1436,2923,1439,811,5235,1420,1919,245,3,N\A
77,2009/09/14,5449,2703,2185,597,2027,318,633,461,2221,192,258,1,N\A
77,2009/09/30,5548,2413,34837,440,1537,375,650,3533,2295,2240,279,1,N\A
77,2009/10/16,7854,4415,2257,342,2846,96,697,1875,3180,467,299,1,N\A
77,2009/11/01,8002,4532,2116,295,2658,186,624,1038,3396,2366,313,0,N\A
77,2009/11/17,7974,5563,34961,399,3541,242,623,3557,3617,2403,327,1,N\A
77,2009/12/03,6798,4659,34965,662,3473,315,858,4161,4381,497,349,1,N\A
77,2009/12/19,6799,4893,2189,711,3732,342,1061,4991,4538,473,358,1,N\A
78,2009/01/01,2229,1694,34841,852,1341,1232,800,5380,3852,2381,5,1,N\A
78,2009/01/17,5389,2031,2116,429,1432,222,303,1584,4033,442,27,0,N\A
78,2009/02/02,7030,5027,35874,503,2885,541,552,2643,3272,2212,48,3,N\A
78,2009/02/18,7849,6231,34841,433,3594,468,779,5381,2849,2244,53,1,N\A
78,2009/03/06,8516,5191,2116,242,3020,146,504,138,2966,216,66,0,N\A
78,2009/03/22,7902,5099,2185,385,3286,183,532,126,2514,-15,82,1,N\A
78,2009/04/07,8045,4899,2257,329,3037,159,926,122,2151,-200,98,1,N\A
78,2009/04/23,3903,3071,34842,1204,2746,989,1126,5521,2661,-180,127,3,N\A
78,2009/05/09,3643,1376,34893,607,1303,307,294,2661,1761,1440,144,1,N\A
78,2009/05/25,3217,1187,2116,625,1218,331,369,129,2046,-414,146,0,N\A
78,2009/06/10,3806,1667,35998,667,1487,426,381,3991,2637,-340,173,3,N\A
78,2009/06/26,4405,4214,2066,1165,3000,1214,856,6117,3085,-292,184,3,N\A
78,2009/07/12,9217,5577,36002,128,3145,52,652,5943,1429,1392,204,3,N\A
78,2009/07/28,5035,7667,2066,1167,3534,1709,1229,5553,2880,-145,223,3,N\A
78,2009/08/13,8915,5269,2116,169,2949,103,524,3727,1660,1703,231,0,N\A
78,2009/08/29,5380,6910,3102,1027,3419,1457,1254,5370,1387,1916,245,3,N\A
78,2009/09/14,6065,3637,2116,634,2589,394,941,173,2188,210,258,0,N\A
78,2009/09/30,3148,4367,2066,1480,2840,1858,1222,5370,2041,2291,277,3,N\A
78,2009/10/16,4167,1932,34837,716,1739,373,821,1300,2927,2293,297,1,N\A
78,2009/11/01,4223,1801,2116,634,1561,333,607,157,3251,409,306,0,N\A
78,2009/11/17,4362,1672,35033,586,1493,194,540,1593,3920,533,331,1,N\A
78,2009/12/03,3366,1314,2116,661,1332,338,343,3978,4348,499,349,0,N\A
78,2009/12/19,2575,763,2116,529,896,274,240,1281,4126,2327,361,0,N\A
79,2009/01/01,5365,5894,2066,1267,4201,1248,1107,5383,4519,414,15,3,N\A
79,2009/01/17,7448,3359,2116,286,1956,166,458,3995,3719,2311,23,0,N\A
79,2009/02/02,5107,4496,2066,1274,3934,905,1144,5384,4011,307,47,3,N\A
79,2009/02/18,3757,2198,34837,1020,2248,587,864,1267,3238,282,59,1,N\A
79,2009/03/06,5179,3679,2189,1109,3492,527,1491,4651,3316,207,70,1,N\A
79,2009/03/22,4222,2616,2116,1064,2619,553,1488,2581,2693,137,84,0,N\A
79,2009/04/07,5893,2738,2120,503,1947,238,735,5550,1343,1885,101,1,N\A
79,2009/04/23,4662,4068,2066,1307,3590,987,1594,6459,2978,-89,113,3,N\A
79,2009/05/09,3232,2042,2116,1317,2575,677,1107,2939,1752,1420,144,0,N\A
79,2009/05/25,5873,3832,36074,741,2850,472,1278,6459,2992,-261,145,3,N\A
79,2009/06/10,1963,1162,34837,1523,2267,721,590,1303,2355,-393,171,1,N\A
79,2009/06/26,6060,3880,3158,757,3086,350,980,4690,2796,-323,182,3,N\A
79,2009/07/12,4945,4710,2062,888,2626,1164,988,3787,2642,-265,205,3,N\A
79,2009/07/28,5518,2756,34837,607,2102,291,651,134,2194,1568,210,1,N\A
79,2009/08/13,6194,3833,34837,656,2792,373,1068,1599,1922,1707,233,1,N\A
79,2009/08/29,5953,3169,2116,591,2330,288,535,162,2058,1833,242,0,N\A
79,2009/09/14,5209,3192,2185,702,2229,598,758,176,2146,2119,258,1,N\A
79,2009/09/30,3834,2173,2116,989,2219,534,1054,1303,2704,364,283,0,N\A
79,2009/10/16,3472,1869,2185,1051,2169,470,823,2911,3008,2349,304,1,N\A
79,2009/11/01,4075,2147,2116,892,2119,425,739,2920,3437,2376,320,0,N\A
79,2009/11/17,2596,1323,2116,1166,1984,470,517,3740,4065,498,333,0,N\A
79,2009/12/03,6671,4397,34837,639,3200,330,603,3749,4302,494,349,1,N\A
79,2009/12/19,7476,5971,2189,616,4267,357,1110,4670,4460,469,358,1,N\A
80,2009/01/01,4257,4767,2066,1356,3367,1461,1066,5383,4516,417,15,3,N\A
80,2009/01/17,5832,3338,34961,700,2659,292,608,1266,3985,440,27,1,N\A
80,2009/02/02,5122,2808,2061,755,2341,367,693,1266,3656,376,43,1,N\A
80,2009/02/18,4136,4985,2066,1178,2840,1543,942,6091,2483,2240,60,3,N\A
80,2009/03/06,4426,2526,2116,957,2477,424,825,3721,3001,176,77,0,N\A
80,2009/03/22,3749,1783,2116,821,1806,390,942,226,2471,1913,82,0,N\A
80,2009/04/07,3467,1583,2116,812,1674,391,680,234,2114,1804,98,0,N\A
80,2009/04/23,7434,5264,35037,608,4131,140,898,6460,2979,-95,113,1,N\A
80,2009/05/09,4740,2483,2120,761,2133,385,655,4010,1537,1460,135,0,N\A
80,2009/05/25,6801,4791,36074,742,3898,251,932,6459,2994,-260,145,3,N\A
80,2009/06/10,2381,1319,34837,1310,2129,596,796,1302,2357,-377,171,1,N\A
80,2009/06/26,4302,2224,2116,880,2209,340,918,3938,1891,1352,183,0,N\A
80,2009/07/12,6345,4127,34841,601,2688,487,432,6068,1425,1378,204,1,N\A
80,2009/07/28,6870,3793,2189,480,2588,210,676,4828,1537,1589,222,1,N\A
80,2009/08/13,7252,5084,2120,578,3630,279,951,4680,2679,-104,230,1,N\A
80,2009/08/29,4423,8041,2066,1498,3875,2063,1576,5518,1347,1903,245,3,N\A
80,2009/09/14,3327,2236,34837,1181,2359,837,938,170,2145,2000,258,1,N\A
80,2009/09/30,3820,1824,2116,863,1930,332,913,1303,2702,379,283,0,N\A
80,2009/10/16,6640,4484,35037,691,3423,312,776,5984,3524,359,296,1,N\A
80,2009/11/01,1908,900,2116,1249,1838,398,609,2921,3434,2385,320,0,N\A
80,2009/11/17,2722,1438,34893,1215,2124,482,606,3740,4062,503,333,1,N\A
80,2009/12/03,3717,2050,34961,1058,2310,452,659,1636,3963,2368,345,1,N\A
80,2009/12/19,5365,3383,2185,874,2898,425,1034,2627,4278,492,356,1,N\A
81,2009/01/01,3308,971,35878,442,879,304,158,5896,4625,420,8,3,N\A
81,2009/01/17,3881,1536,34841,651,1477,259,352,4522,4321,408,22,1,N\A
81,2009/02/02,2948,1953,34837,1087,1996,918,401,2406,3887,391,36,1,N\A
81,2009/02/18,5891,7810,2066,706,2731,1398,1306,5280,3595,236,63,3,N\A
81,2009/03/06,8138,5461,34841,347,3381,210,709,5636,2243,2173,69,1,N\A
81,2009/03/22,7181,5088,2116,585,3566,324,818,2379,2665,134,84,0,N\A
81,2009/04/07,6925,4067,2116,500,2753,254,576,468,2090,1868,98,0,N\A
81,2009/04/23,4912,3060,3102,1175,3444,261,1106,5268,2623,-193,127,3,N\A
81,2009/05/09,6513,3077,2120,435,2060,196,571,4158,1526,1450,135,0,N\A
81,2009/05/25,5617,3053,34893,639,2277,360,976,450,2026,1419,146,1,N\A
81,2009/06/10,3988,1714,34961,746,1736,237,608,1076,2348,-403,171,1,N\A
81,2009/06/26,3012,1375,34837,836,1557,462,600,2461,2514,-356,180,1,N\A
81,2009/07/12,3992,798,34837,231,538,309,576,1113,2358,-284,203,1,N\A
81,2009/07/28,6751,3703,36074,478,2465,256,708,4949,1521,1577,222,3,N\A
81,2009/08/13,7859,4524,2120,306,2553,263,642,4120,1610,1685,231,0,N\A
81,2009/08/29,5219,5230,2062,1007,3206,1165,817,3088,1830,1984,256,3,N\A
81,2009/09/14,7805,4556,34961,346,2807,184,525,416,2118,2032,258,1,N\A
81,2009/09/30,5644,3310,2116,772,2773,306,835,1067,2674,362,283,0,N\A
81,2009/10/16,6482,3330,34837,500,2343,201,926,3107,2979,2350,304,1,N\A
81,2009/11/01,5950,4026,2189,818,3222,427,1029,5280,3915,452,319,1,N\A
81,2009/11/17,4669,2346,34893,751,2067,340,741,3579,4037,498,333,1,N\A
81,2009/12/03,3188,1387,34893,723,1400,472,573,1854,3938,2354,345,1,N\A
81,2009/12/19,4316,2077,2261,746,1879,363,640,5912,4622,446,360,1,N\A
82,2009/01/01,2403,4291,2062,1753,2862,2256,1775,3547,3777,2330,7,3,N\A
82,2009/01/17,7711,5952,34841,363,2810,628,1251,4500,3387,2274,30,1,N\A
82,2009/02/02,8605,5123,34837,222,2962,123,578,2376,3142,2173,48,1,N\A
82,2009/02/18,8877,6012,34965,213,3583,113,594,4500,2527,2137,62,1,N\A
82,2009/03/06,6995,5900,34841,803,4542,469,1045,4200,3013,140,77,1,N\A
82,2009/03/22,6006,3347,2185,653,2617,249,754,1029,2183,1913,89,1,N\A
82,2009/04/07,4413,2314,2116,829,2139,395,861,453,2173,-35,98,0,N\A
82,2009/04/23,4154,2062,35874,719,1741,489,697,453,2041,-190,114,3,N\A
82,2009/05/09,3413,1406,2189,682,1389,389,495,5022,2668,-276,134,1,N\A
82,2009/05/25,4324,4085,34838,1126,2842,1213,1109,2367,2100,1349,160,3,N\A
82,2009/06/10,7866,3855,34961,240,2010,263,816,3193,2629,-392,164,1,N\A
82,2009/06/26,9781,3633,34837,16,1451,223,465,3491,2087,1329,183,1,N\A
82,2009/07/12,5528,4095,34837,1027,3567,563,1234,1994,2540,-322,203,1,N\A
82,2009/07/28,5982,7140,3102,1205,4794,1261,951,4239,2707,-211,221,3,N\A
82,2009/08/13,5980,4053,34965,857,3407,376,988,5063,2797,-148,230,1,N\A
82,2009/08/29,4816,3031,3098,1050,3001,428,1406,3202,2430,-39,244,3,N\A
82,2009/09/14,2813,975,34961,604,1077,343,587,518,2158,59,258,1,N\A
82,2009/09/30,3458,1450,34838,713,1467,367,603,2349,2443,2236,288,3,N\A
82,2009/10/16,4925,1875,2116,478,1406,254,314,3529,2549,2303,295,0,N\A
82,2009/11/01,8649,5881,34893,264,3646,114,722,1921,3395,475,315,1,N\A
82,2009/11/17,7678,4066,34841,219,1668,543,174,5877,3345,2445,332,1,N\A
82,2009/12/03,8494,6766,34961,363,4460,200,761,3184,3986,489,340,1,N\A
82,2009/12/19,6980,5620,34841,634,3566,577,765,5256,3679,2397,357,1,N\A
83,2009/01/01,3329,3489,2062,1625,3247,1517,1021,3277,4190,452,4,3,N\A
83,2009/01/17,5282,3038,34961,789,2556,367,1062,3463,3593,2286,23,1,N\A
83,2009/02/02,5320,2313,2116,519,1699,275,531,2266,3142,2172,48,0,N\A
83,2009/02/18,5327,3293,34837,875,2870,397,1249,3277,3496,285,52,1,N\A
83,2009/03/06,4838,2317,35033,617,1774,399,804,2284,2260,1984,80,1,N\A
83,2009/03/22,5485,3186,2116,739,2535,384,1074,589,2486,99,82,0,N\A
83,2009/04/07,5821,4047,34837,873,3306,469,1597,580,2186,-50,98,1,N\A
83,2009/04/23,4887,2117,3222,569,1657,297,564,580,2058,-196,114,3,N\A
83,2009/05/09,4921,3666,34842,725,2130,920,789,6347,1186,1318,131,3,N\A
83,2009/05/25,5469,2364,3098,495,1690,270,500,866,2180,1354,153,3,N\A
83,2009/06/10,8174,4923,2189,312,3107,105,657,4317,2832,-377,173,1,N\A
83,2009/06/26,8551,5129,34893,231,2959,140,566,3406,2108,1330,183,1,N\A
83,2009/07/12,5819,3714,2116,809,3061,368,1021,2103,2559,-327,203,0,N\A
83,2009/07/28,3232,2615,34841,1727,3377,1062,1118,4402,1702,1526,222,1,N\A
83,2009/08/13,5553,2703,2116,584,2043,274,740,3425,1763,1629,231,0,N\A
83,2009/08/29,3538,2828,2062,1226,2569,1074,1279,652,2149,-84,242,3,N\A
83,2009/09/14,4264,1950,2185,690,1716,361,800,651,2168,130,258,1,N\A
83,2009/09/30,5918,1260,34837,190,741,-1000,12,2067,2639,312,283,1,N\A
83,2009/10/16,5484,3546,34965,867,2973,444,1037,4298,3246,386,301,1,N\A
83,2009/11/01,7432,4097,2116,369,2505,225,500,624,3084,457,306,0,N\A
83,2009/11/17,5035,2193,35037,702,2126,14,282,5821,3337,2443,332,1,N\A
83,2009/12/03,7002,5005,2116,662,3755,304,984,3277,3982,485,340,0,N\A
83,2009/12/19,6366,4024,34965,662,2982,339,967,5193,3671,2392,357,1,N\A
84,2009/01/01,2024,3877,2062,2845,4289,2940,1512,2367,3810,2290,16,3,N\A
84,2009/01/17,5402,4562,34837,828,2774,944,1147,3538,3633,2293,23,1,N\A
84,2009/02/02,5718,3889,3098,800,2937,2039,2170,2358,3172,2184,48,3,N\A
84,2009/02/18,5668,5880,2066,821,2970,1168,992,6360,2622,2270,51,3,N\A
84,2009/03/06,7590,4496,2189,411,3000,143,624,5246,2229,2127,69,1,N\A
84,2009/03/22,5869,4140,34961,974,3742,383,1601,3165,2727,111,84,1,N\A
84,2009/04/07,4874,2967,34893,989,2870,394,991,463,2175,-45,98,1,N\A
84,2009/04/23,4280,2307,3154,857,2140,451,583,462,2030,-189,114,3,N\A
84,2009/05/09,1776,891,34965,1516,2171,386,423,4500,1639,1358,142,1,N\A
84,2009/05/25,5062,3055,2116,865,2639,442,749,1938,2402,-382,155,0,N\A
84,2009/06/10,7885,5691,2120,461,3900,208,824,4239,2784,-367,173,0,N\A
84,2009/06/26,8805,6220,34837,243,3826,118,583,3482,2054,1341,183,1,N\A
84,2009/07/12,8199,4537,2116,293,2962,2,538,2002,2516,-319,203,0,N\A
84,2009/07/28,8270,6702,3298,441,4658,210,821,6256,3159,-211,216,3,N\A
84,2009/08/13,5865,4094,2120,890,3415,445,908,5062,2786,-132,230,1,N\A
84,2009/08/29,4238,4596,2062,1056,2610,1399,1705,3212,2428,-32,244,3,N\A
84,2009/09/14,5799,5467,3102,632,2377,1092,627,6356,1279,2120,259,3,N\A
84,2009/09/30,3371,2822,34841,1781,3593,1097,1192,4229,2933,310,285,1,N\A
84,2009/10/16,4063,2224,2116,862,2042,527,486,1940,3033,416,299,0,N\A
84,2009/11/01,2311,1283,34893,1332,2133,603,441,983,3225,2341,313,1,N\A
84,2009/11/17,3281,1695,2116,1045,2066,437,313,1939,3786,516,331,0,N\A
84,2009/12/03,5886,3676,2116,754,2912,368,780,3184,4021,492,340,0,N\A
84,2009/12/19,8434,5660,34841,317,3733,73,740,5235,3721,2393,357,1,N\A
85,2009/01/01,3948,2087,2116,928,2139,427,974,2452,4100,439,11,0,N\A
85,2009/01/17,4739,3026,2120,1046,2931,485,1525,4561,4106,365,29,1,N\A
85,2009/02/02,5437,2365,2116,509,1722,261,454,1846,3176,2177,48,0,N\A
85,2009/02/18,5669,3841,2120,914,3307,429,1424,5924,3662,196,63,1,N\A
85,2009/03/06,4725,3153,2116,1123,3135,523,1826,3612,3141,200,68,0,N\A
85,2009/03/22,5746,3086,34893,630,2332,310,1042,3126,1997,1922,87,1,N\A
85,2009/04/07,4321,2524,2116,965,2434,490,1642,1049,2234,2,98,0,N\A
85,2009/04/23,4868,3671,2066,946,2741,826,682,6422,2989,-175,120,3,N\A
85,2009/05/09,4858,2028,2116,564,1630,250,670,3126,1778,1425,135,0,N\A
85,2009/05/25,3906,2905,2062,995,2271,968,627,1827,2159,1341,160,3,N\A
85,2009/06/10,4935,2286,2116,648,1911,265,583,3635,2690,-381,164,0,N\A
85,2009/06/26,6925,3998,2116,489,2692,247,616,3663,2768,-377,180,0,N\A
85,2009/07/12,6735,2927,2116,402,2061,41,440,2516,2602,-329,203,0,N\A
85,2009/07/28,5863,6230,34841,970,3720,1134,956,5946,3052,-192,223,1,N\A
85,2009/08/13,5283,2809,2116,681,2207,362,986,361,2093,1697,233,0,N\A
85,2009/08/29,2833,2136,2062,1247,2233,1090,687,1121,2198,-40,242,3,N\A
85,2009/09/14,3949,1787,2116,730,1683,365,875,1112,2213,104,258,0,N\A
85,2009/09/30,5338,2218,36002,506,1665,219,460,5625,2023,2314,284,3,N\A
85,2009/10/16,4801,2076,2116,595,1694,271,755,2470,3031,418,299,0,N\A
85,2009/11/01,7691,4162,2116,340,2606,138,589,1837,3308,2349,320,0,N\A
85,2009/11/17,8363,5139,2116,271,3041,159,556,1837,3643,2365,336,0,N\A
85,2009/12/03,7685,4243,2116,336,2568,191,583,396,3845,2353,345,0,N\A
85,2009/12/19,7473,4804,2116,460,3182,237,853,3088,3819,2349,359,0,N\A
86,2009/01/01,7030,4465,2116,521,2988,307,881,2461,4102,437,11,0,N\A
86,2009/01/17,7453,5741,2120,580,3976,356,1203,4571,4108,367,29,1,N\A
86,2009/02/02,7586,4207,2116,354,2580,197,611,1837,3177,2177,48,0,N\A
86,2009/02/18,6856,5298,2120,755,4049,405,1371,5935,3665,198,63,1,N\A
86,2009/03/06,5865,4169,2116,908,3484,465,1470,3622,3142,200,68,0,N\A
86,2009/03/22,6042,3299,34893,590,2392,304,941,3116,1998,1922,87,1,N\A
86,2009/04/07,4653,2782,2116,950,2604,459,1393,1058,2235,2,98,0,N\A
86,2009/04/23,4990,3670,2066,902,2699,783,609,6422,2989,-174,120,3,N\A
86,2009/05/09,5895,2825,2116,497,1925,303,590,3116,1779,1425,135,0,N\A
86,2009/05/25,4714,3987,2066,898,2500,1046,742,4979,1698,1291,149,3,N\A
86,2009/06/10,8250,5806,34893,351,3661,202,609,3645,2691,-381,164,1,N\A
86,2009/06/26,7956,5610,2116,422,3708,213,644,3673,2769,-377,180,0,N\A
86,2009/07/12,7517,4128,2116,404,2851,61,439,2525,2603,-331,203,0,N\A
86,2009/07/28,8046,5391,34841,428,3954,23,1059,5957,3055,-186,223,1,N\A
86,2009/08/13,4652,2548,2116,857,2348,382,980,1139,2295,-194,226,0,N\A
86,2009/08/29,4014,2924,2062,987,2311,922,720,1130,2198,-44,242,3,N\A
86,2009/09/14,3565,1514,2116,719,1516,357,718,1121,2214,104,258,0,N\A
86,2009/09/30,7415,3719,36002,343,2311,152,521,5625,2023,2312,284,3,N\A
86,2009/10/16,6969,4100,2116,495,2772,248,803,2479,3032,416,299,0,N\A
86,2009/11/01,8088,5244,2116,349,3302,176,774,1828,3310,2352,320,0,N\A
86,2009/11/17,7746,4954,2116,408,3213,201,728,1827,3643,2365,336,0,N\A
86,2009/12/03,6644,3898,2116,551,2733,273,953,379,3847,2367,345,0,N\A
86,2009/12/19,5706,3272,2116,717,2623,315,1122,3079,3820,2349,359,0,N\A
87,2009/01/01,3143,4438,2062,1615,3096,1926,1166,3387,3807,2327,7,3,N\A
87,2009/01/17,5566,4921,34961,660,2317,1048,1303,3387,3628,2277,23,1,N\A
87,2009/02/02,6271,2933,34837,511,2230,86,810,2174,3173,2181,48,1,N\A
87,2009/02/18,5600,3288,34837,709,2514,406,1060,2184,2726,2101,64,1,N\A
87,2009/03/06,5252,3778,3154,1130,3630,516,1561,3334,3120,203,68,3,N\A
87,2009/03/22,5167,3363,34837,961,3016,468,1716,689,2505,96,82,1,N\A
87,2009/04/07,6207,4383,34837,834,3564,400,1504,678,2196,26,98,1,N\A
87,2009/04/23,6010,4960,3098,799,3207,782,1381,680,2057,-196,114,3,N\A
87,2009/05/09,5253,3914,34841,926,2976,725,937,5134,2679,-265,134,1,N\A
87,2009/05/25,5749,3165,3222,662,2453,304,653,766,2162,1374,153,3,N\A
87,2009/06/10,7289,4871,2120,518,3304,282,750,4375,2817,-365,173,0,N\A
87,2009/06/26,7796,5098,34837,403,3255,225,764,3331,2087,1342,183,1,N\A
87,2009/07/12,6378,3225,2116,503,2275,208,791,2195,2548,-323,203,0,N\A
87,2009/07/28,7668,6112,34841,461,3494,514,652,4334,1696,1539,222,1,N\A
87,2009/08/13,5112,6053,35037,1040,3216,1396,1009,6288,1209,1542,227,1,N\A
87,2009/08/29,5476,5498,2066,866,2963,1150,732,5142,1409,1823,245,3,N\A
87,2009/09/14,4564,2493,2116,870,2331,387,1002,741,2185,122,258,0,N\A
87,2009/09/30,3790,3763,2066,1191,2645,1351,1352,5772,2035,2327,284,3,N\A
87,2009/10/16,6853,4549,34841,635,3401,268,1008,4356,3278,398,301,1,N\A
87,2009/11/01,5555,3329,2116,788,2758,359,1351,724,3118,448,306,0,N\A
87,2009/11/17,7681,4794,2116,398,3035,223,579,2131,3780,506,331,0,N\A
87,2009/12/03,7912,5023,34893,365,3132,207,669,724,3830,540,338,1,N\A
87,2009/12/19,7931,5279,34837,384,3329,225,732,3362,4196,472,356,1,N\A
88,2009/01/01,3417,2358,2062,994,2026,940,729,1327,3872,2280,9,3,N\A
88,2009/01/17,6568,3120,34961,424,2047,212,580,3784,3553,2283,23,1,N\A
88,2009/02/02,7154,5444,2261,774,4666,192,1114,6128,4186,293,40,1,N\A
88,2009/02/18,7067,6362,2066,763,4441,609,1139,4870,3650,255,54,3,N\A
88,2009/03/06,6959,5346,2116,733,4088,373,999,3988,2974,135,77,0,N\A
88,2009/03/22,6193,3447,2185,589,2506,285,743,136,2439,142,82,1,N\A
88,2009/04/07,4074,2364,2116,1042,2475,477,1553,118,2140,0,98,0,N\A
88,2009/04/23,5508,3250,3226,756,2610,385,1150,5552,2764,-232,127,3,N\A
88,2009/05/09,5525,2786,34842,604,2096,311,1178,4698,1669,1327,142,3,N\A
88,2009/05/25,4703,2103,2116,625,1735,306,874,1318,2155,1374,153,0,N\A
88,2009/06/10,2960,1250,3154,792,1458,386,678,1647,2539,-423,171,3,N\A
88,2009/06/26,5671,2224,36002,430,1557,196,598,5381,1861,1260,181,3,N\A
88,2009/07/12,7808,3771,2116,293,2381,40,486,1684,2528,-353,203,0,N\A
88,2009/07/28,8827,6152,2261,217,3483,202,752,4658,1669,1515,222,1,N\A
88,2009/08/13,7926,4585,2116,316,2732,194,540,200,2208,-250,226,0,N\A
88,2009/08/29,5849,4560,2062,912,3483,648,932,191,2105,-52,242,3,N\A
88,2009/09/14,7984,4117,35037,280,2499,94,598,6469,1209,2098,259,1,N\A
88,2009/09/30,3308,1357,35930,717,1426,356,539,2634,2398,2230,288,3,N\A
88,2009/10/16,6905,2931,35037,337,1841,138,622,5989,2467,2415,300,1,N\A
88,2009/11/01,6136,2817,2116,454,1896,243,569,165,3043,547,306,0,N\A
88,2009/11/17,8571,5962,2120,279,3628,168,779,4688,3434,2401,334,1,N\A
88,2009/12/03,8164,4888,2116,302,2988,142,571,164,3755,471,338,0,N\A
88,2009/12/19,7021,4890,2116,631,3606,291,881,2941,4122,482,356,0,N\A
89,2009/01/01,4437,4446,2066,1165,3024,1275,915,6097,4497,394,8,3,N\A
89,2009/01/17,7920,5738,2189,441,3801,241,817,4820,4196,381,22,1,N\A
89,2009/02/02,8162,7693,34841,522,5161,429,1156,6093,4159,294,40,1,N\A
89,2009/02/18,7307,5005,2116,537,3452,282,813,2745,2627,2081,64,0,N\A
89,2009/03/06,5664,3262,2185,697,2518,366,1303,2764,2191,1968,80,1,N\A
89,2009/03/22,3556,2619,2116,1703,3583,781,2436,1493,2387,22,91,0,N\A
89,2009/04/07,3374,2176,2116,1465,2957,615,2151,20,2132,-206,98,0,N\A
89,2009/04/23,4403,2113,34837,697,1794,400,675,19,2019,-99,114,1,N\A
89,2009/05/09,5956,2772,34893,480,1894,270,478,2754,1954,1358,144,1,N\A
89,2009/05/25,7821,5220,34837,384,3141,299,639,2736,2118,1324,160,1,N\A
89,2009/06/10,8564,6048,2185,302,3907,109,755,2858,2639,-403,164,1,N\A
89,2009/06/26,9537,8393,34841,127,5369,69,1002,6128,3251,-340,184,1,N\A
89,2009/07/12,7925,4545,2116,350,3025,55,478,1594,2540,-361,203,0,N\A
89,2009/07/28,6207,3959,35037,687,2936,381,921,4718,1677,1508,222,1,N\A
89,2009/08/13,4173,2025,2116,805,1958,341,583,3823,1725,1609,231,0,N\A
89,2009/08/29,4998,2625,34842,673,2018,433,564,6498,1047,1775,243,3,N\A
89,2009/09/14,2834,1472,34837,1283,2298,368,721,89,2103,-119,258,1,N\A
89,2009/09/30,8060,5348,34837,381,3547,138,639,2717,2366,2227,288,1,N\A
89,2009/10/16,8347,5434,2185,313,3476,107,649,1538,2925,416,299,1,N\A
89,2009/11/01,8404,6410,2116,363,4186,194,767,2849,3238,443,308,0,N\A
89,2009/11/17,6417,4828,2189,874,4005,405,1121,5532,4091,445,335,1,N\A
89,2009/12/03,4762,2659,2116,865,2438,379,949,66,3721,390,338,0,N\A
89,2009/12/19,3374,1655,2116,914,1845,436,897,2867,4089,480,356,0,N\A
90,2009/01/01,3105,2262,2062,1038,1973,1049,910,1354,3825,2287,9,3,N\A
90,2009/01/17,4966,2869,2185,816,2426,439,1768,3988,3990,367,29,1,N\A
90,2009/02/02,7128,3982,2185,402,2398,304,953,2689,3059,2167,48,1,N\A
90,2009/02/18,6543,2530,34893,319,1527,201,672,2690,2621,2082,64,1,N\A
90,2009/03/06,6911,3900,2185,435,2382,335,1033,2699,2192,1967,80,1,N\A
90,2009/03/22,6741,4121,2185,542,2785,324,1176,114,2424,-50,82,1,N\A
90,2009/04/07,6656,4572,2116,653,3253,394,1222,97,2140,-227,98,0,N\A
90,2009/04/23,8079,6788,35930,486,4576,324,849,3968,2491,-248,125,3,N\A
90,2009/05/09,8005,5870,2116,404,3648,301,761,101,2096,-406,130,0,N\A
90,2009/05/25,7877,6063,34893,485,4085,287,859,118,2247,-435,146,1,N\A
90,2009/06/10,7865,7574,35878,566,4738,582,800,4017,2840,-396,173,3,N\A
90,2009/06/26,8006,5547,2116,398,3595,210,485,3756,2128,1308,183,0,N\A
90,2009/07/12,7418,4758,2116,469,3165,242,610,1665,2559,-345,203,0,N\A
90,2009/07/28,7614,6412,3102,551,4069,488,747,6146,3180,-236,216,3,N\A
90,2009/08/13,7577,5661,34897,538,3903,303,838,4890,2788,-167,230,1,N\A
90,2009/08/29,4144,4402,2062,1429,3452,1405,886,2661,1810,1898,256,3,N\A
90,2009/09/14,7344,5182,2116,548,3580,299,858,166,2107,199,258,0,N\A
90,2009/09/30,7322,5866,35878,634,4102,417,693,4880,2850,224,278,3,N\A
90,2009/10/16,6808,3667,36074,461,2428,238,713,6001,2413,2405,300,3,N\A
90,2009/11/01,4149,2524,34838,1025,2479,564,1493,3988,3529,444,317,3,N\A
90,2009/11/17,3727,2100,2116,1045,2287,503,1729,3988,3861,467,333,0,N\A
90,2009/12/03,3073,1469,2116,924,1744,445,1963,146,3706,315,338,0,N\A
90,2009/12/19,5171,2264,36002,542,1703,285,1149,5423,3584,2395,357,3,N\A
91,2009/01/01,5500,6224,2062,1143,3938,1276,1498,2589,4020,445,4,3,N\A
91,2009/01/17,6642,4791,2116,751,3723,363,1336,3730,3911,360,29,0,N\A
91,2009/02/02,6633,3628,2116,514,2540,222,992,3005,2981,2164,48,0,N\A
91,2009/02/18,6046,3509,2116,675,2740,277,1218,253,3155,2045,50,0,N\A
91,2009/03/06,4495,3021,2116,1209,3184,546,2154,3720,2904,111,77,0,N\A
91,2009/03/22,4015,2043,2116,892,2089,373,1372,3032,1830,1787,96,0,N\A
91,2009/04/07,5552,2714,2122,606,2119,243,988,5615,1323,1729,101,3,N\A
91,2009/04/23,7340,3632,34842,345,2249,162,883,5614,1314,1482,117,3,N\A
91,2009/05/09,7672,5398,34897,457,3470,301,837,5394,2897,-342,143,1,N\A
91,2009/05/25,7214,4069,34837,433,2676,199,789,1709,2224,1328,153,1,N\A
91,2009/06/10,8754,4447,35874,96,1446,591,1464,1266,2604,-436,171,3,N\A
91,2009/06/26,6510,4045,34837,650,3075,265,586,2645,2760,-419,180,1,N\A
91,2009/07/12,8170,6142,3226,412,4093,211,768,6025,3268,-315,200,3,N\A
91,2009/07/28,7957,4662,35037,333,2928,135,695,4898,1701,1471,222,1,N\A
91,2009/08/13,7131,4629,34893,541,3231,260,934,1682,2005,1615,233,1,N\A
91,2009/08/29,5579,4615,2062,879,3098,847,775,2977,1760,1880,256,3,N\A
91,2009/09/14,5892,6569,2066,1031,3989,1189,1026,6496,3092,18,257,3,N\A
91,2009/09/30,8513,5381,35878,239,2976,226,582,6137,1826,2321,284,3,N\A
91,2009/10/16,7333,5224,35998,588,3822,250,902,3745,3083,380,301,3,N\A
91,2009/11/01,6843,4780,2116,690,3682,290,1065,3739,3446,443,317,0,N\A
91,2009/11/17,7433,5672,2120,596,4049,321,1013,5404,3997,442,335,1,N\A
91,2009/12/03,6613,4052,2116,604,2963,271,986,253,3620,2270,338,0,N\A
91,2009/12/19,6176,4175,2116,797,3372,365,1202,2608,3991,466,356,0,N\A
92,2009/01/01,2585,4684,35874,2869,4870,2854,1471,2431,3756,2303,9,3,N\A
92,2009/01/17,6461,6795,2066,995,4629,964,1262,5022,4089,342,31,3,N\A
92,2009/02/02,4054,5243,3098,934,2208,1565,1333,3595,2972,2183,48,3,N\A
92,2009/02/18,3755,2154,34893,1239,2729,383,874,1038,3137,2116,50,1,N\A
92,2009/03/06,5094,3149,34837,749,2305,593,912,3605,2082,1973,80,1,N\A
92,2009/03/22,4046,3221,34837,1305,3079,952,2232,1866,2553,98,84,1,N\A
92,2009/04/07,6111,4191,35878,858,3555,349,1337,6220,3088,-34,97,3,N\A
92,2009/04/23,3878,2854,2062,1145,2596,901,649,416,2086,-261,123,3,N\A
92,2009/05/09,4101,1538,34837,417,997,543,326,3604,1884,1341,144,1,N\A
92,2009/05/25,5668,4132,3102,891,3223,595,1061,6232,3071,-314,145,3,N\A
92,2009/06/10,5087,2557,34893,688,2113,308,655,1911,2566,-431,164,1,N\A
92,2009/06/26,3186,4215,2062,1736,3360,1886,1446,3519,2138,1338,192,3,N\A
92,2009/07/12,5991,2559,2116,490,1955,78,696,524,2458,-356,203,0,N\A
92,2009/07/28,6247,4125,34841,512,2217,661,565,5276,1587,1482,222,1,N\A
92,2009/08/13,6384,4316,34841,598,2710,542,979,4219,2672,-171,230,1,N\A
92,2009/08/29,5654,3354,2062,586,2111,568,814,3567,1697,1911,256,3,N\A
92,2009/09/14,5955,3746,34893,739,2915,377,1401,1010,1993,1897,258,1,N\A
92,2009/09/30,5533,2488,34893,536,1864,232,561,3567,2277,2247,288,1,N\A
92,2009/10/16,4983,2543,34841,688,2055,366,428,5288,2531,2378,302,1,N\A
92,2009/11/01,4713,3549,34837,1161,3231,749,1940,1893,3148,446,308,1,N\A
92,2009/11/17,6314,3018,34897,471,2085,206,627,5293,3334,2417,334,1,N\A
92,2009/12/03,6681,3524,34965,470,2363,234,878,5898,3400,2432,341,1,N\A
92,2009/12/19,4517,2154,34893,707,1872,346,800,1911,4003,481,356,1,N\A
93,2009/01/01,2584,4208,2066,1400,2376,1997,1336,4021,4271,441,6,3,N\A
93,2009/01/17,8188,5657,2120,347,3484,227,877,4021,4155,399,22,0,N\A
93,2009/02/02,8633,6305,34961,288,3926,164,687,3747,3031,2195,48,1,N\A
93,2009/02/18,7285,4510,34893,477,3037,228,761,3747,2566,2115,64,1,N\A
93,2009/03/06,6897,5460,2261,850,4630,323,1124,6139,3681,186,65,1,N\A
93,2009/03/22,4579,3202,34965,1182,3179,624,1460,4007,2795,85,86,1,N\A
93,2009/04/07,6085,3279,2116,576,2367,289,942,2652,1761,1737,105,0,N\A
93,2009/04/23,6516,3568,2185,543,2575,213,740,1309,1860,1633,114,1,N\A
93,2009/05/09,5469,3047,34893,714,2438,344,685,2932,2404,-339,141,1,N\A
93,2009/05/25,4511,2182,2116,699,1848,384,738,1292,2055,1419,146,0,N\A
93,2009/06/10,3686,8943,2066,1055,2287,2023,1171,6144,3101,-334,161,3,N\A
93,2009/06/26,6292,2937,34842,476,2092,159,438,5955,1719,1234,181,3,N\A
93,2009/07/12,6592,4758,34842,626,3048,544,673,6433,1467,1304,204,3,N\A
93,2009/07/28,7557,5239,2257,490,3522,266,866,2988,2527,-225,221,1,N\A
93,2009/08/13,8329,5730,34841,286,3139,321,690,4638,1564,1624,231,1,N\A
93,2009/08/29,5656,4574,2062,814,2934,831,804,3728,1702,1950,256,3,N\A
93,2009/09/14,6541,3690,2116,537,2568,271,803,1246,1995,1949,258,0,N\A
93,2009/09/30,5100,3543,2066,561,1729,914,1308,4045,2771,261,278,3,N\A
93,2009/10/16,6984,3213,34965,369,2078,133,526,6445,2470,2439,300,1,N\A
93,2009/11/01,4494,2110,2120,694,1827,343,562,4887,3746,445,319,1,N\A
93,2009/11/17,3438,1556,2116,791,1620,407,498,2951,3862,500,333,0,N\A
93,2009/12/03,3574,1604,2116,764,1614,394,485,3737,3768,2374,352,0,N\A
93,2009/12/19,3253,1723,2185,980,1925,546,816,1675,4078,481,356,1,N\A
94,2009/01/01,2615,2422,2066,2173,3712,3501,2048,4045,4282,444,6,3,N\A
94,2009/01/17,8218,6315,2189,417,4264,205,867,4901,4146,356,31,1,N\A
94,2009/02/02,7356,5319,34837,519,3407,393,575,1693,3735,383,36,1,N\A
94,2009/02/18,6226,3437,2116,589,2533,257,710,3718,2575,2120,64,0,N\A
94,2009/03/06,6427,5035,34965,915,4207,447,1214,6152,3689,183,65,1,N\A
94,2009/03/22,4879,2978,2116,914,2656,469,1048,1666,2556,105,84,0,N\A
94,2009/04/07,5640,3104,2116,671,2407,327,761,1273,2000,1821,98,0,N\A
94,2009/04/23,5441,3404,2061,788,2669,478,842,1273,1860,1649,114,1,N\A
94,2009/05/09,3756,2015,2116,954,2102,478,596,2969,2402,-324,141,0,N\A
94,2009/05/25,5375,3181,35878,748,2487,441,616,6150,2983,-294,145,3,N\A
94,2009/06/10,3464,2086,2062,965,1988,736,439,3680,2038,1316,176,3,N\A
94,2009/06/26,5230,2360,35874,511,1632,377,488,326,2418,-376,187,3,N\A
94,2009/07/12,6784,3304,34837,429,2239,149,485,318,2366,-285,203,1,N\A
94,2009/07/28,7137,4877,2185,576,3448,291,752,3025,2527,-211,221,1,N\A
94,2009/08/13,8223,4948,2066,294,3016,137,638,4608,1566,1628,231,3,N\A
94,2009/08/29,4706,4746,2066,1268,3523,1234,985,4925,2702,57,255,3,N\A
94,2009/09/14,5930,3336,2116,636,2490,322,972,1210,2001,1965,258,0,N\A
94,2009/09/30,5639,3568,35998,853,3059,363,1316,3006,2787,335,285,3,N\A
94,2009/10/16,6973,3318,2189,381,2137,159,727,6433,2481,2446,300,1,N\A
94,2009/11/01,5079,2915,2120,825,2528,383,974,4055,3459,436,310,0,N\A
94,2009/11/17,1889,824,2116,1017,1491,430,294,2988,3875,495,333,0,N\A
94,2009/12/03,3120,1553,2116,947,1806,488,513,3708,3780,2365,352,0,N\A
94,2009/12/19,3793,2062,2116,980,2178,472,641,1720,4090,502,356,0,N\A
95,2009/01/01,3222,3591,2062,1840,3590,1660,1306,3775,4257,449,6,3,N\A
95,2009/01/17,4710,2220,34837,741,2061,219,473,179,3775,2252,27,1,N\A
95,2009/02/02,6125,3435,2185,628,2614,257,684,3995,3015,2204,48,1,N\A
95,2009/02/18,7670,4389,2061,394,2988,77,746,3995,2544,2124,64,1,N\A
95,2009/03/06,8275,8002,34841,519,5500,407,1280,6003,3650,191,65,1,N\A
95,2009/03/22,7101,5067,34837,664,3917,247,1165,3749,2759,77,86,1,N\A
95,2009/04/07,6625,4088,2261,625,3079,243,854,6114,1180,1826,101,1,N\A
95,2009/04/23,6289,4285,2185,669,2937,496,1226,1663,1818,1643,114,1,N\A
95,2009/05/09,6642,3890,2120,537,2662,297,799,4004,1742,1355,144,0,N\A
95,2009/05/25,6251,3599,35930,601,2606,305,783,2921,1962,1353,153,3,N\A
95,2009/06/10,5626,3372,35874,857,3062,248,1046,1329,2427,-402,164,3,N\A
95,2009/06/26,5041,1610,34837,329,998,345,328,94,2382,1218,187,1,N\A
95,2009/07/12,3766,3340,3098,677,1495,1258,1033,111,2327,1739,203,3,N\A
95,2009/07/28,4742,2785,2185,873,2448,473,623,2691,2486,-209,221,1,N\A
95,2009/08/13,4117,2208,34893,913,2191,427,532,1581,2008,1609,226,1,N\A
95,2009/08/29,6902,5540,3098,593,3236,649,630,3976,1672,1957,256,3,N\A
95,2009/09/14,6312,4387,34837,692,3061,495,808,1600,1964,1957,258,1,N\A
95,2009/09/30,7753,6141,3222,529,4181,332,989,3796,2745,268,278,3,N\A
95,2009/10/16,7522,5944,35878,702,4964,167,1081,5426,3320,350,296,3,N\A
95,2009/11/01,6752,3621,34841,481,2481,208,772,4848,2938,2396,311,1,N\A
95,2009/11/17,5246,3474,34837,859,2755,569,874,2654,3853,503,333,1,N\A
95,2009/12/03,5344,2459,34961,591,1948,227,396,3975,3765,2369,352,1,N\A
95,2009/12/19,5772,3516,34841,770,2873,339,1086,6014,4483,436,353,1,N\A
96,2009/01/01,2384,6446,2062,1995,3244,2716,1458,3749,4251,446,6,3,N\A
96,2009/01/17,6064,4846,34841,511,2086,937,661,5561,3292,2303,30,1,N\A
96,2009/02/02,8306,4700,35037,280,3027,13,694,4014,3009,2207,48,1,N\A
96,2009/02/18,6739,4039,34837,528,2711,316,673,208,3029,2040,59,1,N\A
96,2009/03/06,7113,4268,2120,469,2781,274,715,4034,2067,2018,80,0,N\A
96,2009/03/22,6733,5315,2116,804,4119,447,1275,3730,2756,84,86,0,N\A
96,2009/04/07,5010,2952,2116,846,2545,431,913,1691,1956,1826,98,0,N\A
96,2009/04/23,5140,4153,34842,1072,3340,816,1225,4650,2561,-231,127,3,N\A
96,2009/05/09,6310,4054,2116,681,3011,364,742,2599,2363,-333,141,0,N\A
96,2009/05/25,6845,4220,34893,532,2841,314,605,1672,2015,1394,146,1,N\A
96,2009/06/10,5855,3336,35874,700,2678,274,653,1293,2428,-415,164,3,N\A
96,2009/06/26,5427,1906,36074,396,1336,185,500,4832,1900,1294,183,3,N\A
96,2009/07/12,3582,2316,3098,842,1782,892,943,3976,1888,1437,208,3,N\A
96,2009/07/28,4943,3333,2061,925,2734,629,780,2664,2485,-217,221,1,N\A
96,2009/08/13,7790,4697,2185,373,3003,166,635,2921,1805,1663,233,1,N\A
96,2009/08/29,7205,5646,3098,534,3288,573,638,3995,1667,1958,256,3,N\A
96,2009/09/14,7640,4769,34893,389,2909,271,829,1627,1959,1936,258,1,N\A
96,2009/09/30,6769,5650,3098,753,3909,595,1154,3768,2739,262,278,3,N\A
96,2009/10/16,4714,2556,34837,832,2316,373,839,202,2882,2382,299,1,N\A
96,2009/11/01,5762,3428,34897,745,2771,329,926,4671,3727,450,319,1,N\A
96,2009/11/17,4441,2611,2065,1085,2819,364,1042,4670,4049,470,335,1,N\A
96,2009/12/03,6224,3170,34841,529,2273,226,1246,6113,3495,2444,341,1,N\A
96,2009/12/19,3831,2101,2185,979,2195,480,714,3768,4240,469,358,1,N\A
97,2009/01/01,1811,4976,2066,2734,3944,3236,1493,4898,3689,2354,7,3,N\A
97,2009/01/17,7442,4647,2189,441,3008,246,682,4898,3494,2311,23,1,N\A
97,2009/02/02,8077,5553,35037,383,3602,188,643,4898,3150,2256,39,1,N\A
97,2009/02/18,4765,3019,2189,1139,3213,383,894,4043,2531,2118,64,1,N\A
97,2009/03/06,6209,3611,2065,623,2664,303,695,4053,2062,2010,80,1,N\A
97,2009/03/22,5344,3972,2185,1126,3711,560,1612,3702,2751,80,86,1,N\A
97,2009/04/07,5684,4485,34841,705,2562,859,1030,6148,1169,1823,101,1,N\A
97,2009/04/23,6347,3489,34837,628,2811,125,1206,1727,1815,1626,114,1,N\A
97,2009/05/09,6381,4171,34897,707,3201,333,763,4640,2653,-313,143,1,N\A
97,2009/05/25,4987,2800,2116,822,2458,371,450,1709,2016,1401,146,0,N\A
97,2009/06/10,5545,3048,2190,663,2314,367,402,4005,2009,1311,176,3,N\A
97,2009/06/26,5028,3218,34838,905,2736,526,834,2921,2136,1347,185,3,N\A
97,2009/07/12,4836,4735,2066,1214,3488,1169,751,6496,3303,-270,202,3,N\A
97,2009/07/28,7530,4269,35037,390,2769,157,575,5550,1467,1505,222,1,N\A
97,2009/08/13,7689,4228,34841,338,2588,175,553,4878,1519,1626,231,1,N\A
97,2009/08/29,5938,3660,35878,607,2382,520,555,4024,1661,1957,256,3,N\A
97,2009/09/14,5763,3217,34961,676,2515,304,805,1672,1953,1945,258,1,N\A
97,2009/09/30,6347,3788,35874,735,3290,112,827,3749,2734,264,278,3,N\A
97,2009/10/16,6095,3660,3222,677,2791,322,670,3740,3046,367,294,3,N\A
97,2009/11/01,5233,2987,34897,795,2541,360,643,4651,3720,447,319,1,N\A
97,2009/11/17,4769,2810,2120,918,2592,428,634,4651,4042,467,335,1,N\A
97,2009/12/03,4335,2490,34965,925,2341,490,353,5394,4272,454,344,1,N\A
97,2009/12/19,4337,2568,2189,994,2517,488,645,5991,4468,438,353,1,N\A
98,2009/01/01,2526,2380,2062,1717,2878,1465,940,3663,4213,439,6,3,N\A
98,2009/01/17,6680,3506,2116,466,2342,235,442,342,3732,2208,27,0,N\A
98,2009/02/02,8263,5085,34841,290,3050,163,622,4101,2972,2198,48,1,N\A
98,2009/02/18,4469,3681,34841,1126,2946,979,746,4101,2505,2115,64,1,N\A
98,2009/03/06,5871,3824,2116,808,3106,391,793,2498,2791,150,77,0,N\A
98,2009/03/22,9488,2146,2261,24,915,91,409,6171,1517,2028,85,1,N\A
98,2009/04/07,5230,5410,35878,959,3062,1213,797,4959,1432,1757,103,3,N\A
98,2009/04/23,6749,3709,34842,439,2262,348,514,5625,1301,1420,126,3,N\A
98,2009/05/09,5974,3683,34961,721,2861,355,882,3654,2461,-288,134,1,N\A
98,2009/05/25,5294,3536,3098,986,3205,458,1269,2520,2518,-395,157,3,N\A
98,2009/06/10,5306,3140,34837,828,2700,369,816,1167,2446,-443,164,1,N\A
98,2009/06/26,7812,3818,2066,272,2215,150,556,6137,1713,1216,181,3,N\A
98,2009/07/12,6481,5972,2066,832,3897,808,932,5389,3038,-302,200,3,N\A
98,2009/07/28,6033,4767,34837,955,3860,581,1174,2562,2490,-232,221,1,N\A
98,2009/08/13,6613,3814,34893,534,2620,287,815,1736,2009,1585,226,1,N\A
98,2009/08/29,6006,2512,35878,344,1379,419,439,4081,1643,1946,256,3,N\A
98,2009/09/14,6805,4296,2116,577,3036,292,1045,1754,1936,1938,258,0,N\A
98,2009/09/30,6765,4867,35874,739,3831,318,1227,3692,2711,258,278,3,N\A
98,2009/10/16,6034,3989,2116,788,3186,385,1201,2525,3079,428,301,0,N\A
98,2009/11/01,6191,3663,2116,638,2712,318,1119,1772,2946,2322,306,0,N\A
98,2009/11/17,4495,2444,2120,862,2270,406,853,4611,4011,465,335,1,N\A
98,2009/12/03,4023,1953,2116,785,1842,403,848,1773,3673,2349,338,0,N\A
98,2009/12/19,5177,3029,34965,834,2625,380,662,5968,4440,434,353,1,N\A
99,2009/01/01,5160,9448,4114,1452,4548,2009,1575,5425,4391,409,8,3,N\A
99,2009/01/17,8015,5730,34893,413,3749,223,799,3781,4088,393,22,1,N\A
99,2009/02/02,5332,3886,2062,797,2618,758,769,1311,3658,388,36,3,N\A
99,2009/02/18,7169,4274,34837,465,2821,244,781,3995,2502,2112,64,1,N\A
99,2009/03/06,6457,3322,34965,512,2379,187,850,4014,2044,1997,80,1,N\A
99,2009/03/22,5056,3396,2116,1055,3213,488,1769,1284,2502,92,84,0,N\A
99,2009/04/07,6766,2579,34841,334,1732,25,441,6125,1175,1793,101,1,N\A
99,2009/04/23,7998,4579,37085,317,2850,123,580,6125,1118,1507,117,1,N\A
99,2009/05/09,6717,4491,34961,647,3295,325,875,1654,1908,1469,130,1,N\A
99,2009/05/25,5471,3485,35874,816,2788,472,756,1636,2068,1370,146,3,N\A
99,2009/06/10,5502,3314,3154,796,2744,377,690,2691,2659,-402,173,3,N\A
99,2009/06/26,4333,2211,34893,818,2069,378,554,1367,2556,-433,180,1,N\A
99,2009/07/12,5448,1690,2116,378,1283,22,311,111,2373,1720,203,0,N\A
99,2009/07/28,8047,4642,37085,301,2783,163,643,5529,1505,1488,222,1,N\A
99,2009/08/13,7842,5946,2116,489,4044,271,1135,3815,2596,-158,230,0,N\A
99,2009/08/29,6290,4441,2062,641,2815,590,807,3976,1651,1932,256,3,N\A
99,2009/09/14,6481,4125,36885,598,2801,405,1018,1600,1945,1938,258,1,N\A
99,2009/09/30,4168,2458,34893,1062,2580,469,1554,134,2448,2177,283,1,N\A
99,2009/10/16,4952,3362,2116,1117,3309,495,1709,2664,3069,415,301,0,N\A
99,2009/11/01,6211,3756,2120,685,2931,279,790,4700,3677,439,319,1,N\A
99,2009/11/17,3137,1293,36941,784,1501,313,366,174,3599,2438,331,1,N\A
99,2009/12/03,4935,2619,2116,750,2212,368,831,1321,3832,520,340,0,N\A
99,2009/12/19,5951,3323,2189,647,2549,283,694,6024,4428,431,353,1,N\A
100,2009/01/01,6341,4516,2062,635,2836,595,560,2551,3600,2279,9,3,N\A
100,2009/01/17,7838,6000,2120,499,4118,271,745,4117,3971,367,22,0,N\A
100,2009/02/02,6411,5661,2065,892,4080,714,1179,5650,3955,275,40,1,N\A
100,2009/02/18,5980,3966,2120,805,3200,391,939,4123,3429,226,54,0,N\A
100,2009/03/06,4739,2675,2116,904,2533,365,908,3043,2795,91,77,0,N\A
100,2009/03/22,5162,3143,2116,841,2636,454,1175,1747,2517,43,84,0,N\A
100,2009/04/07,5712,3753,2116,828,3034,441,1223,1738,2311,-110,100,0,N\A
100,2009/04/23,6561,3572,2116,501,2413,272,707,1210,1979,1553,114,0,N\A
100,2009/05/09,6888,3911,2116,469,2546,278,900,1201,2094,1415,130,0,N\A
100,2009/05/25,7371,5668,34841,566,3741,418,1039,6197,3168,-349,145,1,N\A
100,2009/06/10,5538,3089,2116,708,2466,332,801,1802,2691,-447,164,0,N\A
100,2009/06/26,4430,2167,2116,751,1946,356,795,1830,2763,-459,180,0,N\A
100,2009/07/12,4641,1841,2189,572,1563,205,285,6433,1718,1243,204,1,N\A
100,2009/07/28,3746,1858,2185,867,1906,417,652,3103,2670,-278,221,1,N\A
100,2009/08/13,4404,2093,2116,738,1900,327,529,2505,1955,1569,233,0,N\A
100,2009/08/29,7814,4623,36070,353,2878,179,565,3675,1655,1849,256,3,N\A
100,2009/09/14,7275,3998,2116,402,2549,205,563,1146,1953,1867,258,0,N\A
100,2009/09/30,9001,5399,2261,165,3141,47,473,6445,1687,2327,284,1,N\A
100,2009/10/16,5906,3667,2116,762,2961,339,796,1802,2644,347,292,0,N\A
100,2009/11/01,4398,2305,2116,819,2105,410,1038,316,3081,480,315,0,N\A
100,2009/11/17,5841,2658,2120,497,1893,233,623,5371,3156,2405,334,1,N\A
100,2009/12/03,4614,2572,2116,867,2353,415,1253,1784,3671,491,340,0,N\A
100,2009/12/19,5525,2672,34841,590,2047,261,444,5955,3360,2400,357,1,N\A
101,2009/01/01,6144,4354,2062,642,2688,639,611,2588,3597,2280,9,3,N\A
101,2009/01/17,7527,5471,2116,533,3779,286,757,3016,3771,350,29,0,N\A
101,2009/02/02,7517,4567,34961,423,2985,200,565,2588,3116,2167,41,1,N\A
101,2009/02/18,5045,3250,2120,997,3028,452,1030,4094,3425,226,54,0,N\A
101,2009/03/06,4186,2362,2116,961,2345,462,997,1729,2843,180,68,0,N\A
101,2009/03/22,4259,2119,2116,777,1930,399,825,1246,2257,1880,82,0,N\A
101,2009/04/07,4801,2623,34837,889,2531,296,815,1702,2308,-111,100,1,N\A
101,2009/04/23,5668,3124,2116,675,2442,314,722,1255,1974,1552,114,0,N\A
101,2009/05/09,6775,3948,2116,510,2653,286,854,1246,2090,1414,130,0,N\A
101,2009/05/25,5868,3532,2116,703,2700,371,965,274,2491,-547,155,0,N\A
101,2009/06/10,5548,2975,2116,661,2309,324,639,3062,2862,-432,173,0,N\A
101,2009/06/26,4042,1958,2116,851,2006,316,541,1793,2761,-459,180,0,N\A
101,2009/07/12,4751,1939,3226,565,1588,239,289,6445,1715,1239,204,3,N\A
101,2009/07/28,3466,1615,2185,832,1715,406,664,3065,2666,-279,221,1,N\A
101,2009/08/13,5592,2602,2116,550,1946,245,577,2542,1951,1569,233,0,N\A
101,2009/08/29,6050,5201,2066,901,3662,773,852,6202,3074,-119,241,3,N\A
101,2009/09/14,7253,3796,2116,385,2419,178,511,1192,1948,1866,258,0,N\A
101,2009/09/30,7156,4099,35037,498,3005,94,614,6458,1684,2324,284,1,N\A
101,2009/10/16,5860,3436,2116,678,2598,360,785,280,2691,398,299,0,N\A
101,2009/11/01,5561,2887,2116,636,2230,299,857,1210,2770,2254,306,0,N\A
101,2009/11/17,4408,2248,2116,803,2069,375,750,3034,3635,468,333,0,N\A
101,2009/12/03,3527,1635,2116,824,1722,392,834,1219,3477,2327,338,0,N\A
101,2009/12/19,3304,2031,2066,933,1854,816,548,6456,3310,2403,364,3,N\A
102,2009/01/01,7565,2775,34965,222,1602,67,359,4877,3447,2336,7,1,N\A
102,2009/01/17,7130,4808,2116,547,3265,322,625,3824,3948,375,22,0,N\A
102,2009/02/02,6682,3364,2116,444,2233,214,563,3995,2821,2164,48,0,N\A
102,2009/02/18,6710,2921,34965,360,1829,189,499,5562,2210,2130,62,1,N\A
102,2009/03/06,6027,4364,2061,831,3353,519,1057,2682,2754,98,77,1,N\A
102,2009/03/22,6608,3813,2116,539,2640,280,670,1627,2220,1897,82,0,N\A
102,2009/04/07,5312,3919,2066,981,3205,1821,1960,6520,3134,-130,106,3,N\A
102,2009/04/23,4657,3814,34837,1072,2941,950,1116,1645,1929,1562,114,1,N\A
102,2009/05/09,7500,4789,34893,423,2961,300,555,1636,2045,1423,130,1,N\A
102,2009/05/25,7026,4947,35874,538,3081,461,893,136,2448,1242,155,3,N\A
102,2009/06/10,7189,4068,2116,431,2636,223,476,111,2568,1595,171,0,N\A
102,2009/06/26,6474,3990,2116,636,2972,287,763,1411,2717,-440,180,0,N\A
102,2009/07/12,7673,2902,34961,231,1755,2,421,3957,2088,1371,208,1,N\A
102,2009/07/28,5016,3622,2062,1006,3031,679,1301,2746,2622,-273,221,3,N\A
102,2009/08/13,6759,2694,2189,337,1743,96,590,4848,1639,1528,231,1,N\A
102,2009/08/29,6311,3286,2186,519,2295,253,705,3976,1613,1856,256,3,N\A
102,2009/09/14,5719,4674,34842,867,3184,799,939,6058,2953,2,257,3,N\A
102,2009/09/30,7542,3227,34842,230,1642,278,590,4848,1797,2177,279,3,N\A
102,2009/10/16,6733,4142,2116,557,2853,312,702,1375,2619,345,292,0,N\A
102,2009/11/01,7609,3823,2185,334,2460,75,744,1600,2758,2278,306,1,N\A
102,2009/11/17,6957,4243,2061,526,2932,255,614,144,3419,2510,331,1,N\A
102,2009/12/03,5148,3259,2185,1049,3275,333,1172,3834,3859,460,342,1,N\A
102,2009/12/19,5295,4311,34837,803,2611,926,713,3976,3546,2325,3,1,N\A
103,2009/01/01,7608,5879,35878,473,3482,470,610,5080,3443,2338,7,3,N\A
103,2009/01/17,6776,4431,2116,634,3300,275,950,3525,3928,377,22,0,N\A
103,2009/02/02,5616,2478,2120,519,1849,206,754,4266,2802,2171,48,0,N\A
103,2009/02/18,4115,2412,34837,1033,2478,494,1434,940,3160,298,52,1,N\A
103,2009/03/06,3837,2088,2116,1027,2306,421,1421,931,2778,202,68,0,N\A
103,2009/03/22,3180,1361,2116,804,1554,348,1124,2019,2182,1898,82,0,N\A
103,2009/04/07,4374,2789,2066,1093,2793,549,1326,5883,3004,-64,97,3,N\A
103,2009/04/23,6284,2902,34842,444,1946,223,807,5744,1439,1343,126,3,N\A
103,2009/05/09,6266,6825,2066,624,2719,1172,1331,5268,2861,-325,136,3,N\A
103,2009/05/25,8542,6056,2116,295,3752,167,498,561,2400,1383,155,0,N\A
103,2009/06/10,8723,7157,2189,317,4650,189,619,5289,3121,-398,168,1,N\A
103,2009/06/26,8484,6086,2116,314,3831,169,660,996,2670,-468,180,0,N\A
103,2009/07/12,8026,5584,2116,401,3662,196,650,1022,2643,-431,196,0,N\A
103,2009/07/28,6117,3918,2185,728,3022,367,1094,513,2310,1504,219,1,N\A
103,2009/08/13,5011,3200,2116,997,3000,445,1538,3563,2626,-206,230,0,N\A
103,2009/08/29,4770,2263,2190,684,1932,300,992,4246,1573,1865,256,3,N\A
103,2009/09/14,5476,2889,34842,633,2166,360,793,5065,1483,1992,263,3,N\A
103,2009/09/30,6038,3756,34842,749,3032,311,981,6410,3180,193,282,3,N\A
103,2009/10/16,7611,4870,2120,390,2875,328,973,4256,2540,2331,304,0,N\A
103,2009/11/01,7163,4300,2116,482,2916,221,729,1992,2747,2278,306,0,N\A
103,2009/11/17,5551,5821,2062,1003,3506,1170,1460,1992,3146,2320,322,3,N\A
103,2009/12/03,7782,4858,2116,399,3199,158,582,1991,3464,2340,338,0,N\A
103,2009/12/19,7522,3981,34841,332,2348,224,801,4246,3540,2331,3,1,N\A
104,2009/01/01,7928,4754,2261,345,2986,156,649,5318,3397,2344,7,1,N\A
104,2009/01/17,6672,3569,2116,488,2445,222,491,434,3694,445,20,0,N\A
104,2009/02/02,7742,4666,34897,375,2947,189,724,4559,2749,2175,48,1,N\A
104,2009/02/18,7021,4082,34893,484,2766,226,763,2441,2917,2120,50,1,N\A
104,2009/03/06,7032,3892,2116,438,2514,241,600,3623,2196,1988,73,0,N\A
104,2009/03/22,5501,3233,2116,743,2560,396,951,416,2383,86,84,0,N\A
104,2009/04/07,5097,2687,2116,732,2254,332,782,1092,1987,1635,107,0,N\A
104,2009/04/23,5426,2732,2116,644,2172,274,681,2468,1844,1539,114,0,N\A
104,2009/05/09,6197,3501,2120,604,2573,285,630,4190,2760,-379,143,0,N\A
104,2009/05/25,5702,2737,2116,572,2090,221,506,3605,2136,1276,153,0,N\A
104,2009/06/10,5637,2560,2116,520,1864,248,383,462,2579,-508,164,0,N\A
104,2009/06/26,6223,3397,2116,569,2444,275,606,3211,2898,-420,182,0,N\A
104,2009/07/12,6324,2659,2116,371,1648,249,392,983,2446,1399,203,0,N\A
104,2009/07/28,6468,3526,2185,504,2350,305,715,1002,2280,1460,219,1,N\A
104,2009/08/13,6378,3704,2116,574,2596,319,685,3192,2588,-214,230,0,N\A
104,2009/08/29,6486,3473,3298,513,2407,247,673,4539,1521,1860,256,3,N\A
104,2009/09/14,5418,2794,2116,619,2083,360,905,2413,1819,1863,258,0,N\A
104,2009/09/30,5661,2815,2116,556,2007,328,659,1020,2247,2099,283,0,N\A
104,2009/10/16,5895,2935,2116,540,2091,283,463,1902,2852,382,301,0,N\A
104,2009/11/01,5790,2897,2116,558,2093,293,772,1057,3007,2320,315,0,N\A
104,2009/11/17,5894,2987,2116,558,2160,280,555,1893,3560,474,333,0,N\A
104,2009/12/03,5759,2785,2116,529,1966,299,717,453,3598,471,340,0,N\A
104,2009/12/19,6998,4623,2120,553,3132,334,1066,4228,4090,423,2,0,N\A
105,2009/01/01,7011,3929,35037,464,2641,210,617,5323,3383,2342,7,1,N\A
105,2009/01/17,5839,3635,2116,746,2840,389,698,1875,3668,360,29,0,N\A
105,2009/02/02,6480,3510,34897,522,2444,252,598,4560,2740,2171,48,1,N\A
105,2009/02/18,5681,3224,34893,700,2542,328,759,2450,2908,2126,50,1,N\A
105,2009/03/06,7580,4485,2116,385,2797,222,646,3633,2190,1989,73,0,N\A
105,2009/03/22,6997,4296,2116,525,2972,251,676,1102,2119,1813,91,0,N\A
105,2009/04/07,7158,4682,2116,520,3140,303,583,400,2174,-159,100,0,N\A
105,2009/04/23,7911,4945,2116,345,2959,242,511,2477,1850,1541,114,0,N\A
105,2009/05/09,5958,3961,2120,798,3151,412,869,4189,2768,-376,143,0,N\A
105,2009/05/25,6010,4442,3102,832,3339,563,1005,5697,3052,-356,145,3,N\A
105,2009/06/10,4845,2564,2116,775,2232,357,707,1929,2761,-444,173,0,N\A
105,2009/06/26,3298,1386,2116,779,1546,319,426,499,2660,-518,180,0,N\A
105,2009/07/12,5311,4749,2066,968,3161,990,1055,4238,2953,-339,207,3,N\A
105,2009/07/28,8146,4573,34965,277,2712,142,603,5297,1809,1367,215,1,N\A
105,2009/08/13,7647,5412,2116,485,3639,264,739,3183,2592,-223,230,0,N\A
105,2009/08/29,5151,3295,36074,1085,3391,321,759,4549,1518,1854,256,3,N\A
105,2009/09/14,6842,5000,34837,624,3329,473,817,2422,1816,1865,258,1,N\A
105,2009/09/30,5108,2676,2116,712,2199,344,705,1029,2239,2117,283,0,N\A
105,2009/10/16,4814,2539,2116,769,2197,367,705,461,2536,377,292,0,N\A
105,2009/11/01,4061,1954,2116,799,1892,361,579,2441,2686,2281,306,0,N\A
105,2009/11/17,6559,3885,2120,578,2782,276,808,4199,3762,444,335,0,N\A
105,2009/12/03,6654,3516,2116,473,2355,242,544,444,3586,539,340,0,N\A
105,2009/12/19,7808,6185,2120,511,4153,333,875,4228,4081,417,2,0,N\A
106,2009/01/01,8992,5593,36074,171,3223,81,767,5712,3328,2354,7,3,N\A
106,2009/01/17,8472,4601,2116,219,2648,102,538,505,3612,2197,20,0,N\A
106,2009/02/02,9005,6737,2120,218,4166,110,632,5051,2664,2182,48,1,N\A
106,2009/02/18,7923,5428,2120,417,3599,193,655,5051,2218,2082,64,1,N\A
106,2009/03/06,4048,2552,2116,1252,2955,505,1331,985,2568,117,77,0,N\A
106,2009/03/22,4631,2295,2116,739,2014,342,1001,3210,2035,1888,82,0,N\A
106,2009/04/07,4842,2114,34893,605,1741,259,530,531,2084,1689,100,1,N\A
106,2009/04/23,5745,2596,2116,504,1865,238,573,3229,1768,1530,114,0,N\A
106,2009/05/09,3547,1522,2116,722,1516,375,573,3569,2699,-393,143,0,N\A
106,2009/05/25,3902,2441,35878,868,1979,775,634,5300,2980,-369,145,3,N\A
106,2009/06/10,2867,1288,2116,847,1528,453,768,478,2529,1352,164,0,N\A
106,2009/06/26,5480,2194,2116,444,1521,255,507,433,2600,1331,180,0,N\A
106,2009/07/12,8968,5365,2116,171,3145,42,472,1873,2389,1375,203,0,N\A
106,2009/07/28,7411,5224,2116,558,3754,241,527,1057,2467,-299,221,0,N\A
106,2009/08/13,8209,5721,2116,364,3703,173,491,1901,2011,1583,235,0,N\A
106,2009/08/29,8042,7205,2189,589,5430,289,830,6434,3140,-112,243,1,N\A
106,2009/09/14,4869,2817,2116,916,2655,363,1202,3172,1724,1860,258,0,N\A
106,2009/09/30,4044,2686,2116,1286,3033,599,1982,2424,2446,215,278,0,N\A
106,2009/10/16,5775,2804,2120,553,2065,254,969,5041,2423,2347,304,1,N\A
106,2009/11/01,5939,3862,2189,773,3034,405,1096,5311,3282,344,305,1,N\A
106,2009/11/17,1796,693,2116,845,1215,392,306,1003,3484,481,333,0,N\A
106,2009/12/03,2194,832,2116,772,1206,373,390,3191,3347,2345,338,0,N\A
106,2009/12/19,8342,5002,2189,273,3022,123,747,5030,3423,2340,3,1,N\A
107,2009/01/01,3376,2249,3098,1127,2276,836,761,2617,3899,430,6,3,N\A
107,2009/01/17,5119,1553,34841,347,1075,192,356,5615,3130,2299,23,1,N\A
107,2009/02/02,5444,2306,34841,418,1417,413,517,4929,2666,2178,48,1,N\A
107,2009/02/18,6097,2988,34965,529,2182,204,541,4924,2226,2075,64,1,N\A
107,2009/03/06,4595,2329,34961,842,2274,261,682,243,2644,1966,68,1,N\A
107,2009/03/22,4594,2306,2116,740,1998,374,608,273,2310,1931,84,0,N\A
107,2009/04/07,5247,3397,2116,931,2987,459,1043,2589,2406,-131,102,0,N\A
107,2009/04/23,5311,2906,2116,714,2332,360,576,1230,2300,-312,125,0,N\A
107,2009/05/09,4571,2076,2116,633,1699,355,339,3748,2736,-392,143,0,N\A
107,2009/05/25,4119,2083,2116,820,1969,414,398,3768,2889,-428,159,0,N\A
107,2009/06/10,2169,727,2116,630,979,368,191,1293,2738,-467,173,0,N\A
107,2009/06/26,1354,336,2116,501,658,266,119,2673,2882,-447,182,0,N\A
107,2009/07/12,3960,1620,2116,696,1609,227,432,1637,2426,1371,203,0,N\A
107,2009/07/28,7193,2419,34965,230,1409,81,225,4898,1769,1442,224,1,N\A
107,2009/08/13,5168,2696,2116,696,2185,341,543,3786,2600,-155,239,0,N\A
107,2009/08/29,7191,5258,3298,646,3955,280,952,6031,2973,-63,250,3,N\A
107,2009/09/14,5504,1942,34837,370,1276,245,685,2977,1746,1846,258,1,N\A
107,2009/09/30,5846,3744,2116,765,2919,417,1025,2645,2460,209,278,0,N\A
107,2009/10/16,4323,2276,2116,875,2208,376,751,1266,2769,390,301,0,N\A
107,2009/11/01,5771,3133,2116,648,2417,292,653,2995,2618,2295,306,0,N\A
107,2009/11/17,4776,2166,34841,404,1143,672,779,6160,3042,2435,334,1,N\A
107,2009/12/03,3936,1934,2116,797,1832,432,440,234,3518,2314,340,0,N\A
107,2009/12/19,6082,3242,34965,567,2328,287,630,4909,3415,2342,3,1,N\A
108,2009/01/01,5061,2273,35878,478,1458,473,478,5756,3264,2348,7,3,N\A
108,2009/01/17,5978,2226,2116,368,1462,185,454,2304,3738,380,22,0,N\A
108,2009/02/02,9157,6075,34965,155,3526,78,678,5102,2612,2170,48,1,N\A
108,2009/02/18,8801,6753,2189,279,4378,117,877,5269,3674,230,49,1,N\A
108,2009/03/06,8210,5126,2116,308,3134,160,596,613,2596,1992,68,0,N\A
108,2009/03/22,6952,4048,2116,488,2715,252,750,623,2272,1815,84,0,N\A
108,2009/04/07,6193,3289,34837,530,2255,310,912,3303,1798,1690,98,1,N\A
108,2009/04/23,5563,3071,2116,681,2389,343,1149,876,2293,-337,125,0,N\A
108,2009/05/09,5891,3120,2116,590,2282,302,856,885,2461,-437,141,0,N\A
108,2009/05/25,6556,4869,3102,725,3486,488,1038,6398,3300,-361,147,3,N\A
108,2009/06/10,5339,2456,34893,560,1843,286,598,578,2577,1342,164,1,N\A
108,2009/06/26,4323,1476,2116,476,1201,238,425,532,2647,1327,180,0,N\A
108,2009/07/12,4872,1810,3222,473,1372,239,516,3559,2913,-356,207,3,N\A
108,2009/07/28,7246,2930,2189,278,1741,124,540,4256,2007,1391,217,1,N\A
108,2009/08/13,8442,6117,2116,326,3860,183,777,3540,2578,-169,239,0,N\A
108,2009/08/29,9004,6006,34893,186,3549,89,587,3247,1796,1632,242,1,N\A
108,2009/09/14,8062,5381,2116,361,3365,210,581,568,2005,1838,260,0,N\A
108,2009/09/30,6516,4080,2116,603,2859,354,942,2001,2112,2105,283,0,N\A
108,2009/10/16,4778,2837,2116,901,2550,457,1433,913,2714,368,301,0,N\A
108,2009/11/01,6267,3005,34897,472,2057,227,812,4285,2672,2340,313,1,N\A
108,2009/11/17,4987,2691,2185,777,2323,350,824,3512,3636,450,335,1,N\A
108,2009/12/03,4807,2235,2116,655,1868,298,729,595,3462,2333,340,0,N\A
108,2009/12/19,4637,1344,35037,370,1010,177,393,5081,3360,2337,3,1,N\A
109,2009/01/01,7670,3876,36074,294,2230,201,707,5502,3272,2337,7,3,N\A
109,2009/01/17,7909,5190,34961,385,3299,210,765,1511,3572,350,29,1,N\A
109,2009/02/02,9159,6253,2120,161,3670,81,633,4789,2641,2159,48,1,N\A
109,2009/02/18,8392,5615,2120,301,3443,168,620,4788,2216,2057,64,1,N\A
109,2009/03/06,7052,4292,2116,496,2870,269,600,56,2648,-445,68,0,N\A
109,2009/03/22,5736,2891,34842,515,1901,401,737,6080,1295,1742,94,3,N\A
109,2009/04/07,4152,2458,2116,1033,2500,504,1591,31,2157,2583,100,0,N\A
109,2009/04/23,6910,4957,35874,712,3897,281,1122,3930,2655,-327,127,3,N\A
109,2009/05/09,7539,4481,2189,401,2859,207,767,4798,1988,1243,144,1,N\A
109,2009/05/25,6979,4328,2118,524,2946,280,913,2792,2233,1288,146,3,N\A
109,2009/06/10,5577,2544,35874,528,1860,259,476,3871,2348,1239,169,3,N\A
109,2009/06/26,3959,1865,3298,662,1530,516,592,6144,3463,-382,186,3,N\A
109,2009/07/12,2674,961,2116,682,1180,310,424,1373,2499,1382,203,0,N\A
109,2009/07/28,6110,2581,2185,415,1719,211,419,3852,2077,1397,217,1,N\A
109,2009/08/13,6942,3245,2185,372,2061,171,480,2745,2079,1486,226,1,N\A
109,2009/08/29,9042,7606,2261,243,4835,160,829,6127,3011,-81,250,1,N\A
109,2009/09/14,7841,6157,2185,504,4165,310,782,2876,2365,34,262,1,N\A
109,2009/09/30,7065,5480,2116,684,3977,408,958,2870,2459,189,278,0,N\A
109,2009/10/16,6973,3245,34842,366,2053,167,530,6069,2181,2381,302,3,N\A
109,2009/11/01,6477,3148,2189,451,2110,219,880,5498,2497,2375,311,1,N\A
109,2009/11/17,5938,3596,34961,718,2818,337,1126,1521,3442,454,333,1,N\A
109,2009/12/03,5181,2948,2185,802,2527,362,1153,2857,3679,453,342,1,N\A
109,2009/12/19,4518,2164,2116,703,1862,359,633,3978,3979,411,2,0,N\A
110,2009/01/01,5988,5031,34842,786,3133,825,734,4510,3320,2290,16,3,N\A
110,2009/01/17,5917,3167,2185,581,2265,328,507,534,3639,381,20,1,N\A
110,2009/02/02,8096,5433,2120,363,3452,189,675,4510,2699,2158,48,1,N\A
110,2009/02/18,7273,4356,2116,474,3003,178,584,2358,2875,2113,50,0,N\A
110,2009/03/06,6322,4044,2116,675,2996,360,712,534,2704,197,68,0,N\A
110,2009/03/22,5954,4616,2116,1041,4105,501,1417,3221,2654,11,86,0,N\A
110,2009/04/07,5993,4950,2065,1010,4032,644,1681,5736,2982,-89,97,1,N\A
110,2009/04/23,5111,3232,2120,932,2881,453,1229,4258,2683,-308,127,0,N\A
110,2009/05/09,4674,2580,2120,785,2163,470,693,4258,2827,-387,143,0,N\A
110,2009/05/25,4474,2496,34966,897,2350,424,760,6279,3320,-377,154,3,N\A
110,2009/06/10,4834,2694,3298,834,2395,389,590,6291,3435,-389,170,3,N\A
110,2009/06/26,1840,1361,34837,2624,3808,1042,916,3296,2971,-439,182,1,N\A
110,2009/07/12,6815,3601,2116,424,2239,291,667,885,2516,1382,203,0,N\A
110,2009/07/28,8541,6985,2189,367,4665,198,860,5124,3070,-292,216,1,N\A
110,2009/08/13,8731,5808,2185,237,3500,117,505,2312,2108,1502,226,1,N\A
110,2009/08/29,8388,7453,3298,454,5179,274,916,6291,3056,-72,250,3,N\A
110,2009/09/14,6813,4112,2116,544,2870,266,805,2331,1820,1843,258,0,N\A
110,2009/09/30,4439,2605,2116,948,2462,483,1323,929,2206,2098,283,0,N\A
110,2009/10/16,3457,1720,34893,899,1849,458,717,947,2551,2221,299,1,N\A
110,2009/11/01,2949,1314,2116,839,1541,430,523,2349,2634,2271,306,0,N\A
110,2009/11/17,4173,2166,2189,841,2046,425,551,4268,3715,434,335,1,N\A
110,2009/12/03,4906,2436,2185,692,2025,333,565,3249,3735,450,342,1,N\A
110,2009/12/19,8455,6958,2120,395,4719,207,885,4296,4036,407,2,0,N\A
111,2009/01/01,7047,3308,36074,351,2027,196,598,5340,3277,2332,7,3,N\A
111,2009/01/17,7867,4154,2116,297,2489,144,538,3643,3241,2236,25,0,N\A
111,2009/02/02,8599,5590,2116,254,3374,126,655,3643,2934,2175,41,0,N\A
111,2009/02/18,8367,7799,34841,444,4997,409,716,4580,2241,2051,64,1,N\A
111,2009/03/06,7708,4934,2116,412,3184,215,561,407,2678,136,68,0,N\A
111,2009/03/22,5745,3398,2116,766,2835,295,823,398,2371,55,84,0,N\A
111,2009/04/07,4580,3562,2062,1110,2986,864,1051,3662,1734,1591,105,3,N\A
111,2009/04/23,6744,2960,35038,363,1867,179,432,6445,1266,1343,117,3,N\A
111,2009/05/09,3787,1661,34961,739,1640,335,715,2496,2064,1383,130,1,N\A
111,2009/05/25,8375,5187,34965,279,3155,129,642,4570,2220,1218,160,1,N\A
111,2009/06/10,8375,5229,2116,278,3144,148,491,444,2685,-529,164,0,N\A
111,2009/06/26,8398,5494,2116,283,3252,192,497,488,2755,-494,180,0,N\A
111,2009/07/12,8245,4597,2116,270,2807,84,394,1011,2541,1370,203,0,N\A
111,2009/07/28,6077,4167,2116,797,3267,431,1054,1920,2608,-314,221,0,N\A
111,2009/08/13,5068,3177,2185,1041,3181,345,1219,3183,2643,-241,230,1,N\A
111,2009/08/29,4866,2580,2116,767,2221,365,1013,2435,1907,1628,242,0,N\A
111,2009/09/14,7014,3909,3298,447,2547,240,633,6256,3001,42,266,3,N\A
111,2009/09/30,4142,1664,2116,608,1468,293,628,1057,2171,2113,283,0,N\A
111,2009/10/16,7568,4163,2116,348,2515,212,653,1065,2509,2190,299,0,N\A
111,2009/11/01,8478,5516,2116,269,3268,172,600,2460,2589,2278,306,0,N\A
111,2009/11/17,8471,6295,2189,333,4024,182,690,4579,3130,2366,336,1,N\A
111,2009/12/03,8011,6003,2116,440,3986,248,671,3155,3691,453,342,0,N\A
111,2009/12/19,5430,3620,2120,982,3316,412,1018,4229,3995,410,2,0,N\A
112,2009/01/01,9012,7404,35878,225,4332,242,870,5246,3286,2329,7,3,N\A
112,2009/01/17,5454,2865,2116,683,2322,283,575,3501,3253,2235,25,0,N\A
112,2009/02/02,5468,2437,34841,573,1956,161,910,4461,2675,2149,48,1,N\A
112,2009/02/18,7041,3673,34965,433,2494,142,739,4462,2258,2047,64,1,N\A
112,2009/03/06,7709,4248,2116,338,2613,167,713,3501,2168,1958,73,0,N\A
112,2009/03/22,6641,5093,2116,808,4004,422,1455,3286,2662,0,86,0,N\A
112,2009/04/07,6673,3652,35874,493,2471,252,672,921,2052,1571,107,3,N\A
112,2009/04/23,7627,3434,35038,274,2036,114,628,6384,1283,1349,117,3,N\A
112,2009/05/09,7115,3947,3226,428,2540,231,602,4316,2868,-395,143,3,N\A
112,2009/05/25,7175,3788,2116,389,2365,221,564,876,2507,1296,155,0,N\A
112,2009/06/10,7443,4255,2116,402,2743,187,483,650,2701,-481,164,0,N\A
112,2009/06/26,8059,4762,2116,309,2875,168,545,687,2771,-449,180,0,N\A
112,2009/07/12,7594,4912,2116,447,3269,212,564,706,2734,-478,196,0,N\A
112,2009/07/28,5460,3237,2185,781,2660,378,937,2112,2628,-302,221,1,N\A
112,2009/08/13,5375,3081,2116,724,2407,413,807,3342,2664,-235,230,0,N\A
112,2009/08/29,4246,2234,2185,836,2070,437,782,2257,1929,1632,242,1,N\A
112,2009/09/14,6555,3788,3298,553,2658,278,717,4340,2592,106,271,3,N\A
112,2009/09/30,7377,4319,34837,420,2783,217,677,2085,2469,246,285,1,N\A
112,2009/10/16,8561,5241,2116,234,3019,152,482,866,2522,2218,299,0,N\A
112,2009/11/01,8848,6336,2120,235,3845,135,685,5236,2507,2366,311,1,N\A
112,2009/11/17,6751,4999,2189,758,3909,360,883,4326,3685,437,335,1,N\A
112,2009/12/03,6841,4110,2116,539,2874,254,727,2285,3308,2331,338,0,N\A
112,2009/12/19,4360,2372,34897,902,2297,401,903,4345,4007,402,2,1,N\A
113,2009/01/01,8140,5731,34965,387,3775,176,688,4959,3322,2323,7,1,N\A
113,2009/01/17,6466,4084,2116,635,2959,339,811,1194,3658,370,20,0,N\A
113,2009/02/02,6324,3350,2120,524,2327,269,1017,4101,2724,2144,48,0,N\A
113,2009/02/18,5390,3157,2116,764,2551,398,1375,1211,3109,254,52,0,N\A
113,2009/03/06,6383,3444,2116,534,2419,259,759,3052,2226,1950,73,0,N\A
113,2009/03/22,5816,3908,2116,852,3221,424,1299,1176,2450,-2,84,0,N\A
113,2009/04/07,5922,4029,2116,858,3350,405,1296,1175,2277,-121,100,0,N\A
113,2009/04/23,6351,4248,2120,736,3299,351,1122,4650,2768,-313,127,1,N\A
113,2009/05/09,5647,2320,34965,489,1758,136,585,5637,1841,1208,142,1,N\A
113,2009/05/25,5492,2908,2189,678,2330,293,813,6002,3194,-371,145,1,N\A
113,2009/06/10,6501,3273,4237,465,2193,238,510,6503,3520,-391,170,1,N\A
113,2009/06/26,5091,1994,2116,471,1448,270,444,1274,2810,-465,180,0,N\A
113,2009/07/12,7472,3599,2116,312,2157,162,450,216,2601,1342,203,0,N\A
113,2009/07/28,8295,5776,2185,337,3618,192,678,2626,2679,-301,221,1,N\A
113,2009/08/13,7995,4807,2116,317,2846,213,556,257,2216,1687,235,0,N\A
113,2009/08/29,6896,3948,4237,507,2760,205,561,4082,1588,1807,256,1,N\A
113,2009/09/14,7359,5411,2065,605,3978,270,918,6014,2943,-29,257,1,N\A
113,2009/09/30,2841,1221,2116,795,1426,438,519,263,2241,2145,283,0,N\A
113,2009/10/16,5948,3105,2189,600,2362,237,759,6497,3361,270,298,1,N\A
113,2009/11/01,4135,1590,2120,568,1369,291,455,4949,2542,2353,311,1,N\A
113,2009/11/17,7327,3833,2116,368,2386,191,583,2580,3508,455,333,0,N\A
113,2009/12/03,7924,4153,2116,282,2436,155,559,1746,3346,2314,338,0,N\A
113,2009/12/19,8822,7652,34965,259,4140,402,732,6183,3222,2403,357,1,N\A
114,2009/01/01,3692,2034,34842,760,1650,703,560,5518,3486,2357,7,3,N\A
114,2009/01/17,5238,2308,36941,544,1741,272,647,1402,3723,371,29,1,N\A
114,2009/02/02,8706,5286,2189,214,3096,100,737,4818,2799,2197,48,1,N\A
114,2009/02/18,7658,5120,4164,435,3281,266,734,1412,3029,219,61,0,N\A
114,2009/03/06,7860,4506,2116,328,2738,178,522,1555,2413,1987,75,0,N\A
114,2009/03/22,6349,3635,2116,572,2562,308,960,104,2350,2074,84,0,N\A
114,2009/04/07,5640,3834,34837,755,2709,600,1102,119,2103,1990,100,1,N\A
114,2009/04/23,5321,2567,2116,601,1968,302,855,2884,1742,1582,114,0,N\A
114,2009/05/09,5282,2967,2116,726,2352,401,1168,1393,2351,-372,141,0,N\A
114,2009/05/25,5726,3061,2116,618,2274,328,1353,1527,2247,1322,155,0,N\A
114,2009/06/10,4912,2668,4164,753,2207,414,990,1456,2616,-434,173,0,N\A
114,2009/06/26,4035,1708,2116,677,1593,300,586,21,2515,435,180,0,N\A
114,2009/07/12,4665,2918,34962,882,2425,600,1061,3911,2827,-317,207,3,N\A
114,2009/07/28,6249,3139,4164,488,2114,279,783,1465,2429,-252,221,0,N\A
114,2009/08/13,7565,4792,2116,420,3030,258,741,2783,2491,-190,230,0,N\A
114,2009/08/29,7224,5385,2062,512,3177,517,663,3922,1621,1798,249,3,N\A
114,2009/09/14,7443,4286,2116,393,2681,226,607,61,2086,2336,260,0,N\A
114,2009/09/30,7256,5631,36945,679,4271,320,1048,6071,3123,220,282,1,N\A
114,2009/10/16,4611,2675,2116,978,2652,384,1667,1420,2905,418,301,0,N\A
114,2009/11/01,6305,3437,2189,479,2114,413,708,5519,2722,2404,311,1,N\A
114,2009/11/17,3039,1161,4164,678,1270,346,426,1537,3445,2354,331,0,N\A
114,2009/12/03,3645,1557,2116,645,1385,450,687,2847,3503,2363,338,0,N\A
114,2009/12/19,2154,1013,36885,774,1199,715,506,1509,3798,2315,363,1,N\A
115,2009/01/01,3971,2305,34842,816,1891,684,525,6173,4437,380,10,3,N\A
115,2009/01/17,4909,2022,2116,532,1558,276,596,1702,3731,372,29,0,N\A
115,2009/02/02,8212,4321,34965,242,2465,141,644,4659,2804,2192,48,1,N\A
115,2009/02/18,8812,5653,34841,211,3343,101,587,4658,2347,2102,64,1,N\A
115,2009/03/06,7678,3640,2116,280,2132,146,388,1255,2435,1974,75,0,N\A
115,2009/03/22,6798,3532,2116,445,2335,217,561,218,2376,42,84,0,N\A
115,2009/04/07,5564,5913,34842,1185,4158,1160,1294,5606,2926,-47,97,3,N\A
115,2009/04/23,5152,3065,2116,835,2610,419,1231,1674,2258,-299,125,0,N\A
115,2009/05/09,5749,3054,2116,615,2279,313,757,1686,2393,-391,141,0,N\A
115,2009/05/25,5714,2523,2116,489,1793,241,628,3737,2036,1288,153,0,N\A
115,2009/06/10,4007,2551,2066,856,2001,789,584,6186,3283,-365,170,3,N\A
115,2009/06/26,3465,1324,34837,627,1292,333,432,312,2557,-539,180,1,N\A
115,2009/07/12,5849,1952,2116,341,1302,139,439,1174,2359,1432,203,0,N\A
115,2009/07/28,6869,3616,2116,432,2328,242,598,1756,2469,-263,221,0,N\A
115,2009/08/13,7481,4417,2116,411,2853,200,618,3034,2530,-201,230,0,N\A
115,2009/08/29,8340,4820,36074,257,2841,131,526,4638,1520,1902,256,3,N\A
115,2009/09/14,8165,6203,2189,420,4158,215,893,5627,2842,25,257,1,N\A
115,2009/09/30,6305,3406,2116,551,2432,258,779,1210,2292,2144,283,0,N\A
115,2009/10/16,4602,2591,2189,906,2451,398,1205,4649,2573,2347,304,1,N\A
115,2009/11/01,6278,2626,34837,444,1942,46,996,2588,2772,2302,306,1,N\A
115,2009/11/17,4535,1446,34841,362,963,366,500,5977,3207,2435,334,1,N\A
115,2009/12/03,3542,1283,34893,587,1231,294,418,2597,3497,2356,338,1,N\A
115,2009/12/19,4274,2239,36074,525,1309,761,948,5381,3515,2382,359,3,N\A
116,2009/01/01,6853,3809,36074,437,2341,329,611,5572,3449,2359,7,3,N\A
116,2009/01/17,6622,3839,2116,531,2613,299,693,2655,3892,386,22,0,N\A
116,2009/02/02,4611,1301,34841,305,827,351,348,4878,2767,2194,48,1,N\A
116,2009/02/18,4149,1833,2185,681,1647,342,346,1312,3004,217,61,1,N\A
116,2009/03/06,4071,1796,2116,696,1652,337,599,1655,2392,1976,75,0,N\A
116,2009/03/22,5477,2403,2116,497,1701,288,543,199,2334,1949,84,0,N\A
116,2009/04/07,7695,4836,36002,387,2971,258,574,4034,1608,1664,105,3,N\A
116,2009/04/23,7459,4847,2116,460,3162,265,656,2636,2340,-239,118,0,N\A
116,2009/05/09,7744,4075,2116,310,2439,165,473,1655,2088,1370,139,0,N\A
116,2009/05/25,7607,4079,2116,345,2539,155,557,1628,2266,1318,155,0,N\A
116,2009/06/10,7060,3858,3222,442,2565,195,693,3986,2152,1270,169,3,N\A
116,2009/06/26,5927,3492,2116,711,2781,297,1079,103,2534,1175,180,0,N\A
116,2009/07/12,6479,3950,35878,537,2514,430,599,4838,1904,1365,208,3,N\A
116,2009/07/28,5618,3223,2116,706,2517,361,878,1366,2436,-256,221,0,N\A
116,2009/08/13,6531,4250,2116,664,3165,325,665,2701,2494,-206,230,0,N\A
116,2009/08/29,6919,3291,2066,378,2076,193,534,4858,1478,1903,256,3,N\A
116,2009/09/14,6431,3417,2116,504,2321,274,536,147,2070,2021,260,0,N\A
116,2009/09/30,8244,6396,34897,407,4229,231,895,6043,3101,213,282,1,N\A
116,2009/10/16,8761,5759,34965,228,3454,109,588,4868,2543,2356,304,1,N\A
116,2009/11/01,8466,5227,2116,258,3106,138,471,2930,2739,2309,306,0,N\A
116,2009/11/17,7601,4529,2116,382,2803,231,628,1637,3409,2348,331,0,N\A
116,2009/12/03,7584,3994,34965,333,2424,178,693,6125,3391,2422,350,1,N\A
116,2009/12/19,3180,3133,34841,727,1405,1381,452,5561,3487,2388,359,1,N\A
117,2009/01/01,5736,4118,35878,827,3052,601,915,6036,4378,377,10,3,N\A
117,2009/01/17,5443,2600,2116,552,1871,334,399,1330,3672,363,29,0,N\A
117,2009/02/02,6417,2476,2185,384,1760,23,378,154,3443,2087,36,1,N\A
117,2009/02/18,6807,5398,34841,588,3096,668,653,4869,2292,2100,64,1,N\A
117,2009/03/06,7032,4677,2116,564,3237,311,586,1311,2618,106,77,0,N\A
117,2009/03/22,6257,4536,2116,826,3588,443,1169,2663,2590,46,86,0,N\A
117,2009/04/07,6413,4392,34842,660,3020,473,916,5577,1326,1673,103,3,N\A
117,2009/04/23,7345,4471,35038,459,2999,207,955,4888,1603,1373,128,3,N\A
117,2009/05/09,6374,9248,35878,673,3040,1424,1198,6125,1587,1211,142,3,N\A
117,2009/05/25,6777,3610,2116,471,2452,208,654,1609,2294,1311,155,0,N\A
117,2009/06/10,5886,3451,34842,687,2653,338,663,6053,3279,-374,170,3,N\A
117,2009/06/26,5120,2149,3226,535,1658,241,392,5530,2003,1224,183,3,N\A
117,2009/07/12,3046,839,34893,526,987,55,310,1546,2358,1382,203,1,N\A
117,2009/07/28,4937,2025,2185,564,1664,196,505,2737,2665,-303,214,1,N\A
117,2009/08/13,7857,5367,2116,426,3551,207,675,3844,2580,-129,239,0,N\A
117,2009/08/29,7489,5469,2186,548,3818,288,802,2719,2382,-66,246,3,N\A
117,2009/09/14,7291,4008,2116,399,2547,206,510,130,2066,2028,260,0,N\A
117,2009/09/30,7056,4442,34893,540,3129,240,616,1591,2234,2143,283,1,N\A
117,2009/10/16,4786,2633,2116,844,2394,366,1132,1347,2851,413,301,0,N\A
117,2009/11/01,3771,3327,34837,1608,3555,1143,1188,2691,3160,433,310,1,N\A
117,2009/11/17,4630,3076,3098,971,2646,648,924,3816,3779,456,335,3,N\A
117,2009/12/03,5077,2820,2116,696,2132,477,1124,2921,3438,2359,338,0,N\A
117,2009/12/19,3303,1237,34841,602,1196,374,352,4848,3514,2342,3,1,N\A
118,2009/01/01,4668,4753,2066,791,2176,1285,694,5668,3366,2355,7,3,N\A
118,2009/01/17,6281,3510,2116,560,2452,312,522,1094,3623,371,29,0,N\A
118,2009/02/02,7038,4835,2066,513,2952,456,567,4159,2975,2197,41,3,N\A
118,2009/02/18,8876,6219,34965,204,3427,226,716,5000,2246,2092,64,1,N\A
118,2009/03/06,7143,4679,2120,557,3343,240,591,4169,2125,2004,73,0,N\A
118,2009/03/22,7883,5012,34837,376,3177,195,644,3135,2051,1903,82,1,N\A
118,2009/04/07,6129,5111,35038,712,2967,828,976,5679,1313,1651,103,3,N\A
118,2009/04/23,6811,3926,2116,509,2684,252,663,3144,1760,1539,114,0,N\A
118,2009/05/09,2257,1869,34837,2769,4384,1253,2021,3644,2682,-377,143,1,N\A
118,2009/05/25,7354,4412,34897,427,2801,255,680,4159,2069,1266,153,1,N\A
118,2009/06/10,6510,4026,3098,609,2881,324,667,371,2508,1273,164,3,N\A
118,2009/06/26,5365,3043,2116,723,2397,398,504,2543,2824,-430,182,0,N\A
118,2009/07/12,6194,3228,35934,537,2285,263,491,4959,1946,1341,208,3,N\A
118,2009/07/28,6134,3655,2116,619,2584,381,722,2534,2669,-310,214,0,N\A
118,2009/08/13,7513,4999,2116,472,3325,252,730,2516,2503,-221,230,0,N\A
118,2009/08/29,8078,6937,3298,492,4630,356,1117,6459,3141,-106,243,3,N\A
118,2009/09/14,6261,4746,35037,1020,4437,341,1127,5362,2777,6,257,1,N\A
118,2009/09/30,7147,4089,2116,446,2681,226,687,1819,2187,2131,283,0,N\A
118,2009/10/16,7156,4502,2116,493,2975,287,727,1827,2562,2245,299,0,N\A
118,2009/11/01,6745,4696,3226,678,3489,346,1075,5353,3312,353,305,3,N\A
118,2009/11/17,5745,3951,34837,864,3198,482,1043,3654,3729,456,335,1,N\A
118,2009/12/03,5613,3781,2261,915,3257,435,1300,5352,3950,429,337,1,N\A
118,2009/12/19,6233,2884,35037,513,2211,76,527,4979,3461,2345,3,1,N\A