site-id,lat,lon,tile-h,tile-v,pixel-col,pixel_row
61,12.971637,120.830057,29,7,3718,3373
62,12.40737,121.046508,29,7,3945,3644
63,12.340134,121.170515,29,7,4018,3676
64,13.230624,121.257164,29,7,3858,3249
65,10.652135,119.493672,29,7,3568,4486
66,10.668567,119.470909,29,7,3554,4479
67,9.366401,118.456632,29,8,3301,304
68,8.714167,117.743065,29,8,3064,617
69,8.08227,123.506419,30,8,1094,920
70,7.868412,123.484973,30,8,1114,1023
71,7.786051,122.982379,30,8,887,1062
72,7.650617,122.850755,30,8,843,1127
73,7.507213,123.351302,30,8,1101,1196
74,7.861127,122.520327,30,8,657,1026
75,14.14799,122.924476,29,7,4414,2808
76,13.604707,123.122114,29,7,4640,3069
77,13.50613,123.277828,29,7,4736,3117
78,13.283444,123.527968,30,7,107,3223
79,12.927565,123.805392,30,7,320,3394
80,12.89,123.799085,30,7,326,3412
81,12.716405,124.008861,30,7,464,3496
82,10.898434,122.647957,30,7,209,4368
83,10.752442,122.485416,30,7,160,4438
84,11.363732,122.739258,30,7,159,4145
85,10.759446,121.998863,29,7,4729,4435
86,10.763421,121.986677,29,7,4723,4433
87,11.143128,122.468119,30,7,76,4251
88,10.556672,122.920172,30,7,403,4532
89,10.189371,122.944362,30,7,482,4709
90,9.963671,122.817143,30,8,463,17
91,9.119513,123.035243,30,8,710,422
92,9.889339,124.022938,30,8,1046,53
93,11.048044,124.527249,30,7,1065,4296
94,11.170972,124.512619,30,7,1033,4237
95,11.184684,124.942315,30,7,1233,4231
96,11.120902,124.96439,30,7,1256,4261
97,11.049578,124.990612,30,7,1283,4296
98,10.690659,125.000179,30,7,1358,4468
99,10.38718,124.763971,30,7,1305,4614
100,7.95065,123.737432,30,8,1223,983
101,7.944943,123.784221,30,8,1246,986
102,8.091085,124.233147,30,8,1438,916
103,8.27297,124.711303,30,8,1638,828
104,7.981357,125.161778,30,8,1895,968
105,7.83664,125.140285,30,8,1906,1038
106,7.659747,126.05561,30,8,2366,1123
107,7.414352,125.737122,30,8,2249,1241
108,6.939792,126.005324,30,8,2439,1468
109,6.703197,125.300778,30,8,2133,1582
110,7.056759,124.858556,30,8,1878,1412
111,6.54765,124.877744,30,8,1950,1657
112,6.538818,124.665855,30,8,1850,1661
113,6.647342,124.07798,30,8,1557,1609
114,9.299643,125.969187,30,8,2070,336
115,9.064081,125.596527,30,8,1933,449
116,8.922705,125.992527,30,8,2144,517
117,8.568238,125.894741,30,8,2155,687
118,8.060933,126.037643,30,8,2300,930
id,Date,250m 16 days NDVI,250m 16 days EVI,250m 16 days VI Quality,250m 16 days red reflectance,250m 16 days NIR reflectance,250m 16 days blue reflectance,250m 16 days MIR reflectance,250m 16 days view zenith angle,250m 16 days sun zenith angle,250m 16 days relative azimuth angle,250m 16 days composite day of the year,250m 16 days pixel reliability,actual_date
61,2006/01/01,3499,1410,2116,704,1462,300,649,233,4150,2313,8,0,N\A
61,2006/01/17,5371,1863,2116,377,1252,237,454,1626,3768,2250,31,0,N\A
61,2006/02/02,5827,2797,2116,538,2041,245,816,3740,4080,373,35,0,N\A
61,2006/02/18,6912,3362,2116,391,2142,196,531,243,3245,2194,56,0,N\A
61,2006/03/06,7728,3728,2116,284,2217,128,489,1708,2459,2029,79,0,N\A
61,2006/03/22,7350,4110,2116,401,2626,200,574,1203,2668,182,81,0,N\A
61,2006/04/07,7098,4062,2116,450,2652,240,592,279,2053,1775,104,0,N\A
61,2006/04/23,6207,3648,2116,609,2603,346,924,271,1931,1580,120,0,N\A
61,2006/05/09,5858,3900,2116,800,3063,448,1213,1212,2085,-235,129,0,N\A
61,2006/05/25,6537,3447,2116,477,2278,277,717,234,2104,1474,152,0,N\A
61,2006/06/10,6220,2916,2116,460,1974,234,577,1718,2123,1397,175,0,N\A
61,2006/06/26,4205,2610,2062,808,1981,746,645,2535,2537,-338,186,3,N\A
61,2006/07/12,4127,3001,2066,902,2170,936,600,5342,2943,-275,197,3,N\A
61,2006/07/28,3371,2667,2062,1213,2447,1088,1100,3004,1887,1536,214,3,N\A
61,2006/08/13,7090,3162,3226,324,1903,182,494,4043,1618,1763,237,3,N\A
61,2006/08/29,8203,5509,35037,340,3445,186,910,6448,3101,13,247,1,N\A
61,2006/09/14,6760,3459,2116,442,2287,214,674,1216,2274,138,257,0,N\A
61,2006/09/30,7387,4395,2257,421,2802,238,650,2609,2791,337,282,1,N\A
61,2006/10/16,6887,3780,2116,444,2409,277,726,188,2938,2289,296,0,N\A
61,2006/11/01,7001,4259,2116,488,2767,309,859,1239,3260,474,305,0,N\A
61,2006/11/17,7179,4984,2116,532,3240,380,1107,1203,3661,508,321,0,N\A
61,2006/12/03,5479,2854,2120,650,2226,310,883,4631,4378,480,348,1,N\A
61,2006/12/19,5221,2411,2116,588,1873,277,652,1718,4083,2344,2,0,N\A
62,2006/01/01,5269,3471,2116,968,3125,453,1536,558,4089,2319,8,0,N\A
62,2006/01/17,4721,2885,2116,961,2680,474,1583,1936,3708,2253,31,0,N\A
62,2006/02/02,4351,2972,2116,1193,3031,631,1950,959,3856,396,33,0,N\A
62,2006/02/18,3735,2358,2116,1312,2877,555,1750,3209,3032,2175,54,0,N\A
62,2006/03/06,3421,2631,2116,1767,3605,899,2881,2278,2936,201,74,0,N\A
62,2006/03/22,3558,2657,2116,1593,3353,847,2433,886,2622,164,81,0,N\A
62,2006/04/07,3661,2367,2116,1250,2694,659,2096,3247,1754,1820,102,0,N\A
62,2006/04/23,3424,2309,2185,1351,2758,751,2284,595,1915,1613,120,1,N\A
62,2006/05/09,5509,2743,34893,590,2038,318,764,1964,1899,1436,143,1,N\A
62,2006/05/25,6737,3369,2120,423,2170,233,525,5030,1571,1338,148,1,N\A
62,2006/06/10,7879,4857,34965,362,3052,184,674,5701,1651,1262,171,1,N\A
62,2006/06/26,3236,4700,4110,1676,3280,1974,1197,3456,2661,-355,179,3,N\A
62,2006/07/12,2118,1741,2066,1261,1939,1303,642,5060,1744,1362,196,3,N\A
62,2006/07/28,2877,2519,2066,1437,2598,1293,1073,6339,3172,-198,215,3,N\A
62,2006/08/13,4253,1700,34837,487,1208,471,171,3247,1767,1667,230,1,N\A
62,2006/08/29,8265,5312,34961,306,3222,178,621,3237,1741,1853,246,1,N\A
62,2006/09/14,7871,5272,2116,410,3443,203,825,904,2231,142,257,0,N\A
62,2006/09/30,7508,6273,34841,564,3963,507,668,5668,2116,2329,283,1,N\A
62,2006/10/16,7211,4768,2116,526,3247,285,859,3172,2660,2306,294,0,N\A
62,2006/11/01,5330,2803,2120,707,2321,289,1237,4236,3244,2392,317,0,N\A
62,2006/11/17,4130,2442,2116,1107,2665,448,1634,585,3685,2360,328,0,N\A
62,2006/12/03,4378,2332,2116,841,2151,421,686,2305,4132,504,346,0,N\A
62,2006/12/19,5144,3818,2189,1242,3874,546,1941,6351,4684,435,359,1,N\A
63,2006/01/01,3153,1564,2116,788,1514,619,1356,693,4076,2277,8,0,N\A
63,2006/01/17,5406,2589,2116,570,1912,317,951,2055,3695,2240,31,0,N\A
63,2006/02/02,6776,4249,2116,504,2623,424,984,2092,3316,2195,47,0,N\A
63,2006/02/18,7011,6997,2116,749,4263,827,1847,2177,3352,281,58,0,N\A
63,2006/03/06,5994,5617,2120,1286,5135,763,2313,5791,3371,137,78,1,N\A
63,2006/03/22,6348,5347,2116,836,3743,689,1780,753,2607,129,81,0,N\A
63,2006/04/07,4468,2319,2189,793,2074,403,1658,4333,1506,1737,109,1,N\A
63,2006/04/23,3346,2371,2116,1487,2983,818,2511,730,1903,1648,120,0,N\A
63,2006/05/09,4862,2013,34965,543,1571,275,1009,5734,1337,1353,139,1,N\A
63,2006/05/25,5339,3200,34966,889,2926,313,1494,4365,2661,-335,156,3,N\A
63,2006/06/10,6550,3896,2122,576,2764,291,1105,5755,1646,1258,171,3,N\A
63,2006/06/26,3549,1854,34837,716,1504,690,651,3350,2017,1359,182,1,N\A
63,2006/07/12,2129,1298,34838,1031,1589,937,675,2131,2502,-304,202,3,N\A
63,2006/07/28,3591,3300,2066,1168,2477,1276,977,6303,3163,-199,215,3,N\A
63,2006/08/13,3859,4461,2062,1148,2591,1519,1253,3350,1755,1658,230,3,N\A
63,2006/08/29,6904,3493,2116,406,2217,226,502,750,2166,-19,241,0,N\A
63,2006/09/14,8182,5474,2185,339,3392,198,682,769,2216,116,257,1,N\A
63,2006/09/30,7437,6527,35874,661,4499,502,856,2222,2721,338,282,3,N\A
63,2006/10/16,6356,3885,2116,646,2900,303,945,649,2865,2247,296,0,N\A
63,2006/11/01,5314,3222,2120,880,2876,356,1080,4323,3234,2390,317,0,N\A
63,2006/11/17,3812,2580,2120,1369,3056,657,2025,4370,4059,483,332,0,N\A
63,2006/12/03,2997,1249,2116,736,1366,423,1090,2110,3959,2358,351,0,N\A
63,2006/12/19,2885,1240,2116,779,1411,446,1268,3331,3937,2360,358,0,N\A
64,2006/01/01,5552,2856,2189,728,2546,134,768,4444,4472,435,12,1,N\A
64,2006/01/17,4729,3059,34837,1132,3164,447,843,1945,3766,2241,31,1,N\A
64,2006/02/02,8759,5050,2185,196,2965,58,646,1982,3381,2199,47,1,N\A
64,2006/02/18,8556,6207,2185,314,4038,123,804,2268,3405,297,58,1,N\A
64,2006/03/06,9020,6448,34965,205,3982,76,816,5049,2434,2157,68,1,N\A
64,2006/03/22,7171,4229,2185,529,3211,71,824,851,2644,162,81,1,N\A
64,2006/04/07,4749,2867,2185,958,2691,444,1500,631,2018,1836,104,1,N\A
64,2006/04/23,6245,4413,2261,878,3799,336,1163,5824,2768,-172,126,1,N\A
64,2006/05/09,6666,3501,3102,487,2435,193,775,6218,1060,1439,130,3,N\A
64,2006/05/25,3768,2527,34961,1170,2585,748,1486,586,2057,1406,152,1,N\A
64,2006/06/10,5204,2556,2116,639,2026,306,447,2037,2076,1383,175,0,N\A
64,2006/06/26,4822,2974,34842,750,2147,654,613,6327,3165,-292,183,3,N\A
64,2006/07/12,4136,1760,35874,674,1625,289,553,2055,2027,1501,207,3,N\A
64,2006/07/28,5790,4298,2066,794,2978,672,747,6327,3141,-185,215,3,N\A
64,2006/08/13,7387,3756,35878,282,1877,394,450,4255,1583,1775,237,3,N\A
64,2006/08/29,8254,4979,2116,283,2959,163,640,2018,1958,1969,255,0,N\A
64,2006/09/14,8259,4530,2116,251,2634,132,489,597,2205,2094,264,0,N\A
64,2006/09/30,7076,5117,2185,640,3738,326,982,2305,2779,356,282,1,N\A
64,2006/10/16,6894,4066,2116,517,2813,240,876,3181,2725,2306,294,0,N\A
64,2006/11/01,4548,2683,34837,709,1892,683,1440,603,3369,2310,312,1,N\A
64,2006/11/17,5383,3103,34961,683,2276,472,1072,859,3664,539,321,1,N\A
64,2006/12/03,4050,1770,2189,589,1391,480,596,4425,4377,481,348,1,N\A
64,2006/12/19,1520,1286,2062,1668,2266,1420,1312,3447,4359,495,355,3,N\A
65,2006/01/01,5874,8368,2062,888,3417,1492,1379,2321,3864,2300,6,3,N\A
65,2006/01/17,4957,3174,34961,977,2898,484,1064,634,3869,449,24,1,N\A
65,2006/02/02,4710,3444,2120,1339,3724,593,1417,4278,4003,345,35,0,N\A
65,2006/02/18,3369,2090,2062,1224,2468,658,1000,938,2877,2075,63,3,N\A
65,2006/03/06,5019,3781,34837,1267,3821,605,1389,3216,2984,161,74,1,N\A
65,2006/03/22,5639,3812,2066,870,3120,478,1111,4480,1919,1971,84,3,N\A
65,2006/04/07,7120,4363,34837,522,3103,193,1100,965,1948,1660,111,1,N\A
65,2006/04/23,6952,1771,34837,178,990,80,314,3510,1675,1494,125,1,N\A
65,2006/05/09,5435,8300,2062,1113,3764,1661,1678,1975,2263,-274,129,3,N\A
65,2006/05/25,5492,3848,35934,971,3337,506,904,6256,3155,-331,158,3,N\A
65,2006/06/10,1984,1719,34837,2688,4019,1439,1423,965,2348,1351,175,1,N\A
65,2006/06/26,4366,2892,34837,1081,2757,634,1196,3193,2746,-382,186,1,N\A
65,2006/07/12,5070,4659,2066,1292,3950,992,1015,5704,3137,-309,197,3,N\A
65,2006/07/28,3891,3792,2062,1389,3159,1310,1448,2358,2075,1479,214,3,N\A
65,2006/08/13,5869,3501,2116,701,2693,357,788,3529,1726,1687,237,0,N\A
65,2006/08/29,6218,2984,35037,487,2089,212,444,6360,1123,1900,249,1,N\A
65,2006/09/14,5143,3746,2116,1119,3489,585,1098,1976,2305,74,257,0,N\A
65,2006/09/30,3786,2421,2116,1331,2953,559,788,2012,2460,236,273,0,N\A
65,2006/10/16,2974,1618,2120,1214,2242,486,617,4421,2370,2303,292,0,N\A
65,2006/11/01,3145,2045,2185,1585,3040,635,1090,2003,3138,448,305,1,N\A
65,2006/11/17,6956,5664,34841,629,3504,612,875,6359,3225,2459,329,1,N\A
65,2006/12/03,7261,5493,34841,607,3826,376,904,5225,3593,2402,347,1,N\A
65,2006/12/19,5697,4037,3098,637,2324,760,855,534,4010,512,360,3,N\A
66,2006/01/01,4096,2258,34841,921,2199,477,820,5204,3620,2338,11,1,N\A
66,2006/01/17,3706,2599,34837,1545,3365,684,1269,847,3659,2206,31,1,N\A
66,2006/02/02,5176,3840,2120,1204,3788,559,1366,4298,4006,343,35,0,N\A
66,2006/02/18,2707,2677,34841,2295,3999,1581,1449,5832,2723,2233,50,1,N\A
66,2006/03/06,6030,3766,34837,757,3057,311,922,3500,2240,2015,77,1,N\A
66,2006/03/22,7012,4417,34841,572,3257,199,1126,4470,1921,1973,84,1,N\A
66,2006/04/07,4728,3525,34841,805,2249,912,805,5235,1373,1699,107,1,N\A
66,2006/04/23,5817,4195,34837,969,3665,455,1382,920,1970,1529,127,1,N\A
66,2006/05/09,5255,4926,35874,1282,4122,987,1531,2003,2265,-276,129,3,N\A
66,2006/05/25,3510,3500,34837,1453,3025,1402,1310,3482,1998,1322,157,1,N\A
66,2006/06/10,4698,3220,34898,1124,3116,586,800,5725,3068,-351,165,3,N\A
66,2006/06/26,4459,2491,2116,830,2166,499,1033,3211,2747,-368,186,0,N\A
66,2006/07/12,4518,4489,2066,1488,3941,1228,1079,5719,3139,-307,197,3,N\A
66,2006/07/28,3727,3873,2062,1742,3812,1454,1581,2339,2076,1484,214,3,N\A
66,2006/08/13,5013,2592,2116,718,2162,339,779,3510,1728,1684,237,0,N\A
66,2006/08/29,4397,2366,34893,856,2200,418,866,920,2010,1906,255,1,N\A
66,2006/09/14,3901,2304,2116,1153,2628,473,959,2003,2308,72,257,0,N\A
66,2006/09/30,485,226,2116,1401,1544,560,506,2030,2462,233,273,0,N\A
66,2006/10/16,3679,1978,2120,979,2119,478,851,4412,2372,2300,292,0,N\A
66,2006/11/01,3680,2053,2185,1002,2169,530,631,2021,3140,445,305,1,N\A
66,2006/11/17,5831,3666,34837,711,2700,454,611,3482,3498,2377,333,1,N\A
66,2006/12/03,8001,3250,34841,178,1603,228,617,5832,3432,2434,338,1,N\A
66,2006/12/19,5234,3917,34837,467,1493,1033,434,2312,3855,2336,358,1,N\A
67,2006/01/01,8045,6496,35878,409,3777,436,833,4868,3545,2327,11,3,N\A
67,2006/01/17,6655,3822,2116,528,2629,274,952,144,3621,2252,31,0,N\A
67,2006/02/02,5978,4453,34837,938,3727,493,1326,2673,3797,356,33,1,N\A
67,2006/02/18,5273,2816,35878,579,1871,517,768,4024,2823,2158,52,3,N\A
67,2006/03/06,2659,1157,2185,948,1635,331,1023,234,2485,1989,79,1,N\A
67,2006/03/22,4977,3192,35878,912,2720,538,1588,6484,3252,-23,94,3,N\A
67,2006/04/07,4021,2075,2116,779,1827,517,1295,1239,2240,-97,104,0,N\A
67,2006/04/23,5400,2458,2116,525,1758,316,471,228,2102,1595,127,0,N\A
67,2006/05/09,5987,4001,2116,801,3192,408,990,2618,2394,-303,129,0,N\A
67,2006/05/25,8286,4834,2116,266,2838,151,618,2967,2150,1313,157,0,N\A
67,2006/06/10,6320,3502,34837,507,2249,381,482,244,2498,1404,175,1,N\A
67,2006/06/26,6756,4380,2116,633,3270,269,783,3739,2891,-386,186,0,N\A
67,2006/07/12,4020,1799,34961,716,1679,346,569,263,2410,1514,207,1,N\A
67,2006/07/28,5334,2577,36074,648,2130,219,794,5604,1730,1357,210,3,N\A
67,2006/08/13,4055,1901,34965,790,1868,325,787,5405,2887,-138,236,1,N\A
67,2006/08/29,3717,1750,2116,802,1751,401,976,230,2063,1973,255,0,N\A
67,2006/09/14,3537,1994,2062,949,1988,621,955,2627,2362,54,257,3,N\A
67,2006/09/30,6855,5500,35038,690,3699,555,1086,5447,3018,245,284,3,N\A
67,2006/10/16,6743,3869,2116,500,2571,292,711,1330,2785,387,296,0,N\A
67,2006/11/01,7686,4112,34837,318,2431,199,619,1663,2955,2289,310,1,N\A
67,2006/11/17,7979,5236,34893,373,3319,199,743,2958,3416,2360,333,1,N\A
67,2006/12/03,6406,4993,34965,723,3301,631,1231,4882,3505,2386,347,1,N\A
67,2006/12/19,5235,3623,2189,1163,3719,408,1297,4681,4187,439,355,1,N\A
68,2006/01/01,6443,3546,2185,526,2432,287,896,417,3824,476,15,1,N\A
68,2006/01/17,7228,3400,2116,329,2045,187,662,1055,3656,2235,22,0,N\A
68,2006/02/02,7009,3941,2116,449,2554,253,1081,2487,3113,2164,45,0,N\A
68,2006/02/18,4322,2569,2116,1069,2697,436,1653,344,2902,202,63,0,N\A
68,2006/03/06,4779,2245,2116,656,1857,323,1330,2532,2288,1964,77,0,N\A
68,2006/03/22,5850,2726,2189,506,1933,251,960,5360,1756,1965,82,1,N\A
68,2006/04/07,4962,2683,2116,765,2272,376,1258,317,2131,-193,111,0,N\A
68,2006/04/23,4369,2565,2116,978,2496,476,2006,336,2188,-359,127,0,N\A
68,2006/05/09,6398,3263,34842,500,2277,222,1133,5350,1560,1348,130,3,N\A
68,2006/05/25,6779,4439,34897,610,3178,317,1344,6210,3184,-347,149,1,N\A
68,2006/06/10,4083,2375,2062,781,1859,693,1172,2542,2347,1311,173,3,N\A
68,2006/06/26,5750,2966,34842,525,1946,416,735,5966,1925,1210,185,3,N\A
68,2006/07/12,2918,2360,2062,1371,2501,1168,1112,3043,2840,-389,193,3,N\A
68,2006/07/28,3935,2475,2066,944,2169,728,642,6197,3288,-268,213,3,N\A
68,2006/08/13,5705,2724,34961,536,1960,281,1154,2542,1900,1635,237,1,N\A
68,2006/08/29,6299,3477,2120,554,2440,294,896,4132,2575,-33,250,0,N\A
68,2006/09/14,7568,3860,35038,321,2319,174,749,5350,1400,1935,258,3,N\A
68,2006/09/30,6950,3529,2185,405,2251,214,635,2459,2218,2169,285,1,N\A
68,2006/10/16,6104,3090,2116,531,2195,256,1057,1083,2532,2192,294,0,N\A
68,2006/11/01,5750,2731,2116,548,2031,233,650,2523,3034,2329,317,0,N\A
68,2006/11/17,5144,2756,2116,741,2311,336,863,1793,3516,487,328,0,N\A
68,2006/12/03,5141,2626,2116,687,2141,323,1080,344,3790,474,351,0,N\A
68,2006/12/19,5387,2545,2116,580,1935,281,943,1155,3761,2303,358,0,N\A
69,2006/01/01,2505,931,2116,736,1228,325,185,2312,3679,2296,1,0,N\A
69,2006/01/17,8205,5018,2189,297,3014,168,540,4416,3201,2239,31,1,N\A
69,2006/02/02,8106,5992,2185,431,4121,175,599,2085,3465,305,44,1,N\A
69,2006/02/18,8367,5558,34961,303,3408,168,632,875,2896,2043,58,1,N\A
69,2006/03/06,7241,5645,2116,695,4344,314,887,3287,3036,151,69,0,N\A
69,2006/03/22,4480,2223,2116,747,1960,374,767,911,2192,1828,90,0,N\A
69,2006/04/07,5454,2509,2116,537,1826,294,591,3510,1745,1661,104,0,N\A
69,2006/04/23,6469,3064,2120,432,2015,226,643,4461,1712,1390,127,0,N\A
69,2006/05/09,4189,1944,2185,733,1790,346,569,2066,2503,-385,140,1,N\A
69,2006/05/25,3123,1279,2116,753,1437,346,217,2057,2659,-438,156,0,N\A
69,2006/06/10,2731,1098,34893,773,1354,369,285,606,2594,-432,163,1,N\A
69,2006/06/26,7969,5405,2189,395,3496,203,752,4277,3040,-391,190,1,N\A
69,2006/07/12,7599,5115,2185,432,3167,319,624,571,2641,-460,195,1,N\A
69,2006/07/28,8402,5235,2116,274,3157,138,553,3515,2066,1429,216,0,N\A
69,2006/08/13,8610,5679,2185,255,3415,138,610,3510,1856,1554,232,1,N\A
69,2006/08/29,8013,4805,2116,332,3011,142,472,3491,1708,1739,248,0,N\A
69,2006/09/14,7587,4739,3222,425,3099,206,590,2285,1843,1843,257,3,N\A
69,2006/09/30,5880,3325,36070,640,2467,343,698,2258,1976,2050,273,3,N\A
69,2006/10/16,4160,1957,2185,762,1848,340,622,830,2605,2203,298,1,N\A
69,2006/11/01,5002,2105,2116,538,1615,274,471,3482,2796,2328,312,0,N\A
69,2006/11/17,4020,1898,2116,786,1843,352,607,3287,3512,449,325,0,N\A
69,2006/12/03,3033,1267,2120,791,1480,351,341,4307,4009,444,350,0,N\A
69,2006/12/19,2820,1173,2116,816,1457,360,264,2285,3618,2335,353,0,N\A
70,2006/01/01,8319,6066,2116,352,3836,212,780,2067,3898,416,12,0,N\A
70,2006/01/17,7230,4716,2116,489,3042,326,896,3435,3399,2244,24,0,N\A
70,2006/02/02,3725,2958,34841,1025,2242,1081,1170,5855,2669,2216,45,1,N\A
70,2006/02/18,5172,2602,2189,685,2153,288,1176,4470,2383,2076,63,1,N\A
70,2006/03/06,2940,5228,2189,1948,3571,2333,3452,4287,2989,76,78,1,N\A
70,2006/03/22,5268,4264,2065,1203,3882,719,1641,5104,2986,10,87,1,N\A
70,2006/04/07,6762,3699,35037,516,2672,160,863,6384,1167,1699,100,1,N\A
70,2006/04/23,4508,2574,2116,891,2354,466,1533,920,2079,1497,122,0,N\A
70,2006/05/09,3579,1540,2185,739,1563,350,492,2049,2515,-404,140,1,N\A
70,2006/05/25,3009,1273,34893,791,1472,380,375,2039,2672,-434,156,1,N\A
70,2006/06/10,2066,808,34961,856,1302,353,261,2312,2361,1290,161,1,N\A
70,2006/06/26,7792,5390,2061,439,3538,240,713,948,2561,1364,186,1,N\A
70,2006/07/12,8614,7016,3226,345,4636,189,813,5093,3158,-352,199,3,N\A
70,2006/07/28,6960,6046,2062,704,3928,643,752,3240,2790,-321,213,3,N\A
70,2006/08/13,7046,5590,2185,705,4069,434,861,2003,2410,-169,236,1,N\A
70,2006/08/29,4767,2563,2116,771,2176,413,694,921,2001,1777,250,0,N\A
70,2006/09/14,4428,3450,2066,1073,2779,914,797,5775,2917,119,272,3,N\A
70,2006/09/30,3307,2586,2066,1136,2259,1096,953,4336,2799,257,286,3,N\A
70,2006/10/16,887,411,34837,960,1147,741,257,857,2588,2237,298,1,N\A
70,2006/11/01,1965,781,2185,850,1266,407,264,2021,3206,454,316,1,N\A
70,2006/11/17,3383,1417,2116,743,1503,341,438,3501,3160,2352,328,0,N\A
70,2006/12/03,8446,6504,2120,349,4145,220,836,4297,3993,439,350,0,N\A
70,2006/12/19,8904,6117,34965,213,3676,107,745,5246,3425,2374,358,1,N\A
71,2006/01/01,7997,4982,2116,342,3074,189,509,1918,3680,2286,1,0,N\A
71,2006/01/17,7994,5280,2116,378,3391,186,654,3088,3421,2241,24,0,N\A
71,2006/02/02,7108,4445,2116,512,3030,259,673,1827,3367,2190,33,0,N\A
71,2006/02/18,5168,3037,2116,845,2653,379,846,1076,3212,270,51,0,N\A
71,2006/03/06,5615,4037,2120,982,3497,509,1308,4561,3034,71,78,1,N\A
71,2006/03/22,6080,4163,2120,798,3274,426,940,5321,3032,0,87,1,N\A
71,2006/04/07,5291,2732,2116,633,2056,378,474,3172,1799,1652,104,0,N\A
71,2006/04/23,2604,1176,2116,947,1614,417,232,2433,2422,-299,124,0,N\A
71,2006/05/09,3989,2236,3154,995,2316,469,755,2460,2560,-385,140,3,N\A
71,2006/05/25,3754,1826,2116,874,1925,371,450,2452,2717,-437,156,0,N\A
71,2006/06/10,4168,1964,2116,770,1871,331,479,1049,2651,-476,163,0,N\A
71,2006/06/26,6166,3777,3098,611,2577,431,540,1030,2724,-447,179,3,N\A
71,2006/07/12,7869,6374,34966,547,4589,269,804,5310,3204,-353,199,3,N\A
71,2006/07/28,8270,5458,2185,309,3264,211,572,1928,2337,1398,209,1,N\A
71,2006/08/13,7130,5520,2189,683,4077,374,952,5321,2955,-193,231,1,N\A
71,2006/08/29,6069,3497,2116,619,2531,344,541,3163,1756,1728,248,0,N\A
71,2006/09/14,6535,3186,35878,471,2248,151,573,6218,1185,1972,260,3,N\A
71,2006/09/30,2883,2652,35878,775,1403,1351,766,4149,2051,2213,287,3,N\A
71,2006/10/16,2258,1042,2185,994,1574,483,404,388,2614,2160,298,1,N\A
71,2006/11/01,4720,2596,2116,836,2331,394,766,2433,3228,440,316,0,N\A
71,2006/11/17,6786,3988,2116,535,2795,245,650,2452,3567,459,332,0,N\A
71,2006/12/03,7481,4361,2116,404,2804,196,647,1086,3605,462,339,0,N\A
71,2006/12/19,7907,6172,2116,507,4339,248,895,3610,3984,442,357,0,N\A
72,2006/01/01,8037,6136,2116,454,4172,233,710,2572,3922,415,12,0,N\A
72,2006/01/17,7578,5082,2116,460,3340,258,719,1248,3771,384,19,0,N\A
72,2006/02/02,5768,4306,34841,842,3138,648,1058,5636,2690,2212,45,1,N\A
72,2006/02/18,4221,2365,2116,937,2306,461,659,1176,3214,254,51,0,N\A
72,2006/03/06,5290,3724,2120,1048,3403,518,1513,4618,3041,70,78,1,N\A
72,2006/03/22,6136,4245,2120,809,3379,413,1071,5363,3042,0,87,1,N\A
72,2006/04/07,3974,2860,2189,1774,4114,574,1084,5968,2991,-180,112,1,N\A
72,2006/04/23,5441,3009,2120,660,2236,414,561,4130,1788,1391,127,0,N\A
72,2006/05/09,1943,1001,2116,1283,1902,554,227,2553,2578,-392,140,0,N\A
72,2006/05/25,2334,1529,34837,1496,2407,866,727,2535,2734,-444,156,1,N\A
72,2006/06/10,4302,3174,2066,1191,2990,796,754,4611,3098,-414,174,3,N\A
72,2006/06/26,7373,5201,2189,555,3671,270,678,4605,3116,-390,190,1,N\A
72,2006/07/12,7626,7683,34841,702,5213,633,963,5362,3222,-350,199,1,N\A
72,2006/07/28,8286,7072,34837,428,4567,334,890,2497,2645,-286,220,1,N\A
72,2006/08/13,2824,1666,34837,837,1496,884,313,3107,1926,1551,232,1,N\A
72,2006/08/29,7411,4412,34965,429,2886,205,635,6195,1193,1664,244,1,N\A
72,2006/09/14,6712,3706,34965,514,2613,205,680,6184,1190,1959,260,1,N\A
72,2006/09/30,3821,2134,2257,1071,2396,440,259,281,2273,2022,282,1,N\A
72,2006/10/16,3343,2029,3102,1116,2237,683,439,6484,3391,273,297,3,N\A
72,2006/11/01,2142,1187,2116,1328,2052,637,303,1175,2922,419,307,0,N\A
72,2006/11/17,7038,4763,2116,579,3331,315,861,2534,3563,470,332,0,N\A
72,2006/12/03,8452,7248,2120,416,4962,237,920,4631,4013,432,350,1,N\A
72,2006/12/19,7959,4745,2116,338,2975,148,505,1791,3611,2305,353,0,N\A
73,2006/01/01,7184,4133,2120,430,2625,257,802,4402,3403,2286,15,0,N\A
73,2006/01/17,6385,4660,34897,798,3618,437,1465,5186,4117,344,23,1,N\A
73,2006/02/02,5108,2714,2189,732,2261,343,1301,5833,2649,2210,45,1,N\A
73,2006/02/18,4989,2346,2120,592,1771,368,1152,4441,2370,2072,63,0,N\A
73,2006/03/06,4903,2852,2189,833,2436,451,1131,4317,2989,70,78,1,N\A
73,2006/03/22,6059,4446,2066,791,3224,572,1439,5780,3034,-69,96,3,N\A
73,2006/04/07,6351,4311,2189,724,3245,396,1131,5780,2945,-186,112,1,N\A
73,2006/04/23,7390,3949,2189,368,2453,195,752,5855,1478,1329,125,1,N\A
73,2006/05/09,6161,3773,3222,702,2956,298,915,2094,2542,-407,140,3,N\A
73,2006/05/25,6772,4135,34841,491,2552,405,573,6349,1742,1163,148,1,N\A
73,2006/06/10,7036,4228,2116,494,2840,258,472,633,2638,-482,163,0,N\A
73,2006/06/26,5777,3437,34842,702,2623,382,614,5120,3212,-396,183,3,N\A
73,2006/07/12,4063,6916,2066,1089,2580,1830,1050,6372,1879,1206,196,3,N\A
73,2006/07/28,4369,3586,3098,759,1937,1104,882,3501,2104,1418,216,3,N\A
73,2006/08/13,3674,2543,34837,1185,2562,818,1335,2294,2120,1488,225,1,N\A
73,2006/08/29,4837,2205,2185,629,1808,296,419,624,2209,-100,243,1,N\A
73,2006/09/14,5323,2788,3222,651,2133,367,612,2094,2317,113,268,3,N\A
73,2006/09/30,7048,3575,35874,416,2403,134,366,2131,2503,255,284,3,N\A
73,2006/10/16,5714,2925,2116,574,2105,329,439,2193,2256,2175,289,0,N\A
73,2006/11/01,6581,3934,2116,555,2692,326,516,3324,3122,397,309,0,N\A
73,2006/11/17,6767,3706,2116,463,2402,280,552,3472,3132,2346,328,0,N\A
73,2006/12/03,5887,2931,34837,533,2059,299,802,830,3580,2284,346,1,N\A
73,2006/12/19,6623,3695,2116,486,2393,321,987,2257,3573,2318,353,0,N\A
74,2006/01/01,6815,3970,34893,517,2730,253,662,1490,3710,2281,1,1,N\A
74,2006/01/17,4524,3448,3102,1158,3072,819,1863,6128,4216,296,32,3,N\A
74,2006/02/02,3738,2422,35874,1186,2602,681,1634,1400,3402,2188,33,3,N\A
74,2006/02/18,5089,3171,3102,757,2326,600,1496,4778,2588,2138,54,3,N\A
74,2006/03/06,3715,1986,2185,953,2080,482,861,11,2585,-116,74,1,N\A
74,2006/03/22,3839,2432,2120,1210,2718,597,1274,5521,3078,3,87,1,N\A
74,2006/04/07,1649,917,2116,1423,1985,695,357,2810,1843,1658,104,0,N\A
74,2006/04/23,4835,3232,2116,963,2766,613,694,2821,2461,-295,124,0,N\A
74,2006/05/09,4180,2592,34961,1026,2500,592,465,2848,2596,-381,140,1,N\A
74,2006/05/25,5808,3738,2116,830,3130,364,600,2839,2750,-432,156,0,N\A
74,2006/06/10,8033,5082,2116,344,3154,186,475,2800,2368,1285,168,0,N\A
74,2006/06/26,7671,6478,2065,576,4372,424,783,4800,3134,-386,190,1,N\A
74,2006/07/12,7490,6260,36002,644,4489,400,846,5515,3241,-347,199,3,N\A
74,2006/07/28,4703,3170,34837,821,2279,761,490,2819,2161,1427,216,1,N\A
74,2006/08/13,6219,4715,35878,867,3720,506,1321,5521,2998,-195,231,3,N\A
74,2006/08/29,2254,1050,2116,950,1503,539,345,29,2096,448,250,0,N\A
74,2006/09/14,1948,1522,2066,1452,2155,1243,462,6116,3006,116,272,3,N\A
74,2006/09/30,1404,2446,2062,3561,4725,3226,2303,2886,2593,262,284,3,N\A
74,2006/10/16,5148,2896,34961,735,2295,432,445,3871,2508,2303,303,1,N\A
74,2006/11/01,7792,5486,34961,435,3506,283,628,2821,3263,433,316,1,N\A
74,2006/11/17,8332,6496,2116,368,4046,280,797,2839,3600,464,332,0,N\A
74,2006/12/03,7770,5715,2116,490,3906,254,703,2839,3845,464,348,0,N\A
74,2006/12/19,6447,4499,2116,809,3746,304,968,3931,4018,444,357,0,N\A
75,2006/01/01,3920,2389,34965,1183,2709,512,887,5847,4750,434,7,1,N\A
75,2006/01/17,8135,6559,35037,512,4981,136,1045,5259,4432,386,30,1,N\A
75,2006/02/02,6562,4732,34961,591,2848,596,812,467,3883,2247,33,1,N\A
75,2006/02/18,8006,7926,35037,697,6295,376,1287,5847,4014,279,55,1,N\A
75,2006/03/06,7107,4441,2116,519,3069,244,582,1945,2696,2103,72,0,N\A
75,2006/03/22,5712,3583,2116,802,2939,379,972,549,2552,2017,81,0,N\A
75,2006/04/07,4617,2626,2120,896,2433,424,1336,4197,1633,1885,102,0,N\A
75,2006/04/23,4008,2137,2116,929,2172,428,1165,3172,1575,1588,127,0,N\A
75,2006/05/09,3581,2408,2061,1396,2954,688,1757,531,1869,1620,129,1,N\A
75,2006/05/25,4407,2834,2116,1076,2772,569,1107,2342,2245,-294,147,0,N\A
75,2006/06/10,4614,2710,2116,873,2369,508,455,1955,1990,1408,168,0,N\A
75,2006/06/26,4497,2442,34842,794,2092,476,524,5663,1542,1316,180,3,N\A
75,2006/07/12,7084,5353,35874,587,3440,485,655,3205,1850,1517,207,3,N\A
75,2006/07/28,7798,6777,35874,580,4688,402,865,3460,2513,-158,220,3,N\A
75,2006/08/13,7932,6806,36074,594,5153,263,927,6339,3065,-14,240,3,N\A
75,2006/08/29,6504,5214,2116,882,4164,496,1176,2296,2332,25,243,0,N\A
75,2006/09/14,5844,3346,34961,675,2574,325,691,1927,2131,2091,264,1,N\A
75,2006/09/30,3148,2942,34837,1605,3080,1357,1424,995,2734,370,282,1,N\A
75,2006/10/16,4409,2401,2116,866,2232,428,1041,1882,2932,2313,296,0,N\A
75,2006/11/01,4197,2064,2116,795,1945,372,565,505,3258,2347,305,0,N\A
75,2006/11/17,3105,1552,2116,959,1823,489,385,2305,3861,524,323,0,N\A
75,2006/12/03,1972,1182,34837,1445,2155,775,414,3503,4371,505,348,1,N\A
75,2006/12/19,1116,2390,2066,3282,4107,3356,2335,5207,4643,457,1,3,N\A
76,2006/01/01,3900,1551,2185,659,1502,249,713,3350,3960,2326,15,1,N\A
76,2006/01/17,3489,1484,34961,738,1529,351,497,3325,4205,405,28,1,N\A
76,2006/02/02,3274,1098,2116,575,1135,245,337,767,3826,2267,33,0,N\A
76,2006/02/18,5918,3125,2116,602,2348,266,830,661,3292,316,58,0,N\A
76,2006/03/06,4179,3403,2257,1391,3389,941,1659,3259,3033,198,76,1,N\A
76,2006/03/22,5728,3149,2116,632,2327,355,858,848,2505,2034,81,0,N\A
76,2006/04/07,5484,3950,2116,1038,3559,511,1260,3250,2386,-36,108,0,N\A
76,2006/04/23,6113,3338,2185,587,2434,283,901,2229,1708,1660,120,1,N\A
76,2006/05/09,5452,1813,3098,372,1264,160,460,3378,1672,1442,143,3,N\A
76,2006/05/25,5963,3097,2116,572,2262,274,921,3397,1814,1381,159,0,N\A
76,2006/06/10,5886,2865,34837,502,1939,322,1057,2229,1999,1402,168,1,N\A
76,2006/06/26,5109,4126,2066,1036,3201,840,709,5719,2986,-293,183,3,N\A
76,2006/07/12,5048,4352,2066,953,2896,994,956,4251,2718,-279,197,3,N\A
76,2006/07/28,5450,3420,2066,687,2333,590,602,4402,1662,1534,214,3,N\A
76,2006/08/13,6193,5585,35878,900,3829,816,904,6256,3040,-26,240,3,N\A
76,2006/08/29,5312,3473,34841,1033,3374,363,737,5777,1304,1919,244,1,N\A
76,2006/09/14,6804,4850,36074,570,2997,521,1123,4362,1811,2107,262,3,N\A
76,2006/09/30,5739,3602,34841,611,2257,600,591,6264,2149,2383,283,1,N\A
76,2006/10/16,5836,2770,2120,515,1959,269,668,4333,2675,2345,294,0,N\A
76,2006/11/01,4406,2187,34961,712,1834,438,885,2067,3409,476,307,1,N\A
76,2006/11/17,4510,2236,2189,737,1948,378,586,5726,4218,462,327,1,N\A
76,2006/12/03,1326,469,34893,762,995,423,501,2076,4116,523,339,1,N\A
76,2006/12/19,201,59,2185,706,735,371,190,2049,4298,516,355,1,N\A
77,2006/01/01,7973,5163,2116,377,3343,166,679,3471,3944,2317,15,0,N\A
77,2006/01/17,7359,6102,35037,706,4642,367,1130,5033,4358,377,30,1,N\A
77,2006/02/02,6690,4241,2116,605,3051,302,792,1949,3958,384,35,0,N\A
77,2006/02/18,5971,3236,2116,587,2327,321,742,489,3273,293,58,0,N\A
77,2006/03/06,7275,4168,2185,413,2619,249,718,3538,2294,2064,79,1,N\A
77,2006/03/22,7309,5820,34841,661,4253,372,1371,5660,3165,102,87,1,N\A
77,2006/04/07,6976,5363,2116,742,4167,354,1210,3128,2371,-40,108,0,N\A
77,2006/04/23,6845,4021,2116,525,2804,238,830,3529,1552,1570,127,0,N\A
77,2006/05/09,6827,4335,2116,561,2976,322,881,992,1847,1565,129,0,N\A
77,2006/05/25,5846,3719,34897,770,2938,398,867,4190,2524,-295,149,1,N\A
77,2006/06/10,5691,4160,2066,804,2928,665,845,4992,2809,-317,174,3,N\A
77,2006/06/26,5008,3619,2066,772,2321,834,692,5854,1554,1288,180,3,N\A
77,2006/07/12,5710,5217,2062,887,3249,967,848,3557,1837,1495,207,3,N\A
77,2006/07/28,7456,5315,34841,529,3630,296,704,5245,1456,1589,221,1,N\A
77,2006/08/13,5858,4821,2062,1016,3891,1799,1517,3538,1691,1807,239,3,N\A
77,2006/08/29,7812,4931,34897,389,3167,189,645,4480,1576,1907,246,1,N\A
77,2006/09/14,6537,5956,35878,651,3109,893,1306,4461,1793,2109,262,3,N\A
77,2006/09/30,6293,2985,36074,487,2141,162,724,6323,2133,2387,283,3,N\A
77,2006/10/16,6503,3308,2120,462,2181,262,683,4431,2660,2349,294,0,N\A
77,2006/11/01,6351,3646,2120,565,2532,325,986,4181,3614,453,309,0,N\A
77,2006/11/17,7768,6042,2120,508,4045,328,939,4171,3987,490,325,0,N\A
77,2006/12/03,7215,4608,34961,506,3129,258,809,499,4126,570,346,1,N\A
77,2006/12/19,7344,4808,35037,515,3364,219,876,5843,3863,2420,356,1,N\A
78,2006/01/01,2182,1723,34961,1379,2149,1234,1444,228,4186,535,10,1,N\A
78,2006/01/17,6767,6387,2066,713,3698,839,1320,6133,4509,351,32,3,N\A
78,2006/02/02,6972,2982,34893,333,1867,134,435,1209,3776,2222,33,1,N\A
78,2006/02/18,8695,4300,34961,162,2321,99,385,202,3239,249,58,1,N\A
78,2006/03/06,8830,6473,34893,246,3962,145,554,3737,2261,2063,79,1,N\A
78,2006/03/22,8292,5452,2116,311,3331,180,591,1300,2453,2032,81,0,N\A
78,2006/04/07,4324,3015,2116,1261,3183,642,1572,2895,2343,-44,108,0,N\A
78,2006/04/23,3779,1871,34893,841,1863,434,765,2615,1671,1633,120,1,N\A
78,2006/05/09,3133,1482,2116,870,1664,466,644,1272,1828,1562,129,0,N\A
78,2006/05/25,3653,1415,34897,608,1308,346,584,4007,2507,-302,149,1,N\A
78,2006/06/10,4726,2090,35874,448,1251,578,635,2615,1982,1372,168,3,N\A
78,2006/06/26,4570,1865,34838,446,1197,508,224,2633,2032,1392,184,3,N\A
78,2006/07/12,6020,6549,2062,976,3929,1135,962,3964,2690,-287,197,3,N\A
78,2006/07/28,7280,7388,2066,749,4759,758,1021,5531,2925,-190,215,3,N\A
78,2006/08/13,8100,5224,3294,364,3469,106,686,165,2112,-4,234,3,N\A
78,2006/08/29,6681,4604,2185,694,3488,331,1060,1620,2254,19,243,1,N\A
78,2006/09/14,6065,4934,34842,710,2899,809,1007,4628,1759,2111,262,3,N\A
78,2006/09/30,4232,2977,2061,1067,2633,785,1195,245,2628,405,282,1,N\A
78,2006/10/16,5568,2697,2120,551,1936,321,747,4598,2628,2352,294,1,N\A
78,2006/11/01,5054,3054,2120,865,2633,447,1208,5553,3814,432,311,1,N\A
78,2006/11/17,5065,2474,2116,640,1954,336,689,3988,3955,491,325,0,N\A
78,2006/12/03,3706,1301,34893,557,1213,261,387,211,4094,616,346,1,N\A
78,2006/12/19,4311,1636,35037,539,1356,281,385,5954,3834,2429,356,1,N\A
79,2006/01/01,5575,2700,35033,580,2042,265,561,3908,3867,2323,15,1,N\A
79,2006/01/17,8300,5688,34841,338,3640,154,820,5481,3491,2320,29,1,N\A
79,2006/02/02,6916,3987,2116,486,2666,255,589,1366,3878,397,35,0,N\A
79,2006/02/18,5566,3350,2116,778,2732,376,913,143,3194,2082,58,0,N\A
79,2006/03/06,4496,3382,2116,1393,3669,694,1987,2636,2939,200,76,0,N\A
79,2006/03/22,3770,2653,2116,1469,3247,708,2267,1293,2625,166,83,0,N\A
79,2006/04/07,5383,2342,2189,526,1753,242,673,6083,1266,1919,100,1,N\A
79,2006/04/23,4959,2869,2116,834,2475,424,1570,3966,1514,1542,127,0,N\A
79,2006/05/09,5040,3252,34893,897,2720,545,954,2664,2294,-289,140,1,N\A
79,2006/05/25,4433,2837,2116,1025,2658,589,1177,1339,2208,-331,147,0,N\A
79,2006/06/10,4964,4538,2066,1296,3851,1007,1774,4670,2784,-331,174,3,N\A
79,2006/06/26,5487,4196,2066,741,2543,834,1076,4838,1781,1330,182,3,N\A
79,2006/07/12,4375,4754,2066,1574,4023,1412,1435,6471,3233,-244,201,3,N\A
79,2006/07/28,3991,2978,34842,1163,2708,896,917,4848,1616,1505,214,3,N\A
79,2006/08/13,4604,2762,3226,1064,2880,377,618,5992,2966,-37,240,3,N\A
79,2006/08/29,1874,1452,34837,2852,4168,1151,1557,1294,2219,-6,243,1,N\A
79,2006/09/14,7816,5354,35874,429,3501,231,858,2874,1984,2081,264,3,N\A
79,2006/09/30,5611,5666,34838,984,3500,1107,729,3918,2443,2293,287,3,N\A
79,2006/10/16,7002,3875,34961,437,2479,257,438,1527,2666,2269,289,1,N\A
79,2006/11/01,5863,4032,2116,860,3298,446,1020,3778,3535,457,309,0,N\A
79,2006/11/17,3915,2115,2116,903,2065,500,636,1609,3523,2348,321,0,N\A
79,2006/12/03,1921,993,2116,1215,1793,606,433,136,4049,2450,346,0,N\A
79,2006/12/19,4707,2990,35878,872,2423,625,657,6073,3792,2427,356,3,N\A
80,2006/01/01,5920,5481,34841,1053,4109,865,1100,5416,4594,427,7,1,N\A
80,2006/01/17,7780,2588,34837,161,1290,180,372,88,3950,2611,26,1,N\A
80,2006/02/02,7389,4441,2116,427,2844,240,570,1366,3876,412,35,0,N\A
80,2006/02/18,5261,3206,2116,862,2776,403,1230,149,3192,2293,58,0,N\A
80,2006/03/06,4823,2653,2116,863,2471,333,1147,3975,2214,2057,79,0,N\A
80,2006/03/22,3816,2247,2116,1164,2601,480,1736,1617,2410,1997,81,0,N\A
80,2006/04/07,3530,2350,2116,1463,3060,647,1841,2618,2312,-55,108,0,N\A
80,2006/04/23,4262,2358,2116,949,2359,414,1572,3966,1516,1539,127,0,N\A
80,2006/05/09,3056,1753,2116,1263,2375,546,1103,2664,2296,-282,140,0,N\A
80,2006/05/25,3262,1900,2116,1264,2488,530,1859,3957,1796,1345,159,0,N\A
80,2006/06/10,4650,4048,2066,1412,3867,957,1531,6472,3168,-299,169,3,N\A
80,2006/06/26,3067,2797,34841,1121,2113,1330,306,6472,3230,-290,185,1,N\A
80,2006/07/12,4887,4845,2066,1308,3809,1167,1142,6471,3235,-249,201,3,N\A
80,2006/07/28,5411,2674,34897,599,2012,320,414,4847,1618,1509,214,1,N\A
80,2006/08/13,6964,4499,34965,615,3437,193,753,5992,2966,-41,240,1,N\A
80,2006/08/29,4665,3344,2116,1235,3395,621,1859,3759,2516,11,245,0,N\A
80,2006/09/14,6185,3229,2061,576,2444,192,945,2874,1982,2073,264,1,N\A
80,2006/09/30,4014,3471,34841,1122,2627,1136,829,6518,2057,2398,283,1,N\A
80,2006/10/16,3498,1745,2185,931,1933,422,483,1527,2663,2255,289,1,N\A
80,2006/11/01,5509,3359,2116,821,2836,369,1227,3778,3533,461,309,0,N\A
80,2006/11/17,3672,1875,2116,958,2070,399,912,158,3786,2506,330,0,N\A
80,2006/12/03,3398,1670,2116,909,1845,439,547,135,4046,2259,346,0,N\A
80,2006/12/19,5737,3660,34841,730,2695,487,675,6079,3788,2427,356,1,N\A
81,2006/01/01,3929,1195,34841,458,1051,187,398,4072,3839,2329,15,1,N\A
81,2006/01/17,3118,1073,34837,587,1119,300,289,305,3923,2241,26,1,N\A
81,2006/02/02,4738,605,34837,136,381,145,44,1140,3849,392,35,1,N\A
81,2006/02/18,7356,5036,2189,538,3532,253,871,4552,3538,246,62,1,N\A
81,2006/03/06,7131,3738,34961,404,2413,187,794,3088,2518,2079,72,1,N\A
81,2006/03/22,8117,5021,2120,319,3071,171,608,4958,1858,2022,86,1,N\A
81,2006/04/07,5636,4213,2116,1016,3641,555,1426,2424,2290,-48,108,0,N\A
81,2006/04/23,6831,3966,2120,513,2725,248,735,4959,1336,1629,118,1,N\A
81,2006/05/09,6359,4367,34897,757,3402,374,975,5311,2680,-235,135,1,N\A
81,2006/05/25,7409,3992,2120,367,2466,203,698,6148,1331,1273,148,1,N\A
81,2006/06/10,5432,3949,2062,909,3071,645,1278,1076,2320,-368,163,3,N\A
81,2006/06/26,3528,2186,2066,953,1992,777,700,4969,1776,1322,182,3,N\A
81,2006/07/12,3956,2497,2066,812,1875,814,640,4139,1799,1461,207,3,N\A
81,2006/07/28,3843,3140,2066,1114,2505,1082,834,5289,2890,-202,215,3,N\A
81,2006/08/13,8453,6869,35878,335,3998,357,957,5902,2942,-40,240,3,N\A
81,2006/08/29,7577,5643,2061,525,3810,321,838,2442,2364,81,252,1,N\A
81,2006/09/14,8501,5205,34961,254,3136,109,444,3069,1954,2081,264,1,N\A
81,2006/09/30,6745,3619,2185,463,2382,254,679,335,2552,2257,282,1,N\A
81,2006/10/16,5423,2734,2116,624,2103,310,830,1755,2636,2268,289,0,N\A
81,2006/11/01,6095,4031,34841,588,2424,609,785,6148,2890,2450,308,1,N\A
81,2006/11/17,4580,1865,2116,555,1493,300,609,3078,3594,2389,328,0,N\A
81,2006/12/03,2675,982,2116,683,1182,344,416,369,4021,2382,346,0,N\A
81,2006/12/19,3422,1092,35878,443,904,402,406,6159,3766,2430,356,3,N\A
82,2006/01/01,7344,1360,34961,107,699,62,212,3463,3740,2293,15,1,N\A
82,2006/01/17,4522,3549,2066,970,2572,948,794,5814,3458,2336,20,3,N\A
82,2006/02/02,6905,4611,34841,458,2502,556,848,5224,2972,2235,45,1,N\A
82,2006/02/18,7114,4227,34837,451,2675,297,668,2321,2966,2126,56,1,N\A
82,2006/03/06,6590,5238,34837,830,4039,494,1440,3203,2942,155,76,1,N\A
82,2006/03/22,5456,3517,2116,822,2796,493,1523,509,2352,10,90,0,N\A
82,2006/04/07,4294,3142,2116,1347,3375,710,2115,3193,2410,-95,108,0,N\A
82,2006/04/23,3820,2695,2116,1443,3227,712,2247,3203,2375,-232,124,0,N\A
82,2006/05/09,3348,1757,34842,713,1431,733,647,6348,1310,1262,139,3,N\A
82,2006/05/25,4410,1381,2185,427,1101,195,302,3212,2593,-382,156,1,N\A
82,2006/06/10,8204,4795,34837,272,2757,191,516,515,2432,-408,170,1,N\A
82,2006/06/26,8754,6062,2185,246,3703,123,602,498,2470,-418,186,1,N\A
82,2006/07/12,7659,7597,35874,632,4768,660,920,1929,2586,-351,195,3,N\A
82,2006/07/28,6967,7829,2066,1005,5623,921,1109,4210,2775,-257,213,3,N\A
82,2006/08/13,8683,5965,2261,275,3904,46,601,5865,1348,1561,228,1,N\A
82,2006/08/29,4503,2936,2061,1040,2744,597,1206,1949,2297,-59,243,1,N\A
82,2006/09/14,3848,1934,34837,880,1981,404,1009,947,2023,1918,257,1,N\A
82,2006/09/30,3572,1367,34838,565,1193,413,467,3463,2330,2251,287,3,N\A
82,2006/10/16,5212,2231,35037,517,1643,284,565,5821,2256,2369,292,1,N\A
82,2006/11/01,6561,2518,2185,322,1551,171,426,930,2983,2321,305,1,N\A
82,2006/11/17,8464,5551,2116,282,3392,144,673,1957,3586,496,323,0,N\A
82,2006/12/03,8683,6752,2185,305,4329,168,726,1994,3897,509,339,1,N\A
82,2006/12/19,7056,4941,34837,640,3708,270,898,2348,3879,2325,360,1,N\A
83,2006/01/01,6661,4369,2116,657,3279,296,833,2202,3869,2292,8,0,N\A
83,2006/01/17,3954,4609,2066,1323,3054,1547,1418,6296,3256,2338,27,3,N\A
83,2006/02/02,5015,2932,34838,810,2440,454,1163,3406,3106,2191,47,3,N\A
83,2006/02/18,5782,1958,34837,365,1366,104,484,3425,2653,2108,63,1,N\A
83,2006/03/06,5424,4362,34841,1146,3863,689,1684,5114,3186,118,78,1,N\A
83,2006/03/22,5612,3548,34961,844,3003,381,1483,848,2416,1973,81,1,N\A
83,2006/04/07,6191,3963,34841,727,3091,339,1215,5821,1311,1815,100,1,N\A
83,2006/04/23,4081,2880,34837,1519,3614,606,1938,3297,2393,-236,124,1,N\A
83,2006/05/09,4654,2090,2185,622,1705,331,685,3325,2483,-329,140,1,N\A
83,2006/05/25,4658,1863,2185,536,1471,286,555,3315,2614,-384,156,1,N\A
83,2006/06/10,5366,2677,34837,724,2401,145,850,642,2452,-428,170,1,N\A
83,2006/06/26,7511,4215,2116,369,2597,213,574,624,2491,-424,186,0,N\A
83,2006/07/12,5415,3593,34837,1048,3524,345,946,2266,2188,1405,200,1,N\A
83,2006/07/28,5643,5601,2066,1073,3853,1051,1005,4287,2794,-260,213,3,N\A
83,2006/08/13,6979,5327,2185,718,4036,370,860,3287,2492,-114,236,1,N\A
83,2006/08/29,5956,4287,2116,883,3484,482,996,2058,2310,-64,243,0,N\A
83,2006/09/14,3665,1835,34962,889,1918,431,950,2211,1961,2000,264,3,N\A
83,2006/09/30,4380,2960,34841,764,1955,864,720,6300,1902,2352,283,1,N\A
83,2006/10/16,6820,4234,34961,434,2296,521,927,714,2886,428,298,1,N\A
83,2006/11/01,6125,2389,2185,395,1644,126,617,793,2979,2264,305,1,N\A
83,2006/11/17,7925,5912,2120,474,4095,217,893,4307,3795,455,325,0,N\A
83,2006/12/03,7633,5199,34837,469,3494,235,855,2112,3893,501,339,1,N\A
83,2006/12/19,7046,4948,2116,587,3388,368,1043,2076,4077,495,355,0,N\A
84,2006/01/01,6809,4209,34893,577,3040,250,627,974,4009,2325,1,1,N\A
84,2006/01/17,7810,7205,35037,691,5621,355,1217,5094,4238,353,30,1,N\A
84,2006/02/02,6733,4593,34837,506,2592,570,708,3482,3138,2201,47,1,N\A
84,2006/02/18,6349,4675,3098,669,2996,609,861,3500,2677,2122,63,3,N\A
84,2006/03/06,6716,3937,34837,578,2943,186,983,3510,2210,2013,79,1,N\A
84,2006/03/22,5281,3153,34837,871,2821,345,1268,2339,2118,1922,88,1,N\A
84,2006/04/07,5205,3856,34841,1261,3999,509,1515,5704,2901,-49,103,1,N\A
84,2006/04/23,6230,3542,34965,637,2743,227,1097,6348,1071,1450,123,1,N\A
84,2006/05/09,4087,2190,35038,910,2168,436,606,6336,1276,1272,139,3,N\A
84,2006/05/25,2621,1397,34841,1355,2318,430,599,5225,1715,1274,157,1,N\A
84,2006/06/10,3239,1995,2116,1276,2499,644,547,1966,2487,-394,163,0,N\A
84,2006/06/26,8597,7001,3226,347,4601,199,851,5704,3100,-331,183,3,N\A
84,2006/07/12,7911,6815,34837,526,4510,407,769,1939,2559,-349,195,1,N\A
84,2006/07/28,7202,7015,2066,794,4882,677,934,5703,3034,-222,215,3,N\A
84,2006/08/13,6873,4691,35037,677,3654,247,665,5854,1333,1579,228,1,N\A
84,2006/08/29,4901,3485,2116,1198,3501,556,1356,1949,2294,-51,243,0,N\A
84,2006/09/14,4441,2508,2116,938,2437,417,726,938,2033,1936,257,0,N\A
84,2006/09/30,6183,3155,34842,541,2294,220,587,6335,1948,2363,283,3,N\A
84,2006/10/16,5603,2759,34841,670,2378,123,735,5821,2296,2377,292,1,N\A
84,2006/11/01,3569,2003,34961,1097,2315,493,573,3212,3544,474,316,1,N\A
84,2006/11/17,5770,3258,34893,660,2461,347,614,552,3695,507,330,1,N\A
84,2006/12/03,7037,2724,34837,282,1622,136,379,2003,3934,507,339,1,N\A
84,2006/12/19,8322,7479,34841,495,5407,261,905,4230,4298,465,357,1,N\A
85,2006/01/01,5034,2697,2116,763,2310,340,1088,3013,3761,2290,15,0,N\A
85,2006/01/17,4783,3085,2120,1071,3035,473,1305,5374,4248,347,30,1,N\A
85,2006/02/02,4023,2160,34893,961,2255,406,1124,297,3664,2162,33,1,N\A
85,2006/02/18,3604,2256,2116,1315,2797,569,2007,1140,3186,257,58,0,N\A
85,2006/03/06,4171,2445,2116,1017,2473,492,1750,3088,2238,1996,79,0,N\A
85,2006/03/22,3926,2785,2116,1404,3219,714,2361,1103,2409,63,90,0,N\A
85,2006/04/07,4431,2702,2116,1011,2620,507,1782,3088,1705,1663,111,0,N\A
85,2006/04/23,3936,2250,2116,1082,2487,449,1574,3070,1738,1497,127,0,N\A
85,2006/05/09,4646,2298,2116,670,1833,427,992,3673,2527,-315,140,0,N\A
85,2006/05/25,5768,2926,2120,585,2180,275,675,5958,3020,-320,151,1,N\A
85,2006/06/10,6670,3319,2120,438,2193,214,643,6172,1701,1196,171,1,N\A
85,2006/06/26,7168,3919,34965,410,2486,227,616,4139,2041,1313,182,1,N\A
85,2006/07/12,3680,4362,2062,1634,3537,1658,1183,2452,2646,-360,195,3,N\A
85,2006/07/28,5868,4684,2066,781,3000,779,670,4139,1848,1464,214,3,N\A
85,2006/08/13,5905,4861,36074,881,3422,752,1209,5636,1412,1562,228,3,N\A
85,2006/08/29,5633,2809,2116,577,2066,304,643,3070,1781,1911,255,0,N\A
85,2006/09/14,3204,2105,2062,1038,2017,883,693,362,2076,1973,257,3,N\A
85,2006/09/30,4168,1657,36002,617,1499,253,696,4918,2129,2280,285,3,N\A
85,2006/10/16,3844,1446,2185,590,1327,284,534,1745,2683,2264,296,1,N\A
85,2006/11/01,6429,2835,2116,399,1836,208,646,333,3005,2274,305,0,N\A
85,2006/11/17,8314,5371,2116,291,3162,206,690,1131,3677,490,330,0,N\A
85,2006/12/03,8472,6294,2116,334,4039,177,748,2517,3918,490,339,0,N\A
85,2006/12/19,8001,5624,2120,414,3729,197,693,4120,3756,2367,358,0,N\A
86,2006/01/01,5000,2428,2116,659,1977,315,943,1772,3895,2292,8,0,N\A
86,2006/01/17,6505,4666,2120,745,3519,417,1180,5374,4248,347,30,1,N\A
86,2006/02/02,7122,4069,34893,412,2452,319,936,279,3666,2159,33,1,N\A
86,2006/02/18,7046,4918,2116,562,3244,398,1291,1149,3187,257,58,0,N\A
86,2006/03/06,5651,3065,2116,644,2318,337,1274,3078,2240,1996,79,0,N\A
86,2006/03/22,4602,2834,2116,994,2689,494,1611,1112,2410,59,90,0,N\A
86,2006/04/07,3994,1897,2116,769,1792,390,1102,3079,1706,1663,111,0,N\A
86,2006/04/23,4103,1758,2116,686,1641,291,867,3061,1739,1498,127,0,N\A
86,2006/05/09,4206,1653,2185,553,1356,338,1161,351,2032,1517,129,1,N\A
86,2006/05/25,7766,5292,2120,423,3364,268,736,5958,3020,-317,151,1,N\A
86,2006/06/10,8499,5161,2120,247,3045,130,595,6172,1701,1196,171,1,N\A
86,2006/06/26,8598,6206,34965,294,3902,151,521,4130,2041,1315,182,1,N\A
86,2006/07/12,5026,4397,2066,1075,3248,979,905,4571,2912,-321,197,3,N\A
86,2006/07/28,4719,3396,2066,905,2523,806,623,4139,1848,1464,214,3,N\A
86,2006/08/13,2600,2121,34841,1840,3133,1191,1489,4130,1686,1607,230,1,N\A
86,2006/08/29,3933,1640,2116,671,1541,308,466,3060,1782,1913,255,0,N\A
86,2006/09/14,3642,3357,2066,1057,2268,1279,636,6160,1467,2188,267,3,N\A
86,2006/09/30,8058,4899,35874,331,3079,139,733,3004,2357,2238,287,3,N\A
86,2006/10/16,8089,4774,2116,298,2822,186,763,1736,2684,2263,296,0,N\A
86,2006/11/01,7902,4291,2116,303,2586,147,551,315,3006,2274,305,0,N\A
86,2006/11/17,7182,4863,2116,575,3506,252,764,2489,3609,477,323,0,N\A
86,2006/12/03,5304,2967,2116,776,2529,322,771,2526,3919,490,339,0,N\A
86,2006/12/19,6312,3841,2120,639,2827,323,887,4591,4292,455,357,1,N\A
87,2006/01/01,7883,5102,34961,400,3380,157,735,3294,3770,2295,15,1,N\A
87,2006/01/17,7177,4135,34837,491,2988,112,569,3293,3520,2250,31,1,N\A
87,2006/02/02,5637,3222,34837,751,2692,285,964,667,3665,2184,33,1,N\A
87,2006/02/18,5677,3945,34837,801,2905,584,1026,3350,2681,2117,63,1,N\A
87,2006/03/06,6203,5471,34841,1002,4277,710,1383,5165,3205,130,78,1,N\A
87,2006/03/22,6487,4507,2066,676,3173,1708,1720,5791,3163,59,87,3,N\A
87,2006/04/07,6937,5356,2120,755,4176,365,1328,5791,2925,-55,103,1,N\A
87,2006/04/23,6867,5222,2120,739,3979,387,1306,6315,2977,-218,128,1,N\A
87,2006/05/09,5368,3150,34837,656,2177,539,1002,3400,2472,-323,140,1,N\A
87,2006/05/25,7349,3936,2189,382,2501,178,779,5126,1749,1275,157,1,N\A
87,2006/06/10,5031,3180,34841,827,2502,573,593,4343,1932,1301,166,1,N\A
87,2006/06/26,4272,2220,2116,901,2245,336,796,716,2474,-428,186,0,N\A
87,2006/07/12,4918,3726,2189,1197,3514,687,1159,4346,2856,-327,197,1,N\A
87,2006/07/28,6158,6368,2066,1054,4433,999,1063,5791,3064,-226,215,3,N\A
87,2006/08/13,8010,6513,2185,495,4481,287,979,3362,2495,-100,236,1,N\A
87,2006/08/29,8148,5106,2061,328,3215,140,596,3350,1754,1927,255,1,N\A
87,2006/09/14,7380,4635,2116,462,3065,240,646,730,2048,1945,257,0,N\A
87,2006/09/30,5097,2453,35033,703,2165,198,806,3427,2811,317,284,1,N\A
87,2006/10/16,3533,1603,34961,829,1735,345,930,2082,2690,2272,296,1,N\A
87,2006/11/01,4736,2413,34961,769,2153,324,742,2128,3123,2336,312,1,N\A
87,2006/11/17,8076,6403,2189,468,4399,248,1142,6327,4318,435,336,1,N\A
87,2006/12/03,7677,4515,34961,369,2809,202,650,778,3949,533,346,1,N\A
87,2006/12/19,7541,2860,34841,229,1634,97,451,5766,3658,2410,356,1,N\A
88,2006/01/01,7479,5050,34893,483,3350,274,847,2989,4152,424,12,1,N\A
88,2006/01/17,7221,6105,2065,767,4754,404,1384,6163,4364,323,32,1,N\A
88,2006/02/02,5755,9016,34837,800,2970,1567,1459,1711,3754,373,35,1,N\A
88,2006/02/18,5004,3711,34893,817,2454,844,1862,3746,2607,2106,63,1,N\A
88,2006/03/06,5361,2800,34838,693,2295,287,1381,2634,2469,2042,72,3,N\A
88,2006/03/22,4342,2371,34961,873,2213,443,1672,2643,2068,1896,88,1,N\A
88,2006/04/07,4422,3189,2120,1291,3338,672,2327,5574,2877,-63,103,1,N\A
88,2006/04/23,4733,2381,34841,761,2129,311,1529,6457,1087,1405,123,1,N\A
88,2006/05/09,4740,1772,35038,482,1351,265,545,6457,1313,1244,139,3,N\A
88,2006/05/25,5826,2670,2116,501,1900,241,608,2960,2586,-386,156,0,N\A
88,2006/06/10,8650,5249,2189,225,3110,96,663,6469,1658,1177,171,1,N\A
88,2006/06/26,9303,7446,34965,163,4517,117,780,4678,1986,1288,182,1,N\A
88,2006/07/12,7957,9382,35878,686,6032,787,1028,4007,2838,-333,197,3,N\A
88,2006/07/28,7765,6136,34837,481,3824,412,676,2662,2027,1506,216,1,N\A
88,2006/08/13,7889,5106,35037,381,3230,209,634,6000,1327,1547,228,1,N\A
88,2006/08/29,2664,1619,35037,1963,3389,421,860,6457,1106,1942,251,1,N\A
88,2006/09/14,3884,1870,2185,807,1832,397,756,1273,1984,1899,257,1,N\A
88,2006/09/30,8608,6933,35878,162,2167,788,1037,5360,2064,2297,285,3,N\A
88,2006/10/16,7352,3849,2185,362,2373,198,531,2569,2615,2282,296,1,N\A
88,2006/11/01,6667,3173,34961,417,2086,192,620,1255,2938,2301,305,1,N\A
88,2006/11/17,7606,4538,2116,389,2862,210,655,1648,3541,506,323,0,N\A
88,2006/12/03,8125,5647,34837,384,3712,171,1040,1684,3853,488,339,1,N\A
88,2006/12/19,5813,4946,2189,853,3222,849,1456,4022,4220,461,357,1,N\A
89,2006/01/01,6362,4644,34837,826,3715,416,1127,2914,4120,421,12,1,N\A
89,2006/01/17,7177,3777,34961,423,2574,117,875,3775,3411,2242,31,1,N\A
89,2006/02/02,7791,4818,34897,383,3085,182,888,5423,2895,2235,45,1,N\A
89,2006/02/18,5890,3750,2116,783,3028,368,1169,120,3075,380,58,0,N\A
89,2006/03/06,6553,5601,2120,961,4615,543,1660,4831,3121,106,78,1,N\A
89,2006/03/22,5865,4002,2116,828,3177,463,1563,77,2302,-128,90,0,N\A
89,2006/04/07,4532,3304,2116,1289,3426,666,1992,77,2092,-282,106,0,N\A
89,2006/04/23,3886,2740,2116,1441,3273,694,2361,2867,2362,-245,124,0,N\A
89,2006/05/09,5475,3169,2116,737,2521,383,942,2895,2463,-339,140,0,N\A
89,2006/05/25,3563,1456,2116,681,1435,344,285,2886,2601,-395,156,0,N\A
89,2006/06/10,5259,3278,2062,744,2395,569,731,3842,2110,1301,175,3,N\A
89,2006/06/26,6090,5321,2066,903,3716,789,858,5531,3128,-351,183,3,N\A
89,2006/07/12,6277,5398,2062,787,3441,783,684,1529,2590,-390,195,3,N\A
89,2006/07/28,8967,6731,2116,221,4058,151,564,2735,2038,1478,216,0,N\A
89,2006/08/13,7750,5425,2257,465,3669,226,733,2736,1879,1616,232,1,N\A
89,2006/08/29,6295,4820,2116,935,4113,432,819,1547,2260,-69,243,0,N\A
89,2006/09/14,4211,2787,35874,1064,2612,682,1052,1373,1967,1890,257,3,N\A
89,2006/09/30,6125,3123,35038,539,2243,245,604,6481,1830,2355,283,3,N\A
89,2006/10/16,5272,2267,2116,520,1680,268,509,157,2811,543,298,0,N\A
89,2006/11/01,8208,6703,2120,456,4635,238,1109,5553,3608,396,311,1,N\A
89,2006/11/17,8673,5765,2116,243,3422,146,629,112,3580,627,330,0,N\A
89,2006/12/03,8470,6555,34893,346,4177,219,809,1598,3819,503,339,1,N\A
89,2006/12/19,7032,5058,34893,648,3719,324,570,1566,4004,480,355,1,N\A
90,2006/01/01,6054,2916,34966,481,1957,292,932,6461,3421,2382,11,3,N\A
90,2006/01/17,4355,1987,34837,760,1933,232,1466,3727,3400,2243,31,1,N\A
90,2006/02/02,3301,2296,35878,1322,2625,850,2278,4055,3901,333,37,3,N\A
90,2006/02/18,4454,2251,2185,806,2101,341,1532,191,3070,258,58,1,N\A
90,2006/03/06,5618,3609,2189,854,3044,400,1850,4881,3126,108,78,1,N\A
90,2006/03/22,6182,3874,2116,671,2844,380,1426,157,2307,159,90,0,N\A
90,2006/04/07,5926,4334,2120,914,3573,496,1447,5564,2881,-81,103,1,N\A
90,2006/04/23,5988,4234,2116,825,3288,493,1294,2932,2379,-248,124,0,N\A
90,2006/05/09,6865,4590,2116,595,3202,343,1121,1300,1983,1467,129,0,N\A
90,2006/05/25,8201,6259,2116,390,3948,277,706,2946,2621,-395,156,0,N\A
90,2006/06/10,8528,6874,35998,353,4446,224,580,2662,2217,1325,168,3,N\A
90,2006/06/26,7621,7084,3098,608,4504,587,630,139,2502,-521,186,3,N\A
90,2006/07/12,5188,4969,2062,1131,3570,1078,750,1601,2611,-373,195,3,N\A
90,2006/07/28,2099,3900,2066,2987,4575,2976,1332,5563,3057,-248,215,3,N\A
90,2006/08/13,6189,5992,2066,984,4180,900,794,6128,3039,-93,240,3,N\A
90,2006/08/29,8253,5604,2116,336,3511,182,486,3776,1674,1901,255,0,N\A
90,2006/09/14,7203,5718,2062,591,3636,516,678,1300,1971,1899,257,3,N\A
90,2006/09/30,7976,5343,36074,377,3350,227,613,5381,2016,2287,285,3,N\A
90,2006/10/16,6129,3836,2185,730,3042,314,980,236,2801,414,298,1,N\A
90,2006/11/01,6294,4220,34841,714,3140,407,1365,5585,3599,392,311,1,N\A
90,2006/11/17,6615,4107,34961,588,2887,323,1183,3766,3458,2383,335,1,N\A
90,2006/12/03,7069,4295,36074,480,2796,293,955,6469,3429,2443,347,3,N\A
90,2006/12/19,5253,3149,2189,851,2735,385,1618,4017,4177,457,357,1,N\A
91,2006/01/01,7203,4291,2116,463,2848,231,946,1709,3794,2310,1,0,N\A
91,2006/01/17,6135,4239,2120,839,3503,377,1462,4725,4055,340,30,1,N\A
91,2006/02/02,5577,3730,2116,936,3297,412,1566,3806,3826,325,37,0,N\A
91,2006/02/18,5191,2793,2116,747,2360,321,1322,2957,2812,2114,56,0,N\A
91,2006/03/06,4370,3059,2116,1296,3308,619,2422,2617,2830,124,76,0,N\A
91,2006/03/22,4322,2769,34897,1079,2722,582,1885,5415,3057,30,87,1,N\A
91,2006/04/07,4554,2209,2120,737,1970,325,1206,5593,1321,1607,109,1,N\A
91,2006/04/23,4657,2450,2066,721,1978,464,1222,5583,1423,1392,125,3,N\A
91,2006/05/09,4138,3000,2066,1067,2574,856,1819,4700,2784,-340,142,3,N\A
91,2006/05/25,4990,2481,2116,683,2044,324,1579,199,2378,1424,154,0,N\A
91,2006/06/10,3679,2419,35874,1313,2842,656,1450,3758,2837,-405,165,3,N\A
91,2006/06/26,7422,3705,2120,343,2318,140,571,4918,2067,1263,182,1,N\A
91,2006/07/12,3961,3553,2062,1253,2897,1180,949,1230,2630,-393,195,3,N\A
91,2006/07/28,7496,4644,34837,430,3005,230,837,3004,2066,1460,216,1,N\A
91,2006/08/13,7985,4815,2065,327,2919,190,633,6148,1354,1486,228,1,N\A
91,2006/08/29,7440,4576,2120,451,3073,194,840,4043,1623,1878,255,0,N\A
91,2006/09/14,5499,5356,2062,892,3072,1100,1028,1673,1920,1883,257,3,N\A
91,2006/09/30,4295,4381,2062,1209,3030,1319,1010,1636,2078,2055,273,3,N\A
91,2006/10/16,6573,3701,2185,550,2660,228,983,163,2718,2307,298,1,N\A
91,2006/11/01,7691,5377,34961,488,3739,207,971,3778,3271,409,309,1,N\A
91,2006/11/17,7248,4116,2116,435,2727,189,722,1681,3208,2325,321,0,N\A
91,2006/12/03,6160,3137,2116,540,2273,227,897,2636,3924,469,348,0,N\A
91,2006/12/19,6199,3349,2116,574,2447,255,1051,1672,3734,2324,353,0,N\A
92,2006/01/01,6058,2455,34893,256,1043,609,456,965,3864,2259,10,1,N\A
92,2006/01/17,5827,8171,2066,1362,5166,1560,1726,4258,4038,351,30,3,N\A
92,2006/02/02,7769,5328,34837,448,3569,215,761,544,3628,332,35,1,N\A
92,2006/02/18,6803,3912,34841,546,2870,173,920,4509,2479,2118,63,1,N\A
92,2006/03/06,5343,2496,34893,599,1974,240,713,3566,2340,2036,72,1,N\A
92,2006/03/22,4980,2846,2116,843,2516,384,1570,1028,2190,1842,90,0,N\A
92,2006/04/07,6017,3675,34841,713,2868,332,1371,4529,1513,1625,111,1,N\A
92,2006/04/23,6193,4627,3102,644,2740,704,1389,5888,1304,1400,125,3,N\A
92,2006/05/09,7225,5688,35878,660,4098,393,1547,4238,2669,-332,142,3,N\A
92,2006/05/25,6288,3814,2061,647,2839,314,869,1934,2525,-410,156,1,N\A
92,2006/06/10,5040,3479,34841,910,2760,657,800,4200,2893,-387,174,1,N\A
92,2006/06/26,5481,3023,35878,713,2443,322,667,5287,1948,1257,182,3,N\A
92,2006/07/12,6297,4726,35878,762,3354,562,1250,5692,3132,-280,208,3,N\A
92,2006/07/28,7572,4311,35878,379,2744,174,697,5292,1705,1409,214,3,N\A
92,2006/08/13,6906,5067,2189,706,3858,339,1417,5032,2829,-159,231,1,N\A
92,2006/08/29,8799,6795,34841,219,3429,391,950,4510,1561,1914,255,1,N\A
92,2006/09/14,5718,2272,34837,347,1274,421,320,2386,1856,1909,257,1,N\A
92,2006/09/30,5783,3672,34837,839,3141,334,993,1985,2608,301,284,1,N\A
92,2006/10/16,5674,3749,3102,555,2011,751,745,5073,3171,329,295,3,N\A
92,2006/11/01,6667,3533,34837,477,2386,232,628,2358,2823,2298,305,1,N\A
92,2006/11/17,7026,2785,34837,318,1821,32,593,3557,3327,2368,328,1,N\A
92,2006/12/03,8213,3961,34837,229,2335,56,1234,984,3761,2358,346,1,N\A
92,2006/12/19,7836,4814,34841,380,3133,149,858,6384,3490,2427,356,1,N\A
93,2006/01/01,1432,1161,34841,3433,4581,1396,1277,4094,4272,410,14,1,N\A
93,2006/01/17,7952,5704,2189,424,3717,244,927,4097,4088,365,30,1,N\A
93,2006/02/02,7351,8305,3102,673,4410,960,1386,4074,3780,307,46,3,N\A
93,2006/02/18,8582,5709,34893,265,3474,135,629,3708,2843,2154,56,1,N\A
93,2006/03/06,8302,5066,2189,299,3224,78,621,5370,2196,2121,70,1,N\A
93,2006/03/22,5810,4111,2120,952,3593,433,1308,4901,2966,63,87,1,N\A
93,2006/04/07,5387,3096,2185,764,2549,363,1282,219,2174,-72,99,1,N\A
93,2006/04/23,5739,4005,2116,894,3303,484,1604,1683,2195,-231,124,0,N\A
93,2006/05/09,6635,3458,35878,498,2462,167,669,5944,1417,1287,141,3,N\A
93,2006/05/25,5336,2795,2116,659,2167,351,653,1702,2429,-390,156,0,N\A
93,2006/06/10,5246,2757,2116,679,2178,355,534,240,2355,-523,163,0,N\A
93,2006/06/26,3582,2081,2062,884,1871,709,475,2606,2179,1345,177,3,N\A
93,2006/07/12,4566,2592,35874,933,2501,397,688,3746,2005,1396,200,3,N\A
93,2006/07/28,6121,3311,34837,548,2278,334,635,3747,1868,1499,216,1,N\A
93,2006/08/13,6780,5129,35874,587,3060,604,807,3737,1721,1638,232,3,N\A
93,2006/08/29,8569,5706,2189,266,3453,145,558,4638,1566,1951,255,1,N\A
93,2006/09/14,4863,5293,2066,1444,4178,1324,1081,5607,2962,181,272,3,N\A
93,2006/09/30,4453,2665,2066,873,2275,2271,1234,5349,1903,2252,278,3,N\A
93,2006/10/16,5116,3293,34965,889,2752,526,1151,4941,3217,353,295,1,N\A
93,2006/11/01,5090,2635,2116,715,2198,323,675,2998,3336,440,309,0,N\A
93,2006/11/17,3676,1401,2120,632,1367,273,460,4624,3499,2402,335,1,N\A
93,2006/12/03,3479,1921,34837,1116,2307,468,645,1209,3845,2342,346,1,N\A
93,2006/12/19,3029,1564,2116,1054,1970,488,734,2979,4172,474,357,0,N\A
94,2006/01/01,3278,1203,34961,610,1205,334,273,2569,3906,2327,1,1,N\A
94,2006/01/17,7219,4699,2261,525,3251,253,704,4123,4099,369,30,1,N\A
94,2006/02/02,7892,5026,34837,427,3626,37,706,3054,3865,353,37,1,N\A
94,2006/02/18,7240,4894,2185,540,3374,285,769,1738,3205,260,60,1,N\A
94,2006/03/06,7079,5725,2189,740,4327,414,1121,4065,3018,136,78,1,N\A
94,2006/03/22,6409,4119,2116,662,3025,354,863,263,2483,159,83,0,N\A
94,2006/04/07,6386,4440,2189,781,3542,358,1127,5607,2805,-119,112,1,N\A
94,2006/04/23,5625,3796,2116,894,3193,456,1043,1720,2194,-237,124,0,N\A
94,2006/05/09,5663,2828,34966,593,2142,268,651,5932,1410,1289,141,3,N\A
94,2006/05/25,3222,1552,2116,897,1750,453,304,1738,2425,-396,156,0,N\A
94,2006/06/10,1995,968,2116,1105,1656,541,319,1210,2269,1355,170,0,N\A
94,2006/06/26,3571,2095,34841,990,2090,654,417,5360,1832,1278,182,1,N\A
94,2006/07/12,3761,4447,2062,1766,3896,1669,974,1693,2510,-315,204,3,N\A
94,2006/07/28,8431,5424,2189,285,3349,125,645,5371,1611,1441,214,1,N\A
94,2006/08/13,6982,5780,2062,630,3545,629,657,3708,1722,1645,232,3,N\A
94,2006/08/29,7206,7578,3102,522,3215,995,1145,4608,1574,1955,255,3,N\A
94,2006/09/14,4180,3389,2062,1229,2995,979,961,290,2160,118,259,3,N\A
94,2006/09/30,3252,2599,3098,1063,2088,1148,1582,1793,2662,334,284,3,N\A
94,2006/10/16,5515,3832,2065,859,2972,579,1223,6186,3494,334,297,1,N\A
94,2006/11/01,6397,2935,2257,499,2271,23,744,308,3124,469,307,1,N\A
94,2006/11/17,2676,1112,2120,877,1518,317,413,4598,3512,2399,335,1,N\A
94,2006/12/03,3399,1509,2116,769,1561,408,224,2523,3662,2363,337,0,N\A
94,2006/12/19,3626,1827,2116,892,1907,450,619,3007,4183,486,357,0,N\A
95,2006/01/01,4295,3010,34837,743,1862,937,678,3951,3789,2328,8,1,N\A
95,2006/01/17,5435,3246,35878,839,2837,331,713,6054,4467,355,25,3,N\A
95,2006/02/02,6836,3733,35037,496,2640,168,550,6073,2870,2269,45,1,N\A
95,2006/02/18,6637,4454,2185,681,3369,316,815,2701,3473,286,53,1,N\A
95,2006/03/06,8610,4144,35037,175,2343,42,399,5529,2176,2127,70,1,N\A
95,2006/03/22,7523,4876,2116,433,3064,290,629,1609,2148,1902,90,0,N\A
95,2006/04/07,6912,5859,2120,828,4536,491,1332,4701,2686,-51,103,1,N\A
95,2006/04/23,6731,5047,2116,721,3691,441,1217,1338,2154,-234,124,0,N\A
95,2006/05/09,7483,4218,3226,365,2536,248,835,6079,1377,1279,141,3,N\A
95,2006/05/25,6351,3791,2189,573,2568,380,1058,6091,1576,1222,157,1,N\A
95,2006/06/10,6526,5190,3102,847,4030,504,1330,6509,3227,-322,162,3,N\A
95,2006/06/26,5103,3005,3226,836,2579,413,652,4690,2915,-351,183,3,N\A
95,2006/07/12,3311,3670,2062,1603,3190,1600,854,1627,2212,1452,202,3,N\A
95,2006/07/28,5383,2812,34842,669,2229,317,524,5539,1575,1435,214,3,N\A
95,2006/08/13,6044,3356,2185,599,2430,318,575,178,2162,1784,227,1,N\A
95,2006/08/29,6588,3853,2116,575,2796,245,547,153,2078,1824,243,0,N\A
95,2006/09/14,6406,4901,2062,591,2698,733,470,3950,1783,2052,264,3,N\A
95,2006/09/30,8344,6239,36070,374,4144,171,676,3928,2125,2217,280,3,N\A
95,2006/10/16,7564,5638,34961,520,3750,340,887,2823,2453,2252,289,1,N\A
95,2006/11/01,7250,2721,34841,241,1512,171,687,5518,2858,2415,310,1,N\A
95,2006/11/17,7094,3354,34837,349,2053,193,692,3966,3414,2386,328,1,N\A
95,2006/12/03,5490,3085,34893,689,2367,387,900,111,3811,2610,339,1,N\A
95,2006/12/19,3955,2695,34841,1071,2473,786,1135,5529,3687,2398,358,1,N\A
96,2006/01/01,4348,3749,3098,1099,2790,1081,1338,3826,4251,420,14,3,N\A
96,2006/01/17,5773,4437,35878,892,3329,660,951,6042,4460,353,25,3,N\A
96,2006/02/02,6900,4734,2185,640,3490,304,857,3806,3752,317,46,1,N\A
96,2006/02/18,6663,4213,2185,625,3122,274,803,1321,3166,253,60,1,N\A
96,2006/03/06,8799,5157,35037,197,3086,35,503,5539,2171,2122,70,1,N\A
96,2006/03/22,7141,4384,2116,480,2878,278,780,1636,2144,1882,90,0,N\A
96,2006/04/07,6609,5306,2120,877,4296,460,1434,4680,2683,-50,103,1,N\A
96,2006/04/23,7013,4040,2120,473,2695,238,814,5550,1265,1554,118,1,N\A
96,2006/05/09,5972,4341,34837,843,3343,534,845,2655,2337,-294,133,1,N\A
96,2006/05/25,5864,4006,2116,846,3245,447,1348,1321,2389,-413,156,0,N\A
96,2006/06/10,5461,2601,34837,538,1833,349,596,2646,2583,-401,165,1,N\A
96,2006/06/26,6007,4024,2190,794,3183,414,845,4675,2915,-352,183,3,N\A
96,2006/07/12,3013,3178,2062,1665,3101,1573,1042,3753,2737,-292,206,3,N\A
96,2006/07/28,6167,3604,34966,626,2641,323,748,5561,1574,1432,214,3,N\A
96,2006/08/13,8023,3633,34837,214,1951,171,575,1645,1963,1660,234,1,N\A
96,2006/08/29,7997,5007,2116,335,3010,222,509,193,2075,1891,243,0,N\A
96,2006/09/14,6059,5947,2062,999,4072,953,1025,2664,2412,119,261,3,N\A
96,2006/09/30,6909,4669,34961,603,3299,331,720,1375,2625,334,284,1,N\A
96,2006/10/16,5820,3877,2116,845,3199,412,1057,2710,2933,375,293,0,N\A
96,2006/11/01,7422,3207,34965,302,2041,40,665,5539,2850,2415,310,1,N\A
96,2006/11/17,6855,3807,2185,484,2594,219,755,3985,3408,2386,328,1,N\A
96,2006/12/03,6156,3589,2116,601,2526,363,863,125,3805,2321,339,0,N\A
96,2006/12/19,4819,2358,2116,690,1974,334,448,164,3985,2215,355,0,N\A
97,2006/01/01,3592,1774,34837,709,1504,608,403,226,4021,2376,3,1,N\A
97,2006/01/17,5467,3330,35878,967,3300,212,831,6026,4453,354,25,3,N\A
97,2006/02/02,5317,2563,2185,593,1940,315,229,1312,3562,331,44,1,N\A
97,2006/02/18,7452,4395,2189,405,2775,230,596,4004,2812,2160,56,1,N\A
97,2006/03/06,7674,6494,34837,605,4598,381,959,3749,2970,138,78,1,N\A
97,2006/03/22,6556,3836,2116,573,2755,263,677,1681,2138,1887,90,0,N\A
97,2006/04/07,5624,4209,2120,1082,3864,511,1305,4656,2678,-54,103,1,N\A
97,2006/04/23,5469,3825,2116,964,3292,515,1428,1266,2152,-221,124,0,N\A
97,2006/05/09,6103,3399,3226,597,2467,306,807,6102,1384,1273,141,3,N\A
97,2006/05/25,5631,3629,2116,797,2852,464,1482,1284,2391,-386,156,0,N\A
97,2006/06/10,6010,3630,35878,728,2922,291,781,5991,3132,-339,169,3,N\A
97,2006/06/26,4129,2495,3226,1076,2590,517,768,4655,2917,-354,183,3,N\A
97,2006/07/12,3206,2680,2062,1424,2768,1170,775,242,2379,1437,195,3,N\A
97,2006/07/28,5557,3356,34842,660,2311,530,623,5575,1575,1430,214,3,N\A
97,2006/08/13,8148,6477,34842,458,4489,224,1001,5991,3016,-119,233,3,N\A
97,2006/08/29,8445,5315,2189,266,3157,154,509,4868,1526,1957,255,1,N\A
97,2006/09/14,7858,6665,35878,453,3777,537,574,4858,1793,2161,271,3,N\A
97,2006/09/30,6584,4547,34837,727,3530,331,889,1331,2618,321,284,1,N\A
97,2006/10/16,7296,3366,34841,321,2054,148,527,5529,2361,2364,294,1,N\A
97,2006/11/01,5656,3780,34961,881,3176,438,1317,3749,3611,463,318,1,N\A
97,2006/11/17,3840,2401,2189,948,2130,735,1099,4014,3400,2389,328,1,N\A
97,2006/12/03,2774,1354,34893,1056,1867,431,424,1636,3824,2337,346,1,N\A
97,2006/12/19,3034,1566,34893,1042,1950,495,401,206,3977,2311,355,1,N\A
98,2006/01/01,1898,2432,2062,1694,2488,1932,1296,2550,4157,455,5,3,N\A
98,2006/01/17,6107,3277,34893,559,2313,305,400,188,3886,2211,19,1,N\A
98,2006/02/02,8468,6286,34837,336,4052,172,695,2599,3796,362,37,1,N\A
98,2006/02/18,7448,5110,2185,505,3453,275,713,1203,3136,276,60,1,N\A
98,2006/03/06,7093,6150,34841,773,4546,513,962,5368,3195,103,80,1,N\A
98,2006/03/22,6192,3224,34965,558,2373,220,618,4086,1884,1927,88,1,N\A
98,2006/04/07,5861,3977,34897,870,3334,409,1041,4611,2674,-58,103,1,N\A
98,2006/04/23,6713,4173,2189,561,2853,332,815,6149,1187,1406,125,1,N\A
98,2006/05/09,7631,3170,34841,264,1965,18,553,6137,1404,1258,141,1,N\A
98,2006/05/25,6363,4411,34897,786,3537,355,1077,5373,2959,-354,160,1,N\A
98,2006/06/10,6764,4233,2116,581,3010,287,822,1755,2256,1358,170,0,N\A
98,2006/06/26,7243,4395,36002,491,3071,179,689,5615,1828,1254,182,3,N\A
98,2006/07/12,7117,3801,35878,453,2690,93,569,4101,1983,1380,200,3,N\A
98,2006/07/28,6596,3552,34966,504,2458,231,605,5614,1589,1419,214,3,N\A
98,2006/08/13,5176,3943,34837,1107,3483,675,1154,1763,1961,1661,234,1,N\A
98,2006/08/29,6455,3955,34893,634,2943,287,846,306,2066,1730,243,1,N\A
98,2006/09/14,5606,3553,2062,706,2508,542,737,3014,1800,1928,257,3,N\A
98,2006/09/30,6657,3678,2116,521,2596,216,654,1681,2331,2174,282,0,N\A
98,2006/10/16,6579,4182,2116,625,3029,321,994,208,2647,2275,291,0,N\A
98,2006/11/01,6225,3997,2116,716,3078,347,1098,274,3055,2393,307,0,N\A
98,2006/11/17,4796,1399,34841,346,984,222,251,4908,3450,2405,335,1,N\A
98,2006/12/03,5594,2849,34893,611,2163,295,590,2995,3597,2361,337,1,N\A
98,2006/12/19,4238,2503,35037,953,2355,543,838,5604,3638,2399,358,1,N\A
99,2006/01/01,5517,2811,34893,641,2219,271,375,144,3976,2237,3,1,N\A
99,2006/01/17,5296,2533,34961,602,1958,292,445,30,3874,2552,19,1,N\A
99,2006/02/02,5817,3979,34837,797,3014,516,1040,2738,3790,351,37,1,N\A
99,2006/02/18,7031,3835,2116,447,2565,192,637,3956,2778,2147,56,0,N\A
99,2006/03/06,6766,4402,36885,586,3039,350,941,2691,3037,196,69,1,N\A
99,2006/03/22,6619,4872,2120,769,3781,392,1269,4710,2923,51,87,1,N\A
99,2006/04/07,6795,5375,2120,795,4167,434,1699,4710,2696,-68,103,1,N\A
99,2006/04/23,5410,4032,34837,1067,3583,585,1723,1339,2187,-256,124,1,N\A
99,2006/05/09,5740,3367,34841,715,2642,350,646,6080,1442,1257,141,1,N\A
99,2006/05/25,5986,2714,2120,488,1944,195,560,6091,1645,1202,157,1,N\A
99,2006/06/10,6054,3448,35874,689,2804,214,1006,2682,2633,-408,165,3,N\A
99,2006/06/26,5175,2662,34841,667,2098,355,471,5550,1865,1254,182,1,N\A
99,2006/07/12,3873,1577,2116,658,1490,300,249,3999,2017,1373,200,0,N\A
99,2006/07/28,6192,3227,34966,513,2182,311,622,5550,1622,1413,214,3,N\A
99,2006/08/13,7950,5830,3226,439,3845,250,973,4704,2752,-152,231,3,N\A
99,2006/08/29,8708,5104,34961,197,2853,137,570,3976,1629,1821,248,1,N\A
99,2006/09/14,7000,4970,35874,552,3129,464,717,2883,1809,1921,257,3,N\A
99,2006/09/30,6738,3967,2257,534,2741,272,783,2856,2024,2098,273,1,N\A
99,2006/10/16,6046,3333,34961,617,2504,274,863,3928,2505,2312,296,1,N\A
99,2006/11/01,4096,2131,2116,867,2070,422,988,1348,3348,482,316,0,N\A
99,2006/11/17,4952,2085,2189,555,1644,256,726,4827,3428,2404,335,1,N\A
99,2006/12/03,6387,3738,2261,662,3003,176,728,6048,4348,437,345,1,N\A
99,2006/12/19,6598,1791,34965,215,1049,93,247,5529,3618,2390,358,1,N\A
100,2006/01/01,3323,1355,34961,692,1381,377,533,2533,3654,2295,1,1,N\A
100,2006/01/17,7212,5065,2189,577,3563,305,993,4196,3919,334,30,1,N\A
100,2006/02/02,7803,5383,2116,435,3525,238,612,3137,3692,319,37,0,N\A
100,2006/02/18,8081,4935,2116,322,3034,164,559,3652,2679,2100,56,0,N\A
100,2006/03/06,6726,4900,2116,734,3750,369,859,3099,3010,151,69,0,N\A
100,2006/03/22,5715,3087,2116,638,2340,318,839,1155,2167,1822,90,0,N\A
100,2006/04/07,5103,3261,2116,948,2924,462,1272,1793,2311,-181,108,0,N\A
100,2006/04/23,6026,3596,2116,682,2751,328,1140,1147,2054,1508,122,0,N\A
100,2006/05/09,6592,4724,3158,745,3628,379,1152,4171,2772,-370,142,3,N\A
100,2006/05/25,5343,2835,2116,694,2287,321,652,1820,2647,-441,156,0,N\A
100,2006/06/10,5490,2831,2116,634,2178,313,735,356,2584,-548,163,0,N\A
100,2006/06/26,4982,2669,34965,773,2308,343,422,6209,3423,-366,185,1,N\A
100,2006/07/12,3096,2212,2066,1129,2142,996,567,6457,1823,1203,196,3,N\A
100,2006/07/28,3440,1683,3222,941,1928,389,434,3694,2051,1422,216,3,N\A
100,2006/08/13,6342,3680,2189,608,2717,272,697,4132,2665,-151,238,1,N\A
100,2006/08/29,7154,3680,2116,394,2375,171,464,3671,1684,1736,248,0,N\A
100,2006/09/14,8063,7225,34842,473,4411,483,994,5002,2714,55,263,3,N\A
100,2006/09/30,7376,4949,35033,509,3372,262,672,1874,2501,280,284,1,N\A
100,2006/10/16,7957,5171,2116,362,3183,229,660,2441,2264,2196,289,0,N\A
100,2006/11/01,5760,3159,2116,642,2387,324,1082,3661,2773,2330,312,0,N\A
100,2006/11/17,5756,2918,2116,579,2150,289,849,2514,3069,2333,321,0,N\A
100,2006/12/03,5748,3127,2116,655,2426,293,792,1110,3600,2321,346,0,N\A
100,2006/12/19,5231,2739,2116,701,2239,321,888,2505,3595,2334,353,0,N\A
101,2006/01/01,2825,1197,2185,876,1566,322,492,2569,3652,2296,1,1,N\A
101,2006/01/17,6356,6526,2261,919,4125,981,1650,5682,4123,304,32,1,N\A
101,2006/02/02,8157,5622,2116,363,3577,195,710,3100,3688,319,37,0,N\A
101,2006/02/18,8016,5015,2116,342,3106,184,529,1164,2866,2047,58,0,N\A
101,2006/03/06,5695,4273,2120,1075,3920,497,1354,4113,2963,75,78,0,N\A
101,2006/03/22,4771,2440,2116,727,2054,376,785,1201,2162,1821,90,0,N\A
101,2006/04/07,5616,2912,2116,612,2180,319,1088,3719,1719,1655,104,0,N\A
101,2006/04/23,5253,3278,2116,865,2780,449,1398,1765,2344,-301,124,0,N\A
101,2006/05/09,6269,3766,3226,661,2883,280,908,4142,2768,-371,142,3,N\A
101,2006/05/25,5443,2551,2116,567,1922,273,393,1783,2645,-442,156,0,N\A
101,2006/06/10,3851,1556,2116,649,1462,306,425,312,2580,-560,163,0,N\A
101,2006/06/26,3789,1819,36074,908,2016,299,493,6193,3419,-366,185,3,N\A
101,2006/07/12,7056,5910,35878,670,3883,575,693,5632,3214,-313,208,3,N\A
101,2006/07/28,7500,4460,2185,403,2821,225,549,3728,2048,1416,216,1,N\A
101,2006/08/13,8681,6308,2185,268,3798,189,721,3718,1833,1548,232,1,N\A
101,2006/08/29,8088,4894,2116,316,2991,163,509,299,2167,-146,243,0,N\A
101,2006/09/14,8142,6502,36074,442,4317,276,641,5360,1413,1970,262,3,N\A
101,2006/09/30,6376,3338,35033,516,2332,244,516,2514,1945,2048,273,1,N\A
101,2006/10/16,4883,2794,2185,811,2359,450,948,2478,2260,2197,289,1,N\A
101,2006/11/01,4474,2629,2116,933,2444,490,1510,1766,3194,451,316,0,N\A
101,2006/11/17,5408,2295,2116,494,1658,259,540,2554,3066,2326,321,0,N\A
101,2006/12/03,4486,2185,2120,700,1839,401,743,4132,3981,447,350,0,N\A
101,2006/12/19,2468,1047,2116,888,1470,388,345,3053,3949,447,357,0,N\A
102,2006/01/01,6707,3167,34841,401,2035,206,582,4808,3410,2300,15,1,N\A
102,2006/01/17,5966,3270,34961,623,2466,282,738,3909,3374,2261,24,1,N\A
102,2006/02/02,4118,3531,2061,879,2110,1156,1300,3883,3610,269,46,1,N\A
102,2006/02/18,6042,2979,34837,469,1901,360,713,3956,2651,2112,56,1,N\A
102,2006/03/06,6080,3813,2116,710,2913,364,875,2737,2972,153,69,0,N\A
102,2006/03/22,5957,3733,2116,722,2850,391,922,3844,2670,-35,94,0,N\A
102,2006/04/07,6690,3462,2116,466,2350,206,800,3985,1675,1656,104,0,N\A
102,2006/04/23,6488,4161,2120,641,3010,350,1040,4750,2706,-232,119,1,N\A
102,2006/05/09,7651,4814,34837,431,3239,166,837,3882,2724,-375,142,1,N\A
102,2006/05/25,7033,4278,2116,497,2854,275,580,1402,2601,-456,156,0,N\A
102,2006/06/10,7409,4518,34893,436,2930,233,537,99,2538,1254,163,1,N\A
102,2006/06/26,6719,4380,2116,618,3150,321,755,3835,2980,-399,190,0,N\A
102,2006/07/12,7031,4717,36002,591,3391,280,735,4739,3083,-354,199,3,N\A
102,2006/07/28,8098,3886,36074,234,2227,108,438,6125,1536,1382,221,3,N\A
102,2006/08/13,6721,3282,34837,395,2015,273,539,3995,1787,1553,232,1,N\A
102,2006/08/29,6804,3238,2116,395,2077,195,421,3976,1637,1745,248,0,N\A
102,2006/09/14,5887,5275,3098,980,3786,849,1129,2747,2372,51,261,3,N\A
102,2006/09/30,4459,3383,2062,963,2513,912,1194,2847,1917,2045,273,3,N\A
102,2006/10/16,7019,3754,34965,432,2467,201,702,4828,2448,2332,303,1,N\A
102,2006/11/01,5031,5040,34837,1114,3370,1182,1779,1384,3180,449,316,1,N\A
102,2006/11/17,6773,4288,2116,578,3005,310,722,2728,3469,455,325,0,N\A
102,2006/12/03,7748,4785,34837,380,2995,215,661,1545,3589,2336,346,1,N\A
102,2006/12/19,6846,4309,34837,493,2634,423,633,1582,3704,2290,362,1,N\A
103,2006/01/01,6378,3970,34837,634,2867,348,1164,1031,3855,414,12,1,N\A
103,2006/01/17,5628,3733,2116,906,3239,407,1324,3612,3871,345,30,0,N\A
103,2006/02/02,5287,3420,2116,951,3085,426,1225,3587,3584,278,46,0,N\A
103,2006/02/18,6664,3376,2116,448,2238,223,693,1946,2812,2069,58,0,N\A
103,2006/03/06,5243,3690,2116,1050,3365,531,1600,3550,2887,84,78,0,N\A
103,2006/03/22,4478,2187,2116,747,1959,345,1085,1982,2080,1827,90,0,N\A
103,2006/04/07,4827,3025,2116,973,2789,483,1272,950,2214,-193,108,0,N\A
103,2006/04/23,5197,3421,2116,1001,3168,445,1409,3559,2544,-289,126,0,N\A
103,2006/05/09,6781,4079,2116,555,2894,252,797,3587,2675,-374,142,0,N\A
103,2006/05/25,6554,3548,2116,509,2446,247,735,985,2553,-453,156,0,N\A
103,2006/06/10,7431,4134,2116,392,2660,173,675,523,2491,1292,163,0,N\A
103,2006/06/26,8127,5942,3158,407,3939,203,780,5901,3326,-367,185,3,N\A
103,2006/07/12,6597,4102,2185,641,3127,243,889,569,2534,1412,195,1,N\A
103,2006/07/28,5248,3986,2062,1073,3443,669,1085,2332,2665,-331,213,3,N\A
103,2006/08/13,5204,3751,2189,1129,3580,536,1373,4502,2780,-196,231,1,N\A
103,2006/08/29,7213,3541,2120,355,2193,180,575,4246,1593,1749,248,0,N\A
103,2006/09/14,7197,5322,2185,649,3982,296,1181,2387,2332,61,261,1,N\A
103,2006/09/30,6653,3501,34961,481,2394,216,836,3181,1890,2054,273,1,N\A
103,2006/10/16,7316,4295,2116,434,2800,218,787,1909,2546,2233,298,0,N\A
103,2006/11/01,7289,4379,2116,455,2902,222,802,495,2863,2243,307,0,N\A
103,2006/11/17,7126,4807,2116,569,3391,284,996,2369,3458,465,325,0,N\A
103,2006/12/03,7038,4130,34893,485,2790,233,696,3191,3384,2352,337,1,N\A
103,2006/12/19,7421,4619,2116,450,3041,229,867,1983,3695,2316,362,0,N\A
104,2006/01/01,7017,3062,2116,324,1849,179,441,533,3803,439,12,0,N\A
104,2006/01/17,7739,6481,2120,594,4662,338,1109,5094,4019,314,32,1,N\A
104,2006/02/02,6891,3548,2185,437,2375,179,545,2367,3151,2167,42,1,N\A
104,2006/02/18,6164,3470,2116,589,2482,317,755,498,2960,267,60,0,N\A
104,2006/03/06,5414,3608,34841,793,2666,593,981,6407,1613,2036,77,1,N\A
104,2006/03/22,6628,4962,2120,752,3709,443,988,4219,2825,11,87,0,N\A
104,2006/04/07,4430,2005,2116,670,1736,329,738,3595,1788,1741,97,0,N\A
104,2006/04/23,6704,4203,2116,571,2894,334,869,3184,2511,-306,126,0,N\A
104,2006/05/09,7468,4927,2116,466,3215,275,787,3217,2649,-383,142,0,N\A
104,2006/05/25,6440,3331,2116,465,2148,308,758,498,2534,-420,156,0,N\A
104,2006/06/10,6499,3111,2116,418,1970,268,419,1020,2473,1327,163,0,N\A
104,2006/06/26,6705,4240,34841,517,2622,442,726,5708,3300,-378,185,1,N\A
104,2006/07/12,6010,3339,2189,631,2532,278,632,4199,3006,-372,199,1,N\A
104,2006/07/28,4668,2813,2062,833,2292,577,756,1893,2636,-332,213,3,N\A
104,2006/08/13,5535,2926,2189,656,2283,309,707,4209,2742,-203,231,1,N\A
104,2006/08/29,6288,3908,2116,658,2888,343,744,3193,2430,-21,254,0,N\A
104,2006/09/14,8010,5826,36074,426,3856,226,1030,5073,2766,133,272,3,N\A
104,2006/09/30,8294,3249,2257,155,1663,132,406,2348,2120,2128,282,1,N\A
104,2006/10/16,7914,4520,2185,311,2671,198,453,2358,2495,2252,298,1,N\A
104,2006/11/01,6424,3267,2116,470,2159,274,463,993,2812,2286,307,0,N\A
104,2006/11/17,5198,2793,2116,754,2387,306,824,497,3466,490,332,0,N\A
104,2006/12/03,6766,4828,2120,704,3651,349,1026,5726,4126,415,345,1,N\A
104,2006/12/19,6651,4818,2120,762,3789,354,1144,6256,4328,400,354,1,N\A
105,2006/01/01,6336,4337,35033,756,3371,378,785,3240,3978,404,14,1,N\A
105,2006/01/17,6342,4541,2120,788,3521,427,1117,5083,4010,311,32,1,N\A
105,2006/02/02,6396,4354,34837,722,3285,387,880,3211,3521,278,46,1,N\A
105,2006/02/18,7556,4867,2116,419,3011,295,763,2394,2750,2068,58,0,N\A
105,2006/03/06,7429,5987,2120,645,4373,357,1084,4219,3116,123,71,0,N\A
105,2006/03/22,7530,6162,2120,626,4443,362,1033,4209,2823,7,87,0,N\A
105,2006/04/07,6391,4325,2116,708,3216,396,760,454,2177,-227,108,0,N\A
105,2006/04/23,5535,3220,2116,727,2530,386,845,470,2225,-320,124,0,N\A
105,2006/05/09,5093,2882,2116,817,2513,361,745,3211,2657,-384,142,0,N\A
105,2006/05/25,4960,2531,2116,696,2066,362,650,488,2544,-464,156,0,N\A
105,2006/06/10,7212,4540,2061,477,2946,295,510,3164,2903,-434,174,1,N\A
105,2006/06/26,6392,3704,2185,571,2595,315,613,1893,2797,-433,181,1,N\A
105,2006/07/12,7880,6031,2116,482,4067,280,816,3155,2839,-352,206,0,N\A
105,2006/07/28,4789,9690,2066,1717,4873,2271,1710,4199,2902,-300,215,3,N\A
105,2006/08/13,7768,4741,34965,375,2986,196,582,4559,1707,1536,232,1,N\A
105,2006/08/29,3549,1644,2116,877,1842,324,603,471,2133,7,252,0,N\A
105,2006/09/14,6705,4483,2261,637,3230,346,845,5073,2763,128,272,1,N\A
105,2006/09/30,5130,4076,34837,1009,3135,820,879,3245,2662,273,286,1,N\A
105,2006/10/16,7089,4630,2189,525,3083,323,641,4267,2946,321,295,1,N\A
105,2006/11/01,6631,3654,2116,467,2306,337,531,470,3107,474,316,0,N\A
105,2006/11/17,6948,4336,2116,515,2860,324,645,1911,3396,469,325,0,N\A
105,2006/12/03,7131,5556,2189,737,4402,311,1040,5726,4116,418,345,1,N\A
105,2006/12/19,6513,4281,2116,681,3226,327,1090,1911,3862,456,357,0,N\A
106,2006/01/01,6819,3452,2120,419,2216,229,592,4217,3515,2319,1,0,N\A
106,2006/01/17,8883,7489,2116,286,4839,181,847,3673,3931,362,23,0,N\A
106,2006/02/02,8146,4202,34961,253,2477,102,273,1846,3320,2192,35,1,N\A
106,2006/02/18,7716,5338,2116,470,3647,212,645,453,2866,2097,60,0,N\A
106,2006/03/06,6563,5566,2185,968,4665,516,1254,3606,3025,128,71,1,N\A
106,2006/03/22,5260,2900,2116,719,2315,383,1059,3182,1936,1809,90,0,N\A
106,2006/04/07,6313,3387,2120,537,2376,270,891,5040,1500,1635,104,1,N\A
106,2006/04/23,5001,3154,2116,942,2827,472,1240,3597,2545,-250,119,0,N\A
106,2006/05/09,3565,1859,2116,978,2062,448,1301,2461,2589,-406,142,0,N\A
106,2006/05/25,2529,984,2116,768,1288,358,507,1873,2272,1336,147,0,N\A
106,2006/06/10,3680,2181,36070,893,1933,716,1022,2415,2840,-444,174,3,N\A
106,2006/06/26,7550,4842,2120,433,3102,256,631,5310,3239,-389,185,1,N\A
106,2006/07/12,8724,6350,34965,268,3934,148,705,5712,1874,1301,207,1,N\A
106,2006/07/28,8660,7807,34965,389,5421,219,818,4541,2879,-251,224,1,N\A
106,2006/08/13,8062,5159,2116,357,3328,143,346,479,2164,1654,236,0,N\A
106,2006/08/29,8176,5590,2116,364,3628,162,509,1910,1945,1662,243,0,N\A
106,2006/09/14,2917,2070,34837,2038,3717,756,1162,1892,1886,1868,259,1,N\A
106,2006/09/30,5309,2676,35033,640,2089,319,619,389,2301,2165,284,1,N\A
106,2006/10/16,6148,2830,36002,468,1962,210,954,5680,2332,2370,303,3,N\A
106,2006/11/01,4656,2516,2116,820,2249,396,1409,462,3042,2342,316,0,N\A
106,2006/11/17,4854,3062,35878,990,2858,473,1548,5935,3746,388,322,3,N\A
106,2006/12/03,2354,814,2120,695,1123,287,469,4178,3271,2362,337,0,N\A
106,2006/12/19,4790,2556,2120,766,2175,399,753,5935,4243,403,354,1,N\A
107,2006/01/01,5387,4024,2066,800,2669,781,746,5561,3276,2318,15,3,N\A
107,2006/01/17,4824,2358,2116,717,2054,291,555,3854,3936,359,23,0,N\A
107,2006/02/02,6179,5614,2066,815,3452,880,916,5572,2632,2192,47,3,N\A
107,2006/02/18,6050,3298,2116,609,2475,265,642,191,2879,2123,60,0,N\A
107,2006/03/06,5522,6088,34841,1203,4171,1227,1057,5436,3293,90,73,1,N\A
107,2006/03/22,5804,3503,34965,711,2678,388,971,6148,1445,1891,86,1,N\A
107,2006/04/07,7285,3384,34965,316,2012,184,642,6155,1238,1640,102,1,N\A
107,2006/04/23,5820,3533,2116,704,2665,402,786,211,2185,1581,124,0,N\A
107,2006/05/09,6242,3961,2116,683,2952,364,483,2682,2627,-404,142,0,N\A
107,2006/05/25,4020,2123,2185,867,2033,468,572,193,2521,1448,156,1,N\A
107,2006/06/10,4641,2333,3158,714,1951,398,550,4043,2231,1249,161,3,N\A
107,2006/06/26,4599,2324,2120,745,2014,378,479,5425,3278,-385,185,1,N\A
107,2006/07/12,6675,4438,2066,531,2663,512,649,5604,1914,1300,207,3,N\A
107,2006/07/28,5264,2821,34837,681,2195,382,534,1257,2606,-336,213,1,N\A
107,2006/08/13,6583,3342,2116,485,2354,171,509,2986,1926,1559,234,0,N\A
107,2006/08/29,5133,2634,2116,584,1816,484,952,2654,2364,-28,254,0,N\A
107,2006/09/14,6427,3333,3226,495,2276,252,595,4034,1611,1847,257,3,N\A
107,2006/09/30,5612,2629,2185,535,1904,280,608,2912,2037,2124,282,1,N\A
107,2006/10/16,-1198,-288,2189,654,514,310,100,5468,3146,297,297,1,N\A
107,2006/11/01,4677,2447,2189,804,2217,348,831,5447,3460,365,313,1,N\A
107,2006/11/17,2389,2001,34841,1667,2714,1285,807,6521,4028,387,331,1,N\A
107,2006/12/03,2966,1393,2185,881,1624,477,393,2663,3821,460,350,1,N\A
107,2006/12/19,4286,2276,2189,867,2168,411,576,6031,4246,400,354,1,N\A
108,2006/01/01,3995,1187,2120,426,993,215,430,4285,3452,2316,1,0,N\A
108,2006/01/17,8626,4108,2185,166,2252,74,441,3182,3324,2224,26,1,N\A
108,2006/02/02,9347,6074,2116,119,3529,28,632,3210,3014,2156,42,0,N\A
108,2006/02/18,8765,5617,2116,215,3267,130,491,541,2830,1989,60,0,N\A
108,2006/03/06,7828,6430,2185,548,4500,323,985,3540,3001,114,71,1,N\A
108,2006/03/22,6385,3430,2116,515,2335,288,746,3266,1925,1791,90,0,N\A
108,2006/04/07,6239,3210,2120,513,2215,272,994,5102,1510,1608,104,1,N\A
108,2006/04/23,5738,3186,2116,651,2404,341,1202,559,2179,1433,124,0,N\A
108,2006/05/09,6343,3981,2116,668,2986,325,930,2378,2627,-408,142,0,N\A
108,2006/05/25,5686,3160,2116,688,2502,304,913,976,2578,-431,149,0,N\A
108,2006/06/10,4477,1587,2116,481,1261,248,504,2332,2884,-449,174,0,N\A
108,2006/06/26,4499,1538,2189,431,1136,302,433,5269,3278,-403,185,1,N\A
108,2006/07/12,6204,2306,2185,315,1345,276,621,3512,2981,-395,199,1,N\A
108,2006/07/28,8322,4433,2116,235,2566,111,540,3275,2138,1425,218,0,N\A
108,2006/08/13,9146,5780,2189,150,3365,48,550,5745,1402,1564,239,1,N\A
108,2006/08/29,9109,5627,34897,148,3175,82,532,4276,1673,1616,241,1,N\A
108,2006/09/14,6939,4516,2116,596,3299,255,736,1992,1869,1849,259,0,N\A
108,2006/09/30,7227,5639,3294,587,3648,480,1050,994,2276,215,277,3,N\A
108,2006/10/16,5649,3089,2189,676,2432,304,1119,4217,2037,2217,289,1,N\A
108,2006/11/01,6179,3674,2116,637,2698,333,871,967,2907,419,309,0,N\A
108,2006/11/17,6151,3398,2116,598,2510,271,767,549,3329,2303,332,0,N\A
108,2006/12/03,4562,1716,2185,516,1382,249,487,2360,3766,453,350,1,N\A
108,2006/12/19,4701,1564,2185,421,1168,234,416,940,3736,471,357,1,N\A
109,2006/01/01,4704,1776,2116,515,1430,219,392,3880,3465,2308,1,0,N\A
109,2006/01/17,8554,7543,2189,415,5327,205,1019,4896,3922,303,32,1,N\A
109,2006/02/02,8167,6578,2185,457,4530,239,849,2913,3438,268,46,1,N\A
109,2006/02/18,7247,6215,2116,781,4894,405,1155,3988,3384,200,55,0,N\A
109,2006/03/06,6106,4046,2116,756,3127,402,992,1556,2812,149,69,0,N\A
109,2006/03/22,4893,2246,2116,613,1788,319,1101,2764,1990,1786,90,0,N\A
109,2006/04/07,5867,4377,2116,978,3755,502,1533,3959,2637,-140,103,0,N\A
109,2006/04/23,6814,4411,2116,593,3130,308,1050,73,2250,-303,124,0,N\A
109,2006/05/09,7795,4865,3158,383,3092,196,680,6057,1644,1233,134,3,N\A
109,2006/05/25,6482,3969,2116,629,2947,283,800,91,2596,-506,156,0,N\A
109,2006/06/10,5889,3803,34838,661,2555,543,576,3862,2309,1248,161,3,N\A
109,2006/06/26,4029,1635,34965,609,1431,336,282,5552,3348,-396,185,1,N\A
109,2006/07/12,5603,2315,3226,463,1643,224,386,5497,1989,1292,207,3,N\A
109,2006/07/28,6236,3019,2116,480,2071,237,567,2782,2209,1423,218,0,N\A
109,2006/08/13,8776,5315,2189,199,3053,110,552,4778,1724,1498,232,1,N\A
109,2006/08/29,8221,4608,2116,263,2695,144,501,88,2103,153,252,0,N\A
109,2006/09/14,8477,4950,2116,233,2827,150,442,1400,1931,1819,259,0,N\A
109,2006/09/30,6734,5208,3226,776,3977,436,971,4017,2619,184,279,3,N\A
109,2006/10/16,6342,3691,35878,592,2645,306,1025,5466,2273,2344,303,3,N\A
109,2006/11/01,5530,3572,34837,808,2808,488,1029,82,3002,495,316,1,N\A
109,2006/11/17,5426,2444,2116,539,1818,263,773,1409,3078,2285,323,0,N\A
109,2006/12/03,4102,1590,2185,583,1394,286,501,2895,3787,456,350,1,N\A
109,2006/12/19,3557,1283,2185,566,1191,322,335,1556,3756,451,357,1,N\A
110,2006/01/01,8181,4889,2116,292,2919,165,542,634,3746,388,12,0,N\A
110,2006/01/17,7963,6501,2189,529,4665,258,887,4351,3973,345,23,1,N\A
110,2006/02/02,4717,3004,2116,1100,3065,442,1273,3305,3496,265,46,0,N\A
110,2006/02/18,4436,2297,2116,830,2154,364,787,893,3016,2090,51,0,N\A
110,2006/03/06,4503,2492,2116,886,2338,412,915,572,2579,51,76,0,N\A
110,2006/03/22,4221,2640,2120,1110,2732,538,966,4283,2834,-5,87,0,N\A
110,2006/04/07,2277,1169,2116,1117,1776,586,475,1994,2386,-138,101,0,N\A
110,2006/04/23,3745,1913,2116,870,1912,469,595,3268,2569,-314,126,0,N\A
110,2006/05/09,4944,3280,34961,1042,3080,507,943,3296,2716,-397,142,1,N\A
110,2006/05/25,7538,4497,2116,407,2900,198,511,596,2609,-481,156,0,N\A
110,2006/06/10,8601,5567,2116,254,3379,116,492,2331,2483,1277,170,0,N\A
110,2006/06/26,8040,6400,2189,481,4428,253,751,4277,3111,-415,183,1,N\A
110,2006/07/12,6519,4581,2185,723,3431,399,871,2352,2413,1353,202,1,N\A
110,2006/07/28,5155,3795,34838,959,3000,708,850,956,2451,1422,211,3,N\A
110,2006/08/13,4914,2489,3222,755,2214,279,755,3539,1998,1473,225,3,N\A
110,2006/08/29,5554,4011,34842,1039,3635,492,1524,6291,3131,-131,242,3,N\A
110,2006/09/14,5866,3533,3298,731,2806,335,523,5124,2757,113,272,3,N\A
110,2006/09/30,3000,3018,2062,1324,2459,1467,1060,3487,1802,2037,273,3,N\A
110,2006/10/16,1342,671,2185,1228,1609,640,138,2266,2437,2224,298,1,N\A
110,2006/11/01,6830,3891,2116,479,2544,287,480,578,3056,454,316,0,N\A
110,2006/11/17,7262,4077,2116,430,2711,174,612,920,3132,2280,323,0,N\A
110,2006/12/03,8110,4939,2116,316,3029,159,491,605,3646,488,348,0,N\A
110,2006/12/19,7851,5488,2116,441,3664,217,676,2012,3811,446,357,0,N\A
111,2006/01/01,8108,5315,2116,357,3418,155,730,3627,3471,2302,1,0,N\A
111,2006/01/17,6947,4101,2189,506,2809,241,705,4500,3206,2250,24,1,N\A
111,2006/02/02,4682,3231,2061,1101,3040,619,1353,3212,3463,252,46,1,N\A
111,2006/02/18,5421,3698,2120,898,3025,538,1460,4229,3412,198,55,0,N\A
111,2006/03/06,3787,1597,2116,702,1558,316,434,1911,2844,125,69,0,N\A
111,2006/03/22,5471,2200,2185,439,1500,277,469,443,2308,-21,92,1,N\A
111,2006/04/07,8124,4828,2120,294,2841,189,619,4569,1624,1602,104,1,N\A
111,2006/04/23,8687,6054,2185,260,3702,140,646,2441,2003,1440,122,1,N\A
111,2006/05/09,8855,6078,2120,220,3626,125,581,5922,1684,1238,134,1,N\A
111,2006/05/25,8421,5813,2185,310,3618,167,613,2413,2389,1290,154,1,N\A
111,2006/06/10,6807,3995,2116,539,2838,225,553,1047,2582,1301,163,0,N\A
111,2006/06/26,4492,2295,2116,784,2063,378,1013,2459,2534,1299,186,0,N\A
111,2006/07/12,5179,2584,2190,663,2088,304,663,5703,3349,-357,201,3,N\A
111,2006/07/28,4046,4275,2066,1417,3343,1411,1345,5032,3016,-266,224,3,N\A
111,2006/08/13,6646,3181,2185,413,2050,222,495,2450,2025,1543,234,1,N\A
111,2006/08/29,7616,4006,2116,328,2424,175,587,1056,2064,1629,243,0,N\A
111,2006/09/14,8442,5052,2116,252,2983,131,528,1039,1968,1840,259,0,N\A
111,2006/09/30,8254,6510,2185,413,4318,240,642,3239,2605,246,286,1,N\A
111,2006/10/16,8582,6069,2185,280,3672,184,524,3548,2079,2188,289,1,N\A
111,2006/11/01,4950,2689,2116,772,2286,379,776,455,3012,391,316,0,N\A
111,2006/11/17,5286,2651,2116,634,2056,327,820,3614,2888,2337,321,0,N\A
111,2006/12/03,3732,1411,2185,612,1341,280,315,481,3601,433,348,1,N\A
111,2006/12/19,3520,1549,2185,775,1617,358,662,1911,3768,455,357,1,N\A
112,2006/01/01,5844,3486,2116,738,2814,314,889,715,3716,386,12,0,N\A
112,2006/01/17,5918,4022,2189,857,3342,405,1212,4395,3948,334,23,1,N\A
112,2006/02/02,6616,3693,36074,522,2564,250,968,6348,2488,2228,45,3,N\A
112,2006/02/18,5996,4447,2189,910,3636,503,1535,4355,3431,200,55,1,N\A
112,2006/03/06,6375,4602,2116,813,3673,402,1313,2094,2863,134,69,0,N\A
112,2006/03/22,7171,5391,2116,624,3789,381,1305,642,2328,-71,92,0,N\A
112,2006/04/07,7236,4548,35874,501,3125,228,986,3473,1826,1691,97,3,N\A
112,2006/04/23,3441,2283,2185,1725,3535,543,1866,3333,2604,-324,126,1,N\A
112,2006/05/09,4799,2914,34842,816,2322,573,1319,5808,3107,-344,137,3,N\A
112,2006/05/25,6173,2579,2116,401,1695,208,431,678,2654,-493,156,0,N\A
112,2006/06/10,7843,3846,2116,265,2193,167,500,839,2598,1281,163,0,N\A
112,2006/06/26,9073,7081,2116,212,4362,131,617,2284,2550,1300,186,0,N\A
112,2006/07/12,9015,6846,34897,218,4211,125,616,5246,2045,1301,207,1,N\A
112,2006/07/28,7674,6501,34837,568,4317,441,730,2058,2734,-365,213,1,N\A
112,2006/08/13,7091,4675,2185,565,3320,264,574,866,2285,1489,227,1,N\A
112,2006/08/29,3702,2004,2116,939,2043,521,1146,857,2085,1657,243,0,N\A
112,2006/09/14,4204,3967,2066,1410,3456,1203,1189,6327,3048,-25,258,3,N\A
112,2006/09/30,4520,2296,2258,769,2038,378,1227,3426,1790,2014,273,3,N\A
112,2006/10/16,3258,1169,2185,598,1176,321,507,2167,2620,315,293,1,N\A
112,2006/11/01,6642,3016,2116,389,1928,201,499,660,3024,439,316,0,N\A
112,2006/11/17,8364,4820,2185,253,2841,125,576,679,3366,437,332,1,N\A
112,2006/12/03,8346,6201,2185,301,3340,386,921,687,3611,482,348,1,N\A
112,2006/12/19,8637,7948,2189,402,5497,251,947,4336,3981,412,359,1,N\A
113,2006/01/01,9189,6732,2116,173,4095,76,607,3033,3522,2298,1,0,N\A
113,2006/01/17,7807,5181,34897,428,3477,178,618,4014,3261,2238,24,1,N\A
113,2006/02/02,6476,3845,2116,589,2754,295,808,2958,3204,2198,33,0,N\A
113,2006/02/18,5262,2844,2116,713,2297,354,1173,1700,2762,2047,58,0,N\A
113,2006/03/06,5527,4088,2116,1063,3691,533,1714,3754,2894,56,78,0,N\A
113,2006/03/22,6231,3605,2116,620,2670,290,938,1737,2108,1767,90,0,N\A
113,2006/04/07,5942,3889,2116,794,3120,391,1131,1230,2294,-193,108,0,N\A
113,2006/04/23,6223,3895,2116,687,2951,339,863,1239,2361,-349,124,0,N\A
113,2006/05/09,5209,2723,3154,698,2216,329,782,3787,2802,-400,142,3,N\A
113,2006/05/25,1875,631,2116,706,1032,315,400,1257,2693,-484,156,0,N\A
113,2006/06/10,2377,914,2116,811,1317,313,364,252,2635,1295,163,0,N\A
113,2006/06/26,5751,2540,2120,483,1791,242,548,4101,2369,1257,184,0,N\A
113,2006/07/12,8580,5571,34965,253,3312,147,673,4959,2082,1315,207,1,N\A
113,2006/07/28,8646,7167,35037,360,4961,143,829,4670,3038,-308,215,1,N\A
113,2006/08/13,8477,5025,2185,241,2925,136,494,1737,2098,1545,234,1,N\A
113,2006/08/29,7396,4241,2116,407,2720,204,507,274,2141,1750,243,0,N\A
113,2006/09/14,5491,3094,2116,713,2450,359,764,244,2048,1869,259,0,N\A
113,2006/09/30,5937,2854,3294,517,2028,253,541,2977,1846,2011,273,3,N\A
113,2006/10/16,2852,1086,2185,714,1284,327,462,2939,2141,2171,289,1,N\A
113,2006/11/01,3155,1070,2116,578,1111,284,412,1248,3068,429,316,0,N\A
113,2006/11/17,6358,3098,2116,461,2071,246,596,2608,3357,438,325,0,N\A
113,2006/12/03,8607,5730,2116,260,3474,135,592,1266,3653,462,348,0,N\A
113,2006/12/19,8571,6750,2116,338,4393,187,703,2608,3823,452,357,0,N\A
114,2006/01/01,6994,6410,3098,648,3664,772,1108,2840,4040,422,14,3,N\A
114,2006/01/17,7578,4386,34961,390,2831,168,632,1400,3713,2260,19,1,N\A
114,2006/02/02,7959,5254,2185,386,3397,185,659,1502,3624,350,37,1,N\A
114,2006/02/18,5683,4595,2061,1035,3760,686,1174,2793,3180,223,62,1,N\A
114,2006/03/06,5851,3739,34841,844,3225,316,854,4780,3056,89,80,1,N\A
114,2006/03/22,5613,2886,4237,620,2207,291,890,4808,1739,1901,88,1,N\A
114,2006/04/07,6143,2771,2116,446,1867,230,652,3928,1730,1780,97,0,N\A
114,2006/04/23,5164,2843,2116,722,2264,405,1250,42,2103,1857,124,0,N\A
114,2006/05/09,4765,3293,34837,947,2671,702,821,1457,2307,-343,133,1,N\A
114,2006/05/25,3462,1502,2061,757,1559,367,726,29,2399,1900,156,1,N\A
114,2006/06/10,4325,1832,2116,618,1560,322,643,2828,2263,1302,170,0,N\A
114,2006/06/26,6410,4887,34841,720,3292,594,870,5489,3174,-358,185,1,N\A
114,2006/07/12,8421,5126,35934,258,3011,151,574,4818,1980,1329,200,3,N\A
114,2006/07/28,6825,4829,2062,592,3138,468,724,1411,2517,-322,213,3,N\A
114,2006/08/13,7309,5344,2116,601,3866,293,890,2765,2443,-127,238,0,N\A
114,2006/08/29,6540,4433,2116,694,3318,358,1051,1438,2250,-71,245,0,N\A
114,2006/09/14,5567,3597,3226,898,3154,382,1326,4810,2753,163,272,3,N\A
114,2006/09/30,5383,3433,2116,857,2856,459,1371,2839,2693,308,286,0,N\A
114,2006/10/16,5902,3075,2116,573,2224,299,1048,2773,2561,2270,298,0,N\A
114,2006/11/01,4754,2173,2116,630,1772,322,847,2819,2987,2339,314,0,N\A
114,2006/11/17,3973,1488,2120,574,1331,275,558,4798,3198,2393,328,1,N\A
114,2006/12/03,3938,1525,2116,594,1366,304,533,3899,3428,2375,337,0,N\A
114,2006/12/19,5700,3157,2120,652,2381,347,858,6076,4379,417,354,1,N\A
115,2006/01/01,3881,2520,2066,882,2001,826,770,6433,3326,2369,13,3,N\A
115,2006/01/17,6460,2408,2185,343,1595,88,449,2486,3525,2235,26,1,N\A
115,2006/02/02,7558,3892,2185,337,2424,139,507,1802,3634,348,37,1,N\A
115,2006/02/18,7005,3159,2116,346,1965,164,444,299,2988,239,60,0,N\A
115,2006/03/06,6598,3440,2116,479,2337,228,612,277,2594,39,76,0,N\A
115,2006/03/22,5969,4112,2120,863,3419,408,1020,4084,2808,33,87,0,N\A
115,2006/04/07,5853,3764,2120,789,3017,394,1139,4941,2710,-164,112,1,N\A
115,2006/04/23,5778,3488,2116,739,2762,360,1096,3034,2440,-277,126,0,N\A
115,2006/05/09,6343,3823,36002,637,2847,296,910,4971,2851,-346,144,3,N\A
115,2006/05/25,3679,1731,34837,743,1608,477,554,299,2441,-453,156,1,N\A
115,2006/06/10,4499,1402,35874,423,1115,176,442,3709,2133,1287,161,3,N\A
115,2006/06/26,3453,2216,2066,888,1825,878,675,6469,1777,1195,189,3,N\A
115,2006/07/12,6919,2726,35934,296,1626,161,380,4658,2021,1327,200,3,N\A
115,2006/07/28,5550,3335,2062,661,2310,522,596,1702,2559,-327,213,3,N\A
115,2006/08/13,8061,5616,2189,390,3633,205,710,4074,2685,-183,231,1,N\A
115,2006/08/29,7216,3677,2116,370,2289,195,481,291,2112,44,252,0,N\A
115,2006/09/14,6806,4844,36002,698,3674,334,962,4971,2775,157,272,3,N\A
115,2006/09/30,7179,4068,2116,432,2631,228,690,3680,1871,2088,273,0,N\A
115,2006/10/16,6551,3268,34841,455,2184,225,741,4599,2345,2306,296,1,N\A
115,2006/11/01,6278,3001,34893,463,2025,239,755,2560,2983,2328,314,1,N\A
115,2006/11/17,5757,2612,34897,494,1835,262,819,4639,3188,2394,328,1,N\A
115,2006/12/03,5276,2242,2116,509,1646,270,387,1784,3774,487,341,0,N\A
115,2006/12/19,4012,1405,2185,523,1224,252,422,3699,3614,2348,353,1,N\A
116,2006/01/01,6306,3496,2061,549,2424,308,759,2756,4009,419,14,1,N\A
116,2006/01/17,6233,2932,34893,455,1961,247,399,2828,3490,2240,26,1,N\A
116,2006/02/02,4964,4420,2062,1005,2987,1041,846,1411,3595,347,37,3,N\A
116,2006/02/18,5046,2581,2116,691,2099,348,566,2706,3156,212,62,0,N\A
116,2006/03/06,5871,4712,35878,741,2849,815,524,4858,2121,2043,72,3,N\A
116,2006/03/22,5150,2565,2116,645,2015,338,546,3816,2767,31,87,0,N\A
116,2006/04/07,5836,3027,2185,570,2168,319,667,161,2086,1832,108,1,N\A
116,2006/04/23,7244,4627,2185,486,3041,287,819,2700,2408,-283,126,1,N\A
116,2006/05/09,8070,5249,2116,351,3287,188,612,2728,2537,-375,142,0,N\A
116,2006/05/25,8193,4822,2116,285,2870,157,551,117,2418,1421,156,0,N\A
116,2006/06/10,8521,5672,2116,275,3445,150,513,2912,2284,1294,170,0,N\A
116,2006/06/26,7797,6024,2120,523,4227,266,913,5446,3188,-368,185,1,N\A
116,2006/07/12,8299,5517,2120,310,3336,198,720,4878,1998,1320,200,1,N\A
116,2006/07/28,5634,3437,3098,739,2647,427,843,1312,2528,-341,213,3,N\A
116,2006/08/13,6247,3711,2116,625,2706,325,737,3806,2649,-188,231,0,N\A
116,2006/08/29,6469,4128,2116,639,2981,351,685,2701,2367,10,254,0,N\A
116,2006/09/14,6941,4370,3226,534,2958,306,653,4750,2732,157,272,3,N\A
116,2006/09/30,7496,3733,34961,313,2187,202,514,62,2393,2175,284,1,N\A
116,2006/10/16,8191,4427,2116,252,2535,154,570,2856,2528,2267,298,0,N\A
116,2006/11/01,7472,3794,2116,333,2302,177,510,134,3154,2313,316,0,N\A
116,2006/11/17,8012,5869,2185,432,3915,223,764,3825,3658,457,327,1,N\A
116,2006/12/03,7395,4211,34965,407,2718,192,585,5540,3453,2402,351,1,N\A
116,2006/12/19,7055,5133,2120,659,3817,319,1059,6048,4348,414,354,1,N\A
117,2006/01/01,3647,3944,3102,1239,2662,1477,748,5479,4313,385,9,3,N\A
117,2006/01/17,7510,5176,2257,466,3277,333,654,2775,3807,348,30,1,N\A
117,2006/02/02,3476,4706,2066,1805,3729,1912,1105,5489,3975,277,41,3,N\A
117,2006/02/18,7428,4202,2116,370,2508,268,538,99,2933,2128,60,0,N\A
117,2006/03/06,8688,6371,34965,279,3977,152,583,4848,2108,2035,72,1,N\A
117,2006/03/22,6822,5484,2189,885,4686,356,1110,6534,3311,-15,91,1,N\A
117,2006/04/07,4917,2771,34837,829,2433,392,895,1609,2003,1749,99,1,N\A
117,2006/04/23,5830,3631,2116,798,3030,327,1064,2719,2427,-290,126,0,N\A
117,2006/05/09,7443,4725,35998,495,3378,146,675,3967,1772,1396,129,3,N\A
117,2006/05/25,4355,2152,2185,804,2045,327,755,99,2444,1427,156,1,N\A
117,2006/06/10,3895,1536,34893,655,1491,242,338,3976,2144,1273,161,1,N\A
117,2006/06/26,3292,1988,2062,993,1968,756,473,1347,2698,-431,181,3,N\A
117,2006/07/12,7696,6068,35878,519,3987,375,800,4724,3003,-317,208,3,N\A
117,2006/07/28,7251,6336,35874,594,3728,657,900,3816,2811,-293,215,3,N\A
117,2006/08/13,8584,7054,2185,353,4636,210,724,3825,2663,-195,231,1,N\A
117,2006/08/29,7129,5705,2116,747,4458,357,918,2719,2369,2,254,0,N\A
117,2006/09/14,6955,5460,2062,633,3526,544,586,3976,1633,1882,257,3,N\A
117,2006/09/30,6526,4101,35038,671,3193,246,885,6091,1614,2248,278,3,N\A
117,2006/10/16,6742,3552,34837,472,2426,201,1057,2837,2503,2261,298,1,N\A
117,2006/11/01,5864,3651,2116,750,2877,375,1055,116,3128,2311,316,0,N\A
117,2006/11/17,6276,3381,34837,526,2299,313,664,1582,3215,2315,323,1,N\A
117,2006/12/03,4751,2082,34837,613,1723,277,541,3957,3362,2370,337,1,N\A
117,2006/12/19,3203,859,35033,435,845,203,383,1582,3710,2332,355,1,N\A
118,2006/01/01,4156,1910,34965,639,1548,465,372,4149,3553,2325,1,1,N\A
118,2006/01/17,4974,2943,3154,838,2497,458,546,3740,3962,361,23,3,N\A
118,2006/02/02,5916,5804,35878,1002,3906,988,703,4631,3672,252,48,3,N\A
118,2006/02/18,7815,4844,2116,374,3050,198,641,342,2892,2033,60,0,N\A
118,2006/03/06,6779,7012,2062,940,4898,857,1064,2507,2755,92,78,3,N\A
118,2006/03/22,7875,4986,2116,371,3121,208,668,3107,1947,1825,90,0,N\A
118,2006/04/07,7458,4865,34965,466,3201,259,803,4989,1499,1651,104,1,N\A
118,2006/04/23,5942,3993,2116,767,3014,473,1142,2516,2429,-298,126,0,N\A
118,2006/05/09,6878,4608,35874,645,3488,258,1164,2544,2571,-385,142,3,N\A
118,2006/05/25,7459,6278,35998,512,3518,616,1277,3692,2786,-407,151,3,N\A
118,2006/06/10,6320,4889,34842,806,3575,567,840,5363,3175,-395,169,3,N\A
118,2006/06/26,6545,5188,3226,694,3324,642,1005,5352,3222,-382,185,3,N\A
118,2006/07/12,5533,4452,35874,937,3259,779,572,1103,2678,-428,197,3,N\A
118,2006/07/28,5545,4545,34842,993,3465,777,880,4601,2872,-242,224,3,N\A
118,2006/08/13,6381,3908,2185,638,2888,310,614,3654,2656,-203,231,1,N\A
118,2006/08/29,7236,5743,2116,668,4166,393,1060,2516,2345,-5,254,0,N\A
118,2006/09/14,8204,5485,36002,337,3417,187,583,5636,1499,2119,271,3,N\A
118,2006/09/30,8412,5529,2189,291,3375,157,519,4111,1770,2084,273,1,N\A
118,2006/10/16,7258,4083,2189,418,2631,212,731,5636,2370,2368,303,1,N\A
118,2006/11/01,7128,5863,35874,665,3967,517,1669,3682,3237,404,311,3,N\A
118,2006/11/17,7020,5078,34837,563,3216,471,854,1819,3162,2334,323,1,N\A
118,2006/12/03,7190,3924,34841,415,2539,200,837,4120,3308,2367,337,1,N\A
118,2006/12/19,5717,3809,3102,683,2507,618,622,4130,3502,2355,353,3,N\A