site-id,lat,lon,tile-h,tile-v,pixel-col,pixel_row
1,22.388955,87.887762,26,6,606,3653
2,22.109358,87.641725,26,6,574,3787
3,25.367479,84.121043,25,6,2884,2223
4,16.614743,81.682847,25,7,3970,1624
5,16.107974,80.633416,25,7,3584,1868
6,10.868029,79.425993,25,7,3840,4383
id,Date,250m 16 days NDVI,250m 16 days EVI,250m 16 days VI Quality,250m 16 days red reflectance,250m 16 days NIR reflectance,250m 16 days blue reflectance,250m 16 days MIR reflectance,250m 16 days view zenith angle,250m 16 days sun zenith angle,250m 16 days relative azimuth angle,250m 16 days composite day of the year,250m 16 days pixel reliability,actual_date
1,2002/01/01,4547,1727,2257,515,1374,271,661,666,4790,2333,14,1,N\A
1,2002/01/17,5229,2577,2257,633,2021,314,828,3166,4829,492,25,1,N\A
1,2002/02/02,6188,2703,2185,421,1788,223,703,648,4100,2280,46,1,N\A
1,2002/02/18,7455,4423,2189,427,2929,180,834,4938,3417,2314,58,1,N\A
1,2002/03/06,7923,4395,2185,313,2701,133,677,2009,3249,2239,69,1,N\A
1,2002/03/22,7286,3876,2185,380,2421,205,527,675,2475,2117,94,1,N\A
1,2002/04/07,6267,3681,2185,608,2650,324,822,751,2325,232,103,1,N\A
1,2002/04/23,4440,2304,2185,793,2060,410,1216,2037,1739,1988,117,1,N\A
1,2002/05/09,3072,1545,2185,1026,1936,450,1491,3218,1333,1776,140,1,N\A
1,2002/05/25,4051,2278,2261,967,2284,485,1414,4143,2170,-80,146,1,N\A
1,2002/06/10,2981,1467,34837,1030,1905,424,755,2046,1525,1648,165,1,N\A
1,2002/06/26,3265,3295,2062,1531,3016,1458,1466,1985,2072,-119,192,3,N\A
1,2002/07/12,4578,2578,34838,894,2404,417,589,2082,1668,1700,197,3,N\A
1,2002/07/28,5841,3287,2062,535,2038,509,713,3194,2332,11,217,3,N\A
1,2002/08/13,6430,2933,35998,418,1924,213,383,729,2135,2034,238,3,N\A
1,2002/08/29,7145,4742,34961,573,3442,234,732,3204,2672,260,249,1,N\A
1,2002/09/14,6815,3453,2185,428,2260,209,568,2064,2517,2225,261,1,N\A
1,2002/09/30,7999,5317,2261,379,3410,191,739,4181,3315,404,274,1,N\A
1,2002/10/16,7065,3511,2185,379,2204,198,500,695,3834,2424,302,1,N\A
1,2002/11/01,6103,2783,2185,461,1905,227,481,2009,3994,2405,309,1,N\A
1,2002/11/17,5548,2793,2116,600,2096,308,794,715,4554,617,327,0,N\A
1,2002/12/03,4611,2218,2185,676,1833,380,946,627,4833,549,343,1,N\A
1,2002/12/19,5346,2499,2185,564,1860,304,982,2077,5018,540,3,1,N\A
2,2002/01/01,4313,1910,2185,652,1641,348,297,2214,4882,526,16,1,N\A
2,2002/01/17,4800,2203,2120,618,1759,336,406,4052,4530,2380,19,0,N\A
2,2002/02/02,8522,5515,2185,262,3285,154,630,489,4088,2341,46,1,N\A
2,2002/02/18,8839,6963,2189,274,4447,148,844,4868,3401,2309,58,1,N\A
2,2002/03/06,8266,4999,2185,285,3004,149,489,522,3013,2166,78,1,N\A
2,2002/03/22,4561,3069,2116,1208,3234,531,1369,2215,2642,240,96,0,N\A
2,2002/04/07,2693,1492,2116,1187,2062,603,1610,915,2328,196,103,0,N\A
2,2002/04/23,2384,1163,2185,1059,1722,511,1505,1881,1747,1964,117,1,N\A
2,2002/05/09,2845,1276,2185,865,1553,436,1031,3097,1350,1772,140,1,N\A
2,2002/05/25,2912,1368,2189,937,1707,435,903,4250,2191,-89,146,1,N\A
2,2002/06/10,2303,1654,2062,1285,2054,1086,723,3344,2134,-155,169,3,N\A
2,2002/06/26,1666,2072,2062,2517,3524,2197,2131,2137,2094,-125,192,3,N\A
2,2002/07/12,-529,-199,2261,1093,983,504,196,4251,2386,-114,194,1,N\A
2,2002/07/28,1084,1492,2066,2347,2918,2325,1342,5054,2642,9,219,3,N\A
2,2002/08/13,1352,2336,2066,2640,3466,2729,2107,6057,1351,2112,232,3,N\A
2,2002/08/29,794,1095,2066,3457,4054,2823,1361,6494,1901,2360,255,3,N\A
2,2002/09/14,-1632,-510,2261,962,692,433,121,4081,2286,2262,259,1,N\A
2,2002/09/30,-559,-153,2261,736,658,314,113,5507,2611,2392,273,1,N\A
2,2002/10/16,-390,-79,2185,479,443,262,90,2196,3995,557,304,1,N\A
2,2002/11/01,-790,-160,2185,505,431,256,97,3372,4310,553,313,1,N\A
2,2002/11/17,-1120,-255,2185,546,436,391,73,3326,4691,564,329,1,N\A
2,2002/12/03,-1043,-209,2185,487,395,315,75,796,4815,582,343,1,N\A
2,2002/12/19,2115,490,2189,408,627,256,127,4090,4732,2426,355,1,N\A
3,2002/01/01,5186,3047,2257,801,2527,423,1518,3064,5219,529,14,1,N\A
3,2002/01/17,6952,4032,2185,486,2704,249,986,2146,4773,2352,26,1,N\A
3,2002/02/02,8124,5514,2185,358,3460,206,719,635,4454,512,44,1,N\A
3,2002/02/18,7784,5186,2185,413,3316,240,753,811,4161,2312,51,1,N\A
3,2002/03/06,5610,3186,2116,674,2397,390,1244,580,3367,393,76,0,N\A
3,2002/03/22,3589,1712,2185,833,1766,419,1349,2100,2678,2193,90,1,N\A
3,2002/04/07,2914,1735,2116,1285,2342,644,1982,758,2468,2176,99,0,N\A
3,2002/04/23,2130,1320,2116,1522,2346,784,2621,571,1939,163,124,0,N\A
3,2002/05/09,1992,1345,2185,1794,2687,915,2914,2999,2002,22,142,1,N\A
3,2002/05/25,2386,1454,2186,1420,2310,737,2462,2155,1431,1794,154,3,N\A
3,2002/06/10,2694,1769,2186,1577,2740,770,2523,2091,1485,1748,170,3,N\A
3,2002/06/26,3246,2312,2062,1296,2542,913,2328,829,1666,1729,179,3,N\A
3,2002/07/12,3598,2196,3294,1143,2428,621,1501,3265,1473,1795,193,3,N\A
3,2002/07/28,5256,3029,34842,854,2747,300,1673,6474,3033,62,219,3,N\A
3,2002/08/13,5218,2656,2116,652,2075,346,376,3017,2596,233,238,0,N\A
3,2002/08/29,8234,3403,35033,186,1921,39,133,532,2658,323,252,1,N\A
3,2002/09/14,6746,3380,2185,428,2203,219,497,856,2747,2262,259,1,N\A
3,2002/09/30,8423,4646,2185,230,2687,113,411,801,3226,2329,275,1,N\A
3,2002/10/16,8572,5587,2185,257,3344,143,551,2091,3919,2414,298,1,N\A
3,2002/11/01,6652,4970,2189,787,3915,387,939,4862,4872,561,320,1,N\A
3,2002/11/17,4945,3193,2185,971,2871,510,1300,1895,4816,606,325,1,N\A
3,2002/12/03,3393,1871,2185,1056,2141,531,1679,864,4989,2419,339,1,N\A
3,2002/12/19,3164,1484,2257,875,1685,439,1558,563,5213,549,364,1,N\A
4,2002/01/01,2545,885,2116,672,1131,293,195,1855,4297,2356,10,0,N\A
4,2002/01/17,6930,3956,2261,484,2670,235,757,6328,4888,427,18,1,N\A
4,2002/02/02,9257,7735,2189,189,4903,107,885,4919,3332,2289,47,1,N\A
4,2002/02/18,9210,6725,2185,164,3993,99,590,496,3552,2250,51,1,N\A
4,2002/03/06,8769,7550,2185,332,5064,185,693,2324,3222,304,69,1,N\A
4,2002/03/22,6354,7322,3098,807,3620,1181,995,1891,2227,2024,90,3,N\A
4,2002/04/07,3843,2392,2116,1159,2606,592,1679,959,2085,36,108,0,N\A
4,2002/04/23,3876,2128,2185,905,2051,536,1473,1891,1633,1721,122,1,N\A
4,2002/05/09,2910,2106,2116,1854,3376,858,2225,904,1909,-208,140,0,N\A
4,2002/05/25,3844,2226,2262,1172,2636,431,1350,4168,1426,1453,152,3,N\A
4,2002/06/10,3855,3006,34842,1439,3245,915,1703,4424,2483,-267,167,3,N\A
4,2002/06/26,3404,2036,2185,1270,2581,548,1423,1936,1870,1487,186,1,N\A
4,2002/07/12,1448,635,34837,1036,1387,505,381,3428,2429,-185,206,1,N\A
4,2002/07/28,2364,1042,35998,901,1459,465,364,3153,1706,1597,209,3,N\A
4,2002/08/13,3700,4111,35878,1552,3375,1547,1089,6148,1181,1968,237,3,N\A
4,2002/08/29,6246,9698,2066,908,3930,1545,941,4964,1723,2144,255,3,N\A
4,2002/09/14,8107,5175,2257,336,3214,177,592,2260,2522,248,261,1,N\A
4,2002/09/30,8919,6301,2261,227,3973,63,758,5593,2299,2363,278,1,N\A
4,2002/10/16,8549,6310,2257,316,4042,157,675,3466,3583,477,302,1,N\A
4,2002/11/01,6760,3754,2116,487,2520,254,754,1014,3810,524,316,0,N\A
4,2002/11/17,4870,2794,2116,819,2374,450,1335,2324,4091,545,325,0,N\A
4,2002/12/03,3355,1471,2185,791,1590,368,938,1964,4268,2390,346,1,N\A
4,2002/12/19,3100,1173,2185,663,1259,338,421,558,4403,2353,355,1,N\A
5,2002/01/01,8368,6243,2185,360,4053,190,682,1028,4296,2345,10,1,N\A
5,2002/01/17,7408,4569,34837,523,3513,39,912,3576,3972,2324,24,1,N\A
5,2002/02/02,6397,3428,2189,516,2349,277,1065,4451,3340,2279,47,1,N\A
5,2002/02/18,5748,3334,2116,657,2434,407,1735,390,3578,365,51,0,N\A
5,2002/03/06,3799,2041,2185,941,2094,483,1880,2413,2946,2178,65,1,N\A
5,2002/03/22,3586,2500,2190,1492,3161,723,2216,5607,2960,94,96,3,N\A
5,2002/04/07,3264,2222,2116,1464,2883,761,2438,445,2199,74,99,0,N\A
5,2002/04/23,3392,2105,3154,1231,2495,650,1902,2413,1662,1815,113,3,N\A
5,2002/05/09,3033,1793,2190,1256,2350,618,1653,6325,847,1535,132,3,N\A
5,2002/05/25,3076,1678,2186,1097,2072,551,1501,3595,1535,1458,152,3,N\A
5,2002/06/10,2154,1548,2062,1451,2248,1078,1649,354,2019,-365,163,3,N\A
5,2002/06/26,2200,827,2190,753,1178,381,1047,4516,1575,1446,191,3,N\A
5,2002/07/12,2539,1045,2262,789,1326,429,1125,4046,2534,-192,206,3,N\A
5,2002/07/28,2734,1385,2066,874,1532,654,1022,4075,2517,-102,222,3,N\A
5,2002/08/13,3447,1363,36002,670,1375,329,390,4055,2522,24,238,3,N\A
5,2002/08/29,7236,4965,3298,551,3437,295,859,5575,2914,156,256,3,N\A
5,2002/09/14,6616,3325,2185,457,2244,207,583,1101,2314,2136,266,1,N\A
5,2002/09/30,8590,6094,2257,307,4049,72,800,3063,2881,348,277,1,N\A
5,2002/10/16,8873,6732,2261,253,4240,127,757,5225,2815,2405,294,1,N\A
5,2002/11/01,8616,4888,2185,207,2786,112,443,390,3499,507,307,1,N\A
5,2002/11/17,6645,3658,2116,485,2407,291,611,1082,4003,2382,330,0,N\A
5,2002/12/03,5655,3181,2185,665,2396,371,823,2459,4077,2397,337,1,N\A
5,2002/12/19,4030,1686,2185,654,1537,316,1089,327,4399,597,355,1,N\A
6,2002/01/01,8500,5890,2185,309,3813,106,687,1912,4040,444,12,1,N\A
6,2002/01/17,8028,4907,2116,331,3026,171,606,2386,3740,2290,17,0,N\A
6,2002/02/02,4435,2921,2189,1237,3209,501,1322,6242,4195,297,41,1,N\A
6,2002/02/18,3903,1715,2116,723,1649,332,1294,3586,2803,2155,56,0,N\A
6,2002/03/06,3657,1767,2116,842,1813,417,1582,2423,2656,2100,65,0,N\A
6,2002/03/22,3857,2734,3222,1426,3217,720,2495,1884,2406,35,92,3,N\A
6,2002/04/07,3841,2446,2116,1228,2760,596,2013,1020,1922,1739,106,0,N\A
6,2002/04/23,4743,3168,2189,1107,3105,531,1784,5693,2772,-229,128,1,N\A
6,2002/05/09,3899,2345,2185,1136,2588,524,1784,2386,1782,1481,129,1,N\A
6,2002/05/25,4571,3141,34898,1247,3347,549,1636,6198,3052,-322,153,3,N\A
6,2002/06/10,5869,4262,3226,976,3750,445,1289,5671,3062,-350,176,3,N\A
6,2002/06/26,5488,3656,2116,921,3162,449,1273,2432,2175,1337,177,0,N\A
6,2002/07/12,5165,3206,34966,925,2902,405,1101,6409,1555,1246,196,3,N\A
6,2002/07/28,5752,3729,34962,841,3119,386,1176,3595,1859,1484,216,3,N\A
6,2002/08/13,5364,3812,2185,1002,3321,550,1628,407,2190,-187,227,1,N\A
6,2002/08/29,4178,2843,2116,1346,3278,582,1523,419,2098,-113,243,0,N\A
6,2002/09/14,3617,2154,2116,1169,2494,551,1795,1083,2066,2028,266,0,N\A
6,2002/09/30,5337,3664,34842,844,2776,621,827,4500,2220,2289,287,3,N\A
6,2002/10/16,6273,3720,34838,675,2948,230,1310,2395,2443,2251,289,3,N\A
6,2002/11/01,3148,2162,34837,900,1727,1009,919,2413,2880,2328,305,1,N\A
6,2002/11/17,5093,2354,2185,619,1904,263,475,1848,3747,503,332,1,N\A
6,2002/12/03,3288,1046,34897,402,796,506,56,5308,3537,2414,342,1,N\A
6,2002/12/19,8210,6164,2261,388,3948,245,863,4190,4274,448,1,1,N\A