1,36.690822481,118.712596893,27,5,1246,794
2,36.7231130556,118.60625267,27,5,1216,786
3,36.7352202425,118.585481644,27,5,1208,783
id,Date,Solar_zenith,Surface_reflectance_500m_state_flags,View_zenith,Surface_reflectance_day_of_year,Surface_reflectance_500m_quality_control_flags,Relative_azimuth,Surface_reflectance_for_band_7,Surface_reflectance_for_band_6,Surface_reflectance_for_band_5,Surface_reflectance_for_band_4,Surface_reflectance_for_band_3,Surface_reflectance_for_band_2,Surface_reflectance_for_band_1,actual_date
1,2009/01/01,6113,136,2328,1,1073741824,11599,1379,1517,1475,573,355,1108,766,2009/01/01
1,2009/01/09,6067,136,1225,10,1073741824,11884,1463,1577,1646,682,433,1238,893,2009/01/10
1,2009/01/17,5973,136,48,19,1073741824,7310,1657,1976,1754,897,553,1531,1126,2009/01/19
1,2009/01/25,5832,136,1170,28,1073741824,-5495,1820,2126,1888,909,574,1567,1147,2009/01/28
1,2009/02/02,5713,202,4126,39,1073741824,-5334,2042,2570,2262,1250,768,2085,1454,2009/02/08
1,2009/02/10,5504,201,4824,48,1073741824,-5089,1987,2461,2676,1393,926,2336,1573,2009/02/17
1,2009/02/18,5103,202,63,51,1073741824,6648,1655,2016,2077,970,658,1751,1142,2009/02/20
1,2009/02/26,4885,202,3281,62,1073741824,-4977,1442,2213,2146,959,596,2028,1004,2009/03/03
1,2009/03/06,4514,202,38,67,1073741824,15658,1323,1956,1930,1064,723,1871,1101,2009/03/08
1,2009/03/14,4222,200,1152,76,1073741824,-4820,1654,2224,2379,1026,554,2194,1154,2009/03/17
1,2009/03/22,3937,200,2271,85,1073741824,-4811,1332,2097,2388,1211,782,2454,1218,2009/03/26
1,2009/03/30,3555,202,1245,90,1073741824,12630,1049,1895,2554,1212,760,2644,1195,2009/03/31
1,2009/04/07,3276,200,75,99,1073741824,9487,1392,2265,2896,1003,547,3181,976,2009/04/09
1,2009/04/15,3029,200,1142,108,1073741824,-4433,1280,2383,3540,969,442,3887,873,2009/04/18
1,2009/04/23,2734,200,75,115,1073741824,9818,1483,2431,3551,1119,537,3811,1102,2009/04/25
1,2009/05/01,2555,200,1142,124,1073741824,-3942,1454,2600,3594,1097,554,4115,1003,2009/05/04
1,2009/05/09,2436,200,2270,133,1073741824,-3580,1434,2584,3770,1165,568,4013,1064,2009/05/13
1,2009/05/17,2092,200,1244,138,1073741824,13875,1793,2781,3609,1242,631,3907,1198,2009/05/18
1,2009/05/25,2043,200,61,147,1073741824,9842,2243,3224,3705,1293,801,3722,1306,2009/05/27
1,2009/06/02,2060,201,1169,156,1073741824,-2740,2485,3314,3708,1522,851,3283,1641,2009/06/05
1,2009/06/10,1943,201,39,163,1073741824,8314,2768,3679,3954,1633,944,3601,1800,2009/06/12
1,2009/06/18,2052,200,1197,172,1073741824,-2409,3047,3823,4119,1642,986,3563,1853,2009/06/21
1,2009/06/26,1760,201,3255,184,1073741824,14463,3171,3669,3679,1269,778,3057,1532,2009/07/03
1,2009/07/04,2676,201,5441,185,1073741824,-1906,2055,2951,3268,851,531,2798,1036,2009/07/04
1,2009/07/12,2153,201,67,195,1073741824,2475,2705,3395,3593,1751,1047,3141,1963,2009/07/14
1,2009/07/20,1851,205,5339,205,1073741824,13260,2656,3021,3036,1043,694,2652,1302,2009/07/24
1,2009/07/28,2407,201,42,211,1073741824,2549,2300,2800,2792,1179,614,2400,1309,2009/07/30
1,2009/08/05,3124,204,4844,224,1073741824,-3155,1545,2142,2409,1085,752,2182,1094,2009/08/12
1,2009/08/13,2554,200,2302,225,1075576835,13485,2175,2669,-28672,1025,643,2239,1176,2009/08/13
1,2009/08/21,3054,200,1196,236,1073741824,-4343,1282,1868,2043,901,600,1908,882,2009/08/24
1,2009/08/29,3179,200,54,243,1075576833,4846,1455,2165,-100,1057,738,2382,1013,2009/08/31
1,2009/09/06,3911,204,4834,256,1073741824,-4535,628,1286,1974,570,267,1992,508,2009/09/13
1,2009/09/14,3859,200,2308,261,1073741824,-5106,1022,1961,2665,768,369,2877,689,2009/09/18
1,2009/09/22,4034,200,1187,268,1073741824,-5576,956,2056,2709,884,514,3114,622,2009/09/25
1,2009/09/30,4389,200,2308,277,1073741824,-5591,1072,1983,2632,849,415,2880,794,2009/10/04
1,2009/10/08,4582,200,1197,284,1073741824,-5805,989,1816,2609,767,362,2810,741,2009/10/11
1,2009/10/16,4650,200,2301,289,1073741824,11500,1248,1941,2359,892,494,2526,929,2009/10/16
1,2009/10/24,5118,202,1187,300,1073741824,-6189,1204,1903,2600,1055,578,2625,1137,2009/10/27
1,2009/11/01,5304,200,15,307,1073741824,11661,638,1407,1980,734,409,2348,691,2009/11/03
1,2009/11/09,5551,200,4110,319,1073741824,11083,879,1665,2138,727,459,2465,744,2009/11/15
1,2009/11/17,5741,200,23,323,1073741824,11542,801,1440,1864,883,458,2212,880,2009/11/19
1,2009/11/25,5831,206,5370,333,1073741824,11034,1530,2094,2598,721,506,2461,981,2009/11/29
1,2009/12/03,6051,200,67,339,1073741824,4573,891,1448,1732,759,433,1829,784,2009/12/05
1,2009/12/11,6391,202,4834,352,1073741824,-6009,1462,1940,2606,999,571,2340,1159,2009/12/18
1,2009/12/19,6195,200,47,355,1073741824,4487,1411,1684,1849,837,452,1566,932,2009/12/21
1,2009/12/27,6165,200,1189,362,1073741824,11752,1630,1920,2087,1040,619,1698,1218,2009/12/28
1,2010/01/01,6154,202,46,6,1073741824,1341,1278,1510,2299,1591,1072,2258,1800,2010/01/06
1,2010/01/09,6037,136,1171,13,1073741824,12029,1510,1828,1824,974,599,1594,1175,2010/01/13
1,2010/01/17,5927,73,54,22,1073741824,-281,920,1230,2198,2174,1879,2471,2251,2010/01/22
1,2010/01/25,5728,136,1173,29,1073741824,11865,1519,1930,1774,792,503,1435,989,2010/01/29
1,2010/02/02,5481,8206,4090,34,1073741824,11958,1641,2011,2168,1713,1767,1958,1693,2010/02/03
1,2010/02/10,5714,201,5430,44,1073741824,-5121,1515,2138,2531,1808,1191,2779,1988,2010/02/13
1,2010/02/18,5014,200,64,54,1073741824,4906,1536,2033,1977,999,609,1799,1140,2010/02/23
1,2010/02/26,4683,202,4787,57,1073741824,12116,1800,2246,2395,853,602,1960,1049,2010/02/26
1,2010/03/06,4415,202,11,70,1073741824,-17322,1536,2026,2329,1130,690,2009,1273,2010/03/11
1,2010/03/14,4084,202,1209,77,1073741824,12453,1345,2002,2084,974,645,1943,1075,2010/03/18
1,2010/03/22,3753,202,2310,84,1073741824,12649,1773,2345,2606,1185,662,2299,1312,2010/03/25
1,2010/03/30,3458,202,1199,93,1073741824,12776,1878,2513,2767,1290,740,2609,1370,2010/04/03
1,2010/04/07,3581,202,3308,97,1073741824,-4418,1796,2553,2727,1429,884,2806,1478,2010/04/07
1,2010/04/15,2880,200,1171,109,1073741824,13177,1732,2649,3427,1569,934,3542,1501,2010/04/19
1,2010/04/23,2763,200,2345,120,1073741824,-3830,1557,2557,3682,1194,625,3879,1145,2010/04/30
1,2010/05/01,2500,200,1224,127,1073741824,-3732,1758,2751,3856,1189,549,4046,1136,2010/05/07
1,2010/05/09,2158,201,2293,132,1073741824,13424,1613,2527,3282,1071,583,3636,1042,2010/05/12
1,2010/05/17,2196,202,1197,143,1075576835,-3076,1806,3018,-28672,1277,709,4528,1026,2010/05/23
1,2010/05/25,2360,200,3299,145,1073741824,-2826,1522,2606,3716,1036,474,3894,970,2010/05/25
1,2010/06/02,2058,201,1187,159,1073741824,-2811,2347,3363,3726,1481,900,3693,1531,2010/06/08
1,2010/06/10,1950,201,23,166,1073741824,-15775,2636,3359,3614,1326,695,3035,1382,2010/06/15
1,2010/06/18,2072,201,1187,175,1073741824,-2624,2554,3274,3296,1378,745,2839,1387,2010/06/24
1,2010/06/26,1816,201,2310,180,1073741824,14782,2803,3671,3790,1321,671,3696,1337,2010/06/29
1,2010/07/04,1792,205,3274,187,1073741824,14553,2524,3042,3168,1467,1311,2669,1429,2010/07/06
1,2010/07/12,2916,1289,5918,197,1073741824,-1999,1939,2619,2763,1959,1919,2620,1820,2010/07/16
1,2010/07/20,2428,8205,1206,207,1073741824,-2792,3888,4650,4908,3616,3302,4354,3732,2010/07/26
1,2010/07/28,2261,201,2292,212,1073741824,14080,2491,2951,2865,1242,700,2456,1406,2010/07/31
1,2010/08/05,2915,1033,4165,218,1073741824,-2952,3500,4055,4331,3470,3345,4014,3425,2010/08/06
1,2010/08/13,2824,8205,42,230,1073741824,1762,1303,1849,2025,772,402,1785,789,2010/08/18
1,2010/08/21,2600,1033,4777,233,1073741824,12621,1911,2552,2527,1992,2152,2579,1857,2010/08/21
1,2010/08/29,3339,200,3309,241,1073741824,-4141,1224,2089,2379,742,374,2358,694,2010/08/29
1,2010/09/06,3603,200,1188,255,1073741824,-4863,1196,2150,2637,1105,559,2839,974,2010/09/12
1,2010/09/14,3794,202,3299,257,1073741824,-4918,1242,2237,2784,1054,419,3012,838,2010/09/14
1,2010/09/22,3968,8206,1217,269,1073741824,11976,1070,1964,2570,933,279,2876,880,2010/09/26
1,2010/09/30,4325,200,43,278,1073741824,6372,893,1671,2320,697,352,2579,643,2010/10/05
1,2010/10/08,4657,200,4126,282,1073741824,-5633,886,1825,2536,748,373,2970,685,2010/10/09
1,2010/10/16,4880,202,15,294,1073741824,11771,1032,1918,2997,1435,692,3371,1391,2010/10/21
1,2010/10/24,5209,200,1196,303,1073741824,-6297,859,1504,2287,930,484,2535,917,2010/10/30
1,2010/11/01,5516,200,2299,312,1073741824,-6275,1277,1975,2701,1124,567,2794,1156,2010/11/08
1,2010/11/09,5671,202,1178,319,1073741824,-6459,1348,1869,2563,1239,616,2616,1288,2010/11/15
1,2010/11/17,5808,202,59,326,1075576832,4811,1607,2094,2471,1377,747,2666,1478,2010/11/22
1,2010/11/25,6019,202,1188,335,1073741824,-6261,1842,2298,2737,1530,853,2657,1683,2010/12/01
1,2010/12/03,6091,202,47,342,1073741824,4323,2037,2594,2630,1756,1023,2648,1956,2010/12/08
1,2010/12/11,6411,137,5430,348,1073741824,-6022,856,1788,4256,4996,4408,5540,5121,2010/12/14
1,2010/12/19,6204,202,36,358,1073741824,-4281,1257,1627,2204,1204,674,2066,1326,2010/12/24
1,2010/12/27,6159,200,1172,365,1073741824,11536,1591,1854,2159,1051,590,1868,1199,2010/12/31
1,2011/01/01,6226,202,1225,2,1073741824,-5842,1404,2004,2232,1356,775,2164,1475,2011/01/02
1,2011/01/09,6131,200,43,9,1073741824,-3642,1586,2013,1996,1109,669,1817,1280,2011/01/09
1,2011/01/17,5832,136,2255,23,1073741824,12005,1827,2064,2246,994,623,1732,1198,2011/01/23
1,2011/01/25,5873,202,56,25,1073741824,-2938,1841,2049,2162,1230,701,1818,1398,2011/01/25
1,2011/02/02,5705,200,1233,34,1073741824,-5435,1756,2229,2109,1106,683,1832,1296,2011/02/03
1,2011/02/10,5456,201,28,41,1073741824,-1614,1650,2296,2478,1756,1096,2381,1873,2011/02/10
1,2011/02/18,4879,73,4081,53,1073741824,12199,1916,2383,2672,2407,2484,2599,2315,2011/02/22
1,2011/02/26,4604,202,1190,64,1073741824,12491,919,1380,1446,797,568,1404,716,2011/03/05
1,2011/03/06,4640,200,1206,66,1073741824,-4978,1295,1872,1925,1084,698,1846,1132,2011/03/07
1,2011/03/14,4357,202,2327,75,1073741824,-4756,1590,2186,2470,1217,704,2281,1336,2011/03/16
1,2011/03/22,4020,202,1214,82,1073741824,-4926,1629,2356,2496,1413,758,2506,1476,2011/03/23
1,2011/03/30,3685,200,34,89,1073741824,209,1577,2324,2906,1310,798,2893,1279,2011/03/30
1,2011/04/07,3041,200,2283,103,1073741824,12845,1897,2731,3260,1336,755,3548,1333,2011/04/13
1,2011/04/15,3093,202,42,105,1073741824,1270,2000,2686,3385,1522,851,3276,1614,2011/04/15
1,2011/04/23,2866,200,1196,114,1073741824,-4206,1437,2510,3694,1208,566,3959,1135,2011/04/24
1,2011/05/01,2586,200,37,121,1073741824,5601,1529,2544,3408,1262,623,3801,1207,2011/05/01
1,2011/05/09,2572,200,3299,132,1073741824,-3349,1431,2430,3697,1116,493,3828,1016,2011/05/12
1,2011/05/17,2214,200,45,137,1073741824,4831,1843,2794,3785,1199,638,3764,1174,2011/05/17
1,2011/05/25,2165,201,1205,146,1073741824,-3094,1908,2871,3769,1274,576,3684,1250,2011/05/26
1,2011/06/02,2006,202,35,153,1073741824,-6299,2812,3663,4129,1530,842,3596,1661,2011/06/02
1,2011/06/10,2059,201,1242,162,1073741824,-2637,2900,3661,4057,1561,887,3358,1747,2011/06/11
1,2011/06/18,1961,73,79,169,1073741824,2481,2524,3055,3369,3128,2963,3249,2983,2011/06/18
1,2011/06/26,2315,201,3328,180,1073741824,-2125,2443,3162,3003,1368,806,2702,1472,2011/06/29
1,2011/07/04,1826,201,3264,190,1073741824,14471,3040,3411,3076,1340,838,2662,1532,2011/07/09
1,2011/07/12,2706,201,4844,198,1073741824,-2189,2180,2722,2895,1087,495,2493,1069,2011/07/17
1,2011/07/20,2238,1033,3,201,1073741824,-3018,2805,3774,3667,2952,2750,3504,2863,2011/07/20
1,2011/07/28,2704,8205,3299,212,1073741824,-2857,2114,2851,3118,1897,1745,2778,1813,2011/07/31
1,2011/08/05,2407,1033,3274,222,1073741824,13544,692,1478,2528,3414,3741,3090,3123,2011/08/10
1,2011/08/13,3486,200,5928,232,1073741824,-3265,852,1552,1885,557,211,2036,481,2011/08/20
1,2011/08/29,3211,1033,1214,242,1073741824,-4519,1282,1940,2552,1272,983,2162,1140,2011/08/30
1,2011/09/06,3350,202,21,249,1073741824,-4984,1557,2256,2495,1149,701,2416,1157,2011/09/06
1,2011/09/14,4293,200,5941,264,1073741824,-4608,1103,2024,2449,601,212,2779,487,2011/09/21
1,2011/09/22,3871,200,68,265,1073741824,-2360,999,1630,2091,791,377,1968,763,2011/09/22
1,2011/09/30,4398,200,3319,276,1073741824,-5469,1062,1763,2379,836,410,2215,828,2011/10/03
1,2011/10/08,4423,200,3,281,1073741824,-6366,975,1801,2087,852,514,2125,637,2011/10/08
1,2011/10/16,4773,136,1187,290,1073741824,-6126,1134,1767,2343,869,458,2137,877,2011/10/17
1,2011/10/24,5429,201,5430,303,1073741824,-5918,1253,2139,2433,1148,621,2620,999,2011/10/30
1,2011/11/01,5295,202,1196,306,1073741824,-6414,1190,1941,2300,1303,622,2453,1256,2011/11/02
1,2011/11/09,5470,200,22,313,1073741824,-1024,970,1655,1990,973,472,2037,977,2011/11/09
1,2011/11/17,5865,200,3347,324,1073741824,-6203,926,1554,2105,741,325,1867,745,2011/11/20
1,2011/11/25,5870,200,69,329,1073741824,-5029,1079,1574,2064,948,461,1892,951,2011/11/25
1,2011/12/03,6417,32969,5918,344,1075576832,-5959,1020,1608,1615,2292,1784,3078,2164,2011/12/10
1,2011/12/11,6123,200,51,345,1073741824,5361,959,1357,1781,549,171,1371,659,2011/12/11
1,2011/12/19,6138,200,2338,359,1073741824,11470,1422,1878,1833,883,522,1550,1029,2011/12/25
1,2011/12/27,6143,200,1235,3,1073741824,11666,1637,1911,2223,792,426,1512,986,2011/01/03
2,2009/01/01,6118,136,2246,1,1073741824,11577,1729,2197,2121,856,572,1920,1078,2009/01/01
2,2009/01/09,6199,138,3346,14,1073741824,-5808,2192,2477,2754,1165,781,2283,1461,2009/01/14
2,2009/01/17,5978,136,73,19,1073741824,-2148,2000,2440,2244,1132,750,2063,1371,2009/01/19
2,2009/01/25,5793,136,1145,26,1073741824,11895,2048,2284,2363,916,584,1947,1189,2009/01/26
2,2009/02/02,5720,201,4184,39,1073741824,-5304,2375,2842,2981,1524,950,2663,1798,2009/02/08
2,2009/02/10,5511,201,4875,48,1073741824,-5072,2457,3078,3048,1452,857,2768,1709,2009/02/17
2,2009/02/18,5110,72,69,51,1073741824,-7012,2042,2480,2459,1058,655,2232,1326,2009/02/20
2,2009/02/26,4809,202,1126,58,1073741824,12486,1954,2358,2533,1086,668,2269,1335,2009/02/27
2,2009/03/06,4494,136,2256,65,1073741824,12380,1848,2166,2412,842,575,2059,1050,2009/03/06
2,2009/03/14,4229,136,1243,76,1073741824,-4745,2154,2565,2839,1147,677,2565,1370,2009/03/17
2,2009/03/22,3862,136,2265,81,1073741824,12481,1614,1995,2357,805,519,2122,970,2009/03/22
2,2009/03/30,3562,200,1162,90,1073741824,12979,991,1486,1981,599,386,1988,664,2009/03/31
2,2009/04/07,3284,200,70,99,1073741824,1617,1475,1989,2515,880,549,2540,982,2009/04/09
2,2009/04/15,2970,200,1171,106,1073741824,13224,1143,1823,2601,723,393,2861,748,2009/04/16
2,2009/04/23,2741,200,67,115,1073741824,2644,1514,2128,2896,925,503,3141,972,2009/04/25
2,2009/05/01,2563,200,1224,124,1073741824,-3855,1704,2289,2910,955,569,3127,1020,2009/05/04
2,2009/05/09,2445,136,2353,133,1073741824,-3525,1549,2206,3012,886,474,3072,939,2009/05/13
2,2009/05/17,2100,200,1163,138,1073741824,13788,1525,2093,2685,885,498,2672,975,2009/05/18
2,2009/05/25,1757,136,3227,152,1073741824,13953,1679,2161,2593,910,564,2425,1058,2009/06/01
2,2009/06/02,1899,200,1136,154,1073741824,14393,1682,2187,2488,995,585,2378,1123,2009/06/03
2,2009/06/10,1777,136,2246,161,1073741824,14381,1700,2306,2575,922,576,2186,1134,2009/06/10
2,2009/06/18,2062,136,1288,172,1075576835,-2333,2527,3255,-28672,1276,797,2767,1487,2009/06/21
2,2009/06/26,1463,200,5800,180,1073741824,13092,1595,2253,2409,780,515,2251,917,2009/06/29
2,2009/07/04,2686,202,5484,185,1073741824,-1815,1748,2734,3169,870,554,2977,953,2009/07/04
2,2009/07/12,2161,8206,131,195,1073741824,-3703,1600,2502,3182,1106,552,3171,1039,2009/07/14
2,2009/07/20,1857,1034,5308,205,1073741824,13261,1251,2170,3166,1626,1621,3725,1479,2009/07/24
2,2009/07/28,1956,206,5800,212,1073741824,12780,929,1813,2901,409,188,3343,427,2009/07/31
2,2009/08/05,2383,1033,4032,223,1073741824,13213,1855,2848,3738,2964,3021,4005,2770,2009/08/11
2,2009/08/13,2561,200,2219,225,1073741824,13468,836,1650,2611,525,276,2807,470,2009/08/13
2,2009/08/21,3062,200,1286,236,1073741824,-4251,775,1843,3042,545,217,3288,432,2009/08/24
2,2009/08/29,3186,200,86,243,1073741824,-5970,792,1694,2695,585,247,3036,477,2009/08/31
2,2009/09/06,3238,8206,5318,253,1073741824,11777,1223,2059,3092,460,319,3337,567,2009/09/10
2,2009/09/14,3725,136,3217,264,1073741824,11995,868,1696,2766,599,311,2795,577,2009/09/21
2,2009/09/22,3875,136,1117,266,1073741824,12181,903,1825,2762,595,270,2766,554,2009/09/23
2,2009/09/30,4396,200,2390,277,1073741824,-5744,1714,2561,3212,899,471,2946,947,2009/10/04
2,2009/10/08,4588,72,1279,284,1073741824,-5732,1747,2499,2829,875,511,2780,974,2009/10/11
2,2009/10/16,4656,200,2219,289,1073741824,11457,1474,2115,2502,891,486,2308,993,2009/10/16
2,2009/10/24,4992,200,1117,298,1073741824,11617,1777,2307,2490,991,617,2278,1124,2009/10/25
2,2009/11/01,5309,72,78,307,1073741824,-5164,1335,1944,2355,850,531,2009,1035,2009/11/03
2,2009/11/09,5728,202,3347,318,1073741824,-6249,980,1624,2146,997,595,2016,1161,2009/11/14
2,2009/11/17,5747,136,69,323,1073741824,-5064,1657,2262,2224,1015,613,1965,1251,2009/11/19
2,2009/11/25,5835,202,5328,333,1073741824,11028,1831,2244,2363,712,522,1861,1028,2009/11/29
2,2009/12/03,6056,72,78,339,1073741824,-7853,1985,2355,2474,996,687,1970,1226,2009/12/05
2,2009/12/11,6398,138,4884,352,1073741824,-6067,2368,3031,2806,1250,796,2493,1532,2009/12/18
2,2009/12/19,6201,136,98,355,1073741824,-2357,1916,2373,2215,961,581,1920,1178,2009/12/21
2,2009/12/27,6171,136,1108,362,1073741824,11664,1988,2424,2206,1043,649,1897,1309,2009/12/28
2,2010/01/01,6159,202,113,6,1073741824,-2723,2003,2255,2563,1188,735,2103,1463,2010/01/06
2,2010/01/09,6042,136,1089,13,1073741824,11943,1864,2284,2069,949,577,1792,1213,2010/01/13
2,2010/01/17,5933,201,136,22,1073741824,-3107,973,1496,2427,1973,1184,3041,2313,2010/01/22
2,2010/01/25,5735,136,1080,29,1073741824,12229,2035,2402,2114,954,612,1792,1213,2010/01/29
2,2010/02/02,5486,8206,4033,34,1073741824,11948,2076,2314,2382,1716,1686,2116,1788,2010/02/03
2,2010/02/10,5721,201,5462,44,1073741824,-5097,2162,2511,3123,1642,1009,2866,2040,2010/02/13
2,2010/02/18,5366,138,3365,49,1073741824,-5259,2606,2960,2690,1326,868,2293,1627,2010/02/18
2,2010/02/26,4689,206,4737,57,1073741824,12111,1923,2342,2157,851,557,1877,1122,2010/02/26
2,2010/03/06,4421,200,76,70,1073741824,-4542,1794,2125,2276,1018,654,1799,1231,2010/03/11
2,2010/03/14,4091,200,1117,77,1073741824,12808,2025,2527,2419,1134,727,2119,1377,2010/03/18
2,2010/03/22,3761,200,2228,84,1073741824,12608,2027,2313,2398,948,577,1999,1167,2010/03/25
2,2010/03/30,3465,200,1109,93,1075576835,12677,2106,2451,-28672,1115,689,2276,1314,2010/04/03
2,2010/04/07,3588,200,3374,97,1073741824,-4379,2325,2851,2903,1181,737,2751,1374,2010/04/07
2,2010/04/15,2887,200,1090,109,1073741824,13088,1777,2271,2491,1035,613,2457,1150,2010/04/19
2,2010/04/23,2771,200,2428,120,1073741824,-3782,1796,2488,3231,1025,609,3189,1101,2010/04/30
2,2010/05/01,2508,200,1306,127,1073741824,-3655,1667,2372,2890,969,514,3183,1021,2010/05/07
2,2010/05/09,2165,202,2209,132,1073741824,13624,1503,2094,2539,914,527,2869,988,2010/05/12
2,2010/05/17,2205,200,1287,143,1073741824,-3408,1820,2406,2810,1006,558,2930,1077,2010/05/23
2,2010/05/25,2369,200,3365,145,1073741824,-2790,1743,2421,3074,1007,619,3186,1086,2010/05/25
2,2010/06/02,1890,204,1117,157,1073741824,14743,1713,2269,2524,965,492,2602,1005,2010/06/06
2,2010/06/10,1959,200,76,166,1073741824,-2843,1526,2060,2385,748,403,2059,816,2010/06/15
2,2010/06/18,2080,200,1268,175,1073741824,-2532,2031,2733,2973,1149,570,2485,1209,2010/06/24
2,2010/06/26,1825,200,2228,180,1073741824,14742,1940,2690,2808,756,452,2424,892,2010/06/29
2,2010/07/04,1800,204,3208,187,1073741824,14549,1855,2488,2495,619,353,2334,721,2010/07/06
2,2010/07/12,2440,1801,3365,193,1073741824,-2250,796,1614,2545,2255,2224,2828,2095,2010/07/12
2,2010/07/20,2437,200,1295,207,1073741824,-3085,1440,2504,3218,764,330,3494,692,2010/07/26
2,2010/07/28,2269,202,2210,212,1073741824,14065,1108,1969,2745,769,397,3173,695,2010/07/31
2,2010/08/05,2923,8206,4213,218,1073741824,-3029,1182,2371,3792,943,369,4208,771,2010/08/06
2,2010/08/13,2832,200,124,230,1073741824,-1573,798,1744,2709,548,210,3113,429,2010/08/18
2,2010/08/21,2606,8204,4727,233,1073741824,12636,802,1648,2519,321,89,3010,285,2010/08/21
2,2010/08/29,3347,200,3374,241,1073741824,-4104,685,1869,3060,529,217,3665,356,2010/08/29
2,2010/09/06,3610,200,1270,255,1073741824,-4788,896,1975,3283,878,422,3544,706,2010/09/12
2,2010/09/14,3618,200,2237,260,1073741824,12152,693,1822,3145,447,159,3422,323,2010/09/17
2,2010/09/22,3973,204,1127,269,1073741824,11925,1089,2001,3025,983,527,3234,880,2010/09/26
2,2010/09/30,4331,72,86,278,1075576835,-2057,1632,2398,-28672,808,450,2853,871,2010/10/05
2,2010/10/08,4664,200,4184,282,1073741824,-5600,1824,2683,3109,922,482,3044,999,2010/10/09
2,2010/10/16,5029,136,2381,296,1073741824,-6096,1702,2287,2704,880,495,2447,981,2010/10/23
2,2010/10/24,5085,200,1117,301,1073741824,11318,1915,2399,2710,1006,585,2407,1193,2010/10/28
2,2010/11/01,5279,200,2228,308,1073741824,11329,1841,2359,2630,987,608,2215,1214,2010/11/04
2,2010/11/09,5676,136,1260,319,1073741824,-6371,2195,2639,2920,1202,769,2394,1439,2010/11/15
2,2010/11/17,5813,72,69,326,1073741824,-8071,2085,2593,2798,1141,733,2312,1408,2010/11/22
2,2010/11/25,5927,136,1126,333,1073741824,11284,1897,2506,2536,1073,672,2225,1306,2010/11/29
2,2010/12/03,6012,136,2237,340,1073741824,11285,1706,2291,2315,933,573,2079,1163,2010/12/06
2,2010/12/11,6418,137,5461,348,1073741824,-6064,972,1823,4791,4978,4295,5924,5144,2010/12/14
2,2010/12/19,6210,136,108,358,1073741824,-3294,1795,2329,2360,1042,598,2131,1267,2010/12/24
2,2010/12/27,6165,72,1091,365,1073741824,11427,1895,2426,2400,965,569,2155,1214,2010/12/31
2,2011/01/01,6401,138,4905,6,1073741824,-5817,2612,3020,3373,1425,867,2674,1682,2011/01/06
2,2011/01/09,6137,72,134,9,1073741824,-4508,2009,2545,2494,1058,686,2205,1298,2011/01/09
2,2011/01/17,5838,136,2173,23,1073741824,11959,1922,2338,2257,948,638,1868,1182,2011/01/23
2,2011/01/25,5880,202,146,25,1073741824,-4019,1968,2441,2265,1237,745,1998,1450,2011/01/25
2,2011/02/02,5712,200,1315,34,1073741824,-5362,2261,2582,2681,1198,769,2147,1435,2011/02/03
2,2011/02/10,5463,201,117,41,1073741824,-3796,2018,2630,2764,1731,1069,2562,1937,2011/02/10
2,2011/02/18,5278,201,3375,52,1073741824,-5123,2518,2877,3065,1339,743,2413,1586,2011/02/21
2,2011/02/26,4591,136,3199,62,1073741824,12344,1130,1665,1715,637,411,1483,811,2011/03/03
2,2011/03/06,4647,136,1288,66,1073741824,-4903,1983,2432,2389,1069,665,2080,1331,2011/03/07
2,2011/03/14,4365,74,2409,75,1073741824,-4931,2566,2853,3000,1270,808,2446,1550,2011/03/16
2,2011/03/22,4087,138,3384,84,1073741824,-4534,2397,2810,2783,1242,782,2494,1472,2011/03/25
2,2011/03/30,3692,136,120,89,1073741824,-2750,2011,2358,2687,989,608,2352,1172,2011/03/30
2,2011/04/07,3420,138,1323,98,1073741824,-4723,2063,2533,2773,1199,710,2619,1361,2011/04/08
2,2011/04/15,3100,202,120,105,1073741824,-2468,2094,2442,2770,1291,780,2509,1463,2011/04/15
2,2011/04/23,2874,200,1287,114,1073741824,-4122,1771,2393,2991,971,580,2922,1006,2011/04/24
2,2011/05/01,2594,200,100,121,1075576833,-1017,1783,2316,-100,1054,615,2771,1139,2011/05/01
2,2011/05/09,2581,200,3365,132,1073741824,-3310,1553,2241,2710,977,538,2867,1030,2011/05/12
2,2011/05/17,2221,200,100,137,1073741824,-490,2053,2471,2796,1057,638,2635,1178,2011/05/17
2,2011/05/25,1861,200,2200,151,1073741824,14231,2027,2364,2677,1029,627,2460,1132,2011/05/31
2,2011/06/02,2014,136,120,153,1073741824,-3185,2012,2460,2862,1043,633,2603,1162,2011/06/02
2,2011/06/10,2272,136,3412,164,1073741824,-2316,2082,2788,3078,1151,672,2841,1389,2011/06/13
2,2011/06/18,1970,72,148,169,1073741824,-3124,2200,3022,3204,2983,2769,3303,2862,2011/06/18
2,2011/06/26,2324,200,3394,180,1073741824,-2092,2068,2865,2799,1052,592,2623,1109,2011/06/29
2,2011/07/04,1834,200,3199,190,1073741824,14465,1498,2174,2457,631,235,2286,665,2011/07/09
2,2011/07/12,2716,202,4895,198,1073741824,-2163,1455,2453,3051,695,305,3253,535,2011/07/17
2,2011/07/20,2073,1033,3208,206,1073741824,14115,1505,2268,2770,1921,1963,3196,1731,2011/07/25
2,2011/07/28,2713,1033,3365,212,1073741824,-2821,1208,2397,3878,1917,1796,4131,1665,2011/07/31
2,2011/08/05,2414,8204,3208,222,1073741824,13537,911,1928,2956,937,513,3729,866,2011/08/10
2,2011/08/13,2811,200,1287,226,1073741824,-3718,776,1934,3364,1207,394,4151,770,2011/08/14
2,2011/08/29,3864,206,5962,248,1073741824,-4014,1203,2355,3478,715,286,3905,544,2011/09/05
2,2011/09/06,3357,202,113,249,1073741824,-4048,1319,2193,3048,824,411,3333,763,2011/09/06
2,2011/09/14,4302,200,5974,264,1073741824,-4700,1230,2376,3469,942,396,4028,717,2011/09/21
2,2011/09/22,3877,136,157,265,1075576832,-3551,1021,1907,3885,662,351,2995,582,2011/09/22
2,2011/09/30,4405,136,3384,276,1073741824,-5563,1479,2569,3246,886,438,3405,893,2011/10/03
2,2011/10/08,4637,136,1117,288,1073741824,11750,1363,2031,2509,784,393,2561,826,2011/10/15
2,2011/10/16,4779,72,1268,290,1073741824,-6038,1541,2277,2748,851,410,2788,908,2011/10/17
2,2011/10/24,5435,201,5462,303,1073741824,-5826,1944,2811,2988,781,452,2840,891,2011/10/30
2,2011/11/01,5300,202,1278,306,1073741824,-6325,1794,2408,2850,890,477,2353,975,2011/11/02
2,2011/11/09,5600,136,2409,315,1073741824,-6311,1662,2174,2598,939,540,2164,1057,2011/11/11
2,2011/11/17,5871,136,3421,324,1073741824,-6312,1070,1812,2135,780,406,2064,855,2011/11/20
2,2011/11/25,5875,200,161,329,1073741824,-5232,1600,2056,2410,978,549,2046,1071,2011/11/25
2,2011/12/03,6423,201,5952,344,1073741824,-5946,1428,2024,3424,1749,1019,3164,1865,2011/12/10
2,2011/12/11,6128,136,92,345,1073741824,-2089,1020,1637,1919,825,477,1868,961,2011/12/11
2,2011/12/19,6324,136,3346,356,1073741824,-6129,1988,2342,2830,1171,683,2112,1334,2011/12/22
2,2011/12/27,6149,136,1145,3,1073741824,11570,1838,2150,2692,822,468,1893,1043,2011/01/03
3,2009/01/01,6121,136,2237,1,1073741824,11529,1897,2231,2391,930,595,2029,1200,2009/01/01
3,2009/01/09,6201,138,3365,14,1073741824,-5792,2035,2555,2647,1270,799,2436,1597,2009/01/14
3,2009/01/17,5980,136,92,19,1073741824,-1599,1453,1874,1818,970,602,1737,1202,2009/01/19
3,2009/01/25,5795,136,1127,26,1073741824,11800,2052,2321,2344,976,645,1945,1258,2009/01/26
3,2009/02/02,5722,201,4184,39,1073741824,-5278,2288,2868,2785,1516,941,2605,1807,2009/02/08
3,2009/02/10,5513,201,4875,48,1073741824,-5049,2565,3173,3086,1468,924,2797,1762,2009/02/17
3,2009/02/18,5112,72,75,51,1073741824,-5489,2099,2547,2394,1074,689,2153,1378,2009/02/20
3,2009/02/26,4810,202,1117,58,1073741824,12439,2004,2397,2596,1158,726,2313,1428,2009/02/27
3,2009/03/06,4496,72,2237,65,1075576832,12356,1797,2263,2585,898,583,2093,1140,2009/03/06
3,2009/03/14,4232,136,1260,76,1073741824,-5080,2279,2688,2803,1189,742,2540,1427,2009/03/17
3,2009/03/22,3864,72,2246,81,1073741824,12671,1720,2134,2228,778,484,2087,977,2009/03/22
3,2009/03/30,3564,200,1144,90,1073741824,12890,830,1321,1797,508,310,1688,576,2009/03/31
3,2009/04/07,3286,200,52,99,1073741824,-6868,1622,2125,2534,891,499,2443,992,2009/04/09
3,2009/04/15,2972,136,1153,106,1073741824,13182,1237,1817,2174,708,396,2282,771,2009/04/16
3,2009/04/23,2744,136,49,115,1073741824,-5560,1688,2261,2674,1043,605,2829,1122,2009/04/25
3,2009/05/01,2565,136,1243,124,1073741824,-3774,1834,2385,2916,959,550,2971,1080,2009/05/04
3,2009/05/09,2446,136,2362,133,1073741824,-3504,1855,2433,2978,990,559,2914,1111,2009/05/13
3,2009/05/17,2103,136,1146,138,1073741824,13692,1823,2341,2759,1054,602,2649,1217,2009/05/18
3,2009/05/25,1758,136,3218,152,1073741824,13936,1792,2230,2508,903,548,2283,1061,2009/06/01
3,2009/06/02,1900,200,1127,154,1073741824,14345,1896,2361,2506,1011,606,2342,1190,2009/06/03
3,2009/06/10,1779,72,2228,161,1073741824,14357,1985,2505,2706,1006,609,2263,1232,2009/06/10
3,2009/06/18,2279,72,3383,174,1073741824,-2215,2411,3125,3202,1177,696,2750,1382,2009/06/23
3,2009/06/26,1466,200,5789,180,1073741824,13085,1602,2296,2403,659,387,2311,822,2009/06/29
3,2009/07/04,2687,202,5483,185,1073741824,-1874,1765,2736,3195,826,399,3016,916,2009/07/04
3,2009/07/12,2164,204,147,195,1073741824,-2909,585,1330,1901,478,196,2134,393,2009/07/14
3,2009/07/20,2388,1801,1323,204,1073741824,-2815,1068,2105,3431,2426,2305,3621,2234,2009/07/23
3,2009/07/28,2417,200,136,211,1073741824,-634,945,1891,2944,772,357,3366,649,2009/07/30
3,2009/08/05,2227,8204,5307,221,1073741824,12807,1003,1838,2725,1618,1800,2959,1436,2009/08/09
3,2009/08/13,2564,136,2200,225,1073741824,13660,737,1568,2492,456,177,2862,375,2009/08/13
3,2009/08/21,2841,200,4032,239,1073741824,12632,585,1515,2725,399,164,3073,303,2009/08/27
3,2009/08/29,3188,200,103,243,1073741824,-5267,741,1728,3020,551,201,3236,410,2009/08/31
3,2009/09/06,3239,1034,5318,253,1073741824,11765,979,1841,2893,379,241,3257,429,2009/09/10
3,2009/09/14,3727,136,3199,264,1073741824,11980,988,1846,2606,650,324,2873,632,2009/09/21
3,2009/09/22,3878,136,1099,266,1073741824,12086,1160,2047,2763,698,346,2945,669,2009/09/23
3,2009/09/30,4398,200,2399,277,1073741824,-5700,1656,2580,3361,855,441,3114,906,2009/10/04
3,2009/10/08,4590,72,1296,284,1073741824,-6057,1489,2307,3112,840,449,3023,874,2009/10/11
3,2009/10/16,4657,200,2210,289,1073741824,11433,1303,2037,2592,876,489,2437,930,2009/10/16
3,2009/10/24,4994,200,1098,298,1073741824,11572,1787,2461,2879,949,516,2527,1092,2009/10/25
3,2009/11/01,5311,72,89,307,1073741824,-4728,1266,2084,2393,862,508,2257,1041,2009/11/03
3,2009/11/09,5731,200,3356,318,1073741824,-6216,827,1659,2115,1015,632,2227,1193,2009/11/14
3,2009/11/17,5749,136,84,323,1073741824,-4024,1655,2390,2447,1029,624,2132,1276,2009/11/19
3,2009/11/25,5837,202,5318,333,1073741824,11018,1716,2317,2256,716,543,1864,1035,2009/11/29
3,2009/12/03,6058,72,85,339,1073741824,-6510,1997,2375,2666,1008,622,2081,1288,2009/12/05
3,2009/12/11,6400,138,4894,352,1073741824,-6055,2525,3078,2918,1293,814,2504,1613,2009/12/18
3,2009/12/19,6203,72,104,355,1073741824,-7338,2009,2439,2269,1007,653,1932,1249,2009/12/21
3,2009/12/27,6173,136,1099,362,1073741824,11570,1981,2449,2258,1052,671,1936,1322,2009/12/28
3,2010/01/01,6106,73,2209,4,1073741824,11676,1093,1987,3858,3829,3424,4467,3989,2010/01/04
3,2010/01/09,6045,136,1071,13,1073741824,11847,2023,2229,2252,907,553,1709,1180,2010/01/13
3,2010/01/17,5935,201,139,22,1073741824,-6242,1037,1525,2679,2350,1366,3417,2705,2010/01/22
3,2010/01/25,5737,72,1071,29,1073741824,12133,1996,2431,2133,1005,652,1852,1290,2010/01/29
3,2010/02/02,5490,1034,4013,34,1073741824,12033,1973,2361,2251,1732,1684,2113,1809,2010/02/03
3,2010/02/10,5316,202,1296,47,1073741824,-5457,1482,1776,1862,910,435,1548,1131,2010/02/16
3,2010/02/18,5368,74,3375,49,1073741824,-5226,2709,2979,2923,1280,831,2304,1628,2010/02/18
3,2010/02/26,4691,206,4727,57,1073741824,12100,1935,2335,2159,863,583,1842,1150,2010/02/26
3,2010/03/06,4469,202,2399,72,1073741824,-4965,2460,2719,2843,1420,859,2329,1713,2010/03/13
3,2010/03/14,4072,136,3199,75,1073741824,12421,1652,2103,2048,897,555,1793,1118,2010/03/16
3,2010/03/22,3762,136,2219,84,1073741824,12584,2081,2319,2378,972,590,1956,1199,2010/03/25
3,2010/03/30,3467,200,1101,93,1073741824,12628,2214,2541,2615,1154,687,2268,1376,2010/04/03
3,2010/04/07,3591,202,3384,97,1073741824,-4347,2474,2866,3095,1169,706,2681,1413,2010/04/07
3,2010/04/15,2889,200,1072,109,1073741824,13039,1607,2192,2557,902,519,2470,991,2010/04/19
3,2010/04/23,2774,200,2445,120,1073741824,-3958,1983,2632,3061,1050,595,3093,1137,2010/04/30
3,2010/05/01,2510,200,1324,127,1073741824,-3618,1911,2550,2896,1073,595,3056,1157,2010/05/07
3,2010/05/09,2167,202,2200,132,1073741824,13600,1712,2253,2519,952,562,2606,1064,2010/05/12
3,2010/05/17,1956,136,3190,139,1075576835,13450,1715,2222,-28672,933,541,2626,1050,2010/05/19
3,2010/05/25,2371,200,3384,145,1073741824,-2773,2075,2687,2927,1104,647,2991,1229,2010/05/25
3,2010/06/02,2069,8205,1287,159,1073741824,-2644,1861,2505,2985,1384,1067,2820,1449,2010/06/08
3,2010/06/10,1961,200,94,166,1073741824,-2291,1469,2065,2340,711,354,2046,767,2010/06/15
3,2010/06/18,2083,200,1287,175,1073741824,-2453,1959,2664,2863,1132,596,2445,1184,2010/06/24
3,2010/06/26,2302,200,3375,177,1075576835,-2105,2282,3037,-28672,1034,606,2845,1195,2010/06/26
3,2010/07/04,1802,200,3199,187,1073741824,14512,1669,2392,2696,705,410,2504,737,2010/07/06
3,2010/07/12,2443,1801,3384,193,1073741824,-2380,1018,1839,2673,2077,1975,2817,1906,2010/07/12
3,2010/07/20,2439,200,1314,207,1073741824,-3045,1195,2230,3238,687,298,3320,580,2010/07/26
3,2010/07/28,2271,200,2201,212,1073741824,14015,880,1851,2746,778,363,3321,653,2010/07/31
3,2010/08/05,2925,204,4223,218,1073741824,-3017,840,2123,3705,683,267,4081,526,2010/08/06
3,2010/08/13,2834,200,144,230,1073741824,-1563,767,1766,2968,545,219,3298,410,2010/08/18
3,2010/08/21,2608,204,4717,233,1073741824,12711,558,1506,2729,227,68,3138,116,2010/08/21
3,2010/08/29,3350,200,3393,241,1073741824,-4217,700,1867,3165,615,252,3834,428,2010/08/29
3,2010/09/06,3613,200,1296,255,1073741824,-5114,805,1964,3233,876,361,3880,657,2010/09/12
3,2010/09/14,3620,200,2219,260,1073741824,12344,710,1833,3057,497,184,3600,358,2010/09/17
3,2010/09/22,4138,8204,1279,271,1073741824,-5440,1065,1990,2939,766,460,3061,695,2010/09/28
3,2010/09/30,4333,72,105,278,1073741824,-2294,1348,2314,3059,744,353,3280,738,2010/10/05
3,2010/10/08,4666,200,4194,282,1073741824,-5587,1619,2620,3308,909,459,3345,916,2010/10/09
3,2010/10/16,5031,136,2400,296,1073741824,-6051,1493,2379,2833,957,511,2962,981,2010/10/23
3,2010/10/24,5087,200,1109,301,1073741824,11224,1880,2405,2768,981,540,2456,1178,2010/10/28
3,2010/11/01,5281,200,2219,308,1073741824,11305,1844,2395,2752,1035,630,2330,1286,2010/11/04
3,2010/11/09,5678,72,1278,319,1073741824,-6331,2196,2918,2893,1253,786,2530,1551,2010/11/15
3,2010/11/17,5815,72,94,326,1073741824,-7096,2030,2697,2604,1084,686,2268,1349,2010/11/22
3,2010/11/25,5928,136,1108,333,1073741824,11236,1955,2568,2609,1101,688,2257,1352,2010/11/29
3,2010/12/03,6098,138,95,342,1073741824,-7558,2165,2636,2881,1348,819,2426,1634,2010/12/08
3,2010/12/11,6420,137,5473,348,1073741824,-5986,967,1969,4592,5150,4511,5942,5289,2010/12/14
3,2010/12/19,6212,136,128,358,1073741824,-3345,2062,2441,2792,1121,696,2279,1413,2010/12/24
3,2010/12/27,6167,72,1071,365,1073741824,11811,2097,2501,2685,1029,635,2159,1310,2010/12/31
3,2011/01/01,6405,138,4915,6,1073741824,-5794,2899,3283,3597,1530,949,2869,1903,2011/01/06
3,2011/01/09,6139,72,154,9,1073741824,-4363,2121,2719,2589,1109,719,2235,1410,2011/01/09
3,2011/01/17,5840,72,2155,23,1073741824,11936,2014,2538,2444,1024,659,2029,1318,2011/01/23
3,2011/01/25,6004,138,4233,29,1073741824,-5494,2548,3025,3283,1422,856,2657,1767,2011/01/29
3,2011/02/02,5714,138,1332,34,1073741824,-5677,2223,2690,2542,1210,731,2144,1502,2011/02/03
3,2011/02/10,5464,201,137,41,1073741824,-3666,1985,2587,2669,1703,1048,2464,1901,2011/02/10
3,2011/02/18,5280,201,3394,52,1073741824,-5105,2388,2924,2756,1352,743,2332,1591,2011/02/21
3,2011/02/26,4593,136,3190,62,1073741824,12309,1288,1659,1871,677,439,1517,861,2011/03/03
3,2011/03/06,4649,136,1306,66,1073741824,-4865,2281,2572,2683,1130,719,2134,1434,2011/03/07
3,2011/03/14,4367,74,2418,75,1073741824,-4888,2710,2939,3059,1263,800,2426,1585,2011/03/16
3,2011/03/22,4030,138,1315,82,1073741824,-4760,2390,2694,2838,1275,767,2443,1500,2011/03/23
3,2011/03/30,3694,136,140,89,1075576832,-2683,2190,2484,2999,993,588,2175,1247,2011/03/30
3,2011/04/07,3422,138,1332,98,1073741824,-4645,2149,2628,2700,1179,705,2474,1370,2011/04/08
3,2011/04/15,3102,202,136,105,1073741824,-1904,2146,2531,2832,1291,745,2527,1489,2011/04/15
3,2011/04/23,2877,200,1306,114,1073741824,-4044,1940,2595,2851,996,565,2845,1068,2011/04/24
3,2011/05/01,2595,200,121,121,1073741824,-1117,1666,2275,2618,918,487,2675,995,2011/05/01
3,2011/05/09,2583,200,3374,132,1073741824,-3280,1779,2347,2963,1013,559,2905,1072,2011/05/12
3,2011/05/17,2223,200,120,137,1073741824,-591,1908,2370,2778,967,560,2625,1098,2011/05/17
3,2011/05/25,1863,200,2191,151,1073741824,14180,1835,2231,2610,951,514,2423,1040,2011/05/31
3,2011/06/02,2016,136,131,153,1073741824,-2393,2057,2476,2803,993,543,2568,1125,2011/06/02
3,2011/06/10,2273,136,3421,164,1073741824,-2301,2272,2890,3291,1175,688,2861,1417,2011/06/13
3,2011/06/18,2178,200,2455,171,1073741824,-2401,2580,3440,3458,1661,907,3162,1823,2011/06/20
3,2011/06/26,2326,200,3403,180,1073741824,-2077,2059,2724,2981,1009,543,2678,1042,2011/06/29
3,2011/07/04,1836,200,3180,190,1073741824,14450,1520,2196,2423,678,360,2372,652,2011/07/09
3,2011/07/12,2719,202,4905,198,1073741824,-2152,1370,2389,3239,688,267,3319,546,2011/07/17
3,2011/07/20,2074,1033,3199,206,1073741824,14099,849,1897,2768,675,315,3290,571,2011/07/25
3,2011/07/28,2714,1033,3374,212,1075576835,-2805,1482,2546,-28672,2955,2850,4295,2722,2011/07/31
3,2011/08/05,2978,1034,4203,221,1073741824,-3065,743,2018,3530,1018,1031,4045,651,2011/08/09
3,2011/08/13,2812,200,1296,226,1073741824,-3679,829,1994,3388,1271,531,4180,871,2011/08/14
3,2011/08/29,3865,8202,5962,248,1073741824,-3951,1047,2342,3873,471,86,4266,295,2011/09/05
3,2011/09/06,3359,201,126,249,1073741824,-3303,1289,2170,3154,829,395,3496,762,2011/09/06
3,2011/09/14,4302,200,5974,264,1073741824,-4636,1107,2364,3934,785,315,4337,578,2011/09/21
3,2011/09/22,3879,136,177,265,1073741824,-3476,845,1852,3115,595,238,3243,476,2011/09/22
3,2011/09/30,4407,136,3393,276,1073741824,-5546,1443,2405,3484,989,552,3308,984,2011/10/03
3,2011/10/08,4638,136,1099,288,1073741824,11704,1184,1948,2563,726,370,2643,721,2011/10/15
3,2011/10/16,4782,72,1287,290,1073741824,-5957,1464,2261,2838,862,456,2888,909,2011/10/17
3,2011/10/24,5438,201,5473,303,1073741824,-5881,1995,2888,3001,907,365,2731,1017,2011/10/30
3,2011/11/01,5303,202,1296,306,1073741824,-6244,1663,2324,2885,971,558,2452,1028,2011/11/02
3,2011/11/09,5602,136,2427,315,1073741824,-6289,1646,2292,2462,986,561,2196,1135,2011/11/11
3,2011/11/17,5874,136,3431,324,1073741824,-6280,1181,1772,2273,792,478,1918,905,2011/11/20
3,2011/11/25,5876,200,172,329,1073741824,-5006,1680,2145,2512,1034,583,2096,1153,2011/11/25
3,2011/12/03,6425,201,5951,344,1073741824,-5988,1470,2085,3535,1959,1150,3211,2109,2011/12/10
3,2011/12/11,6131,136,94,345,1073741824,-6991,977,1593,1970,912,518,1951,1029,2011/12/11
3,2011/12/19,6326,138,3356,356,1073741824,-6096,1930,2566,2695,1170,704,2287,1336,2011/12/22
3,2011/12/27,6151,136,1137,3,1073741824,11476,1921,2270,2748,921,543,1990,1136,2011/01/03